id_venta,fecha,mes,anio,id_cliente,nombre_cliente,zona_cliente,segmento_cliente,id_vendedor,nombre_vendedor,zona_vendedor,id_producto,nombre_producto,categoria,precio_unitario,cantidad,descuento,monto_total,stock_minimo
VTA0076487,2022-11-15,11,2022,C03611,María Elena Blanco,Oeste,Premium,V027,Claudio Andrés Gómez Sosa,Sur,P0033,Sony WH-1000XM5,audio ,6587.61,5.0,0.06,30961.77,25
VTA0076488,2022-11-19,11,2022,C00657,  Adalberto Alonso Monroy Zedillo  ,Oeste,Regular,V038,Violeta Itzel Benavídez,Oeste,P0124,Sensor Movimiento Aqara,Hogar Inteligente,7420.65,5.0,0.05,35248.09,35
VTA0076489,2022-11-07,11,2022,C03706,Lic. Miriam Trujillo,Sur,ocasional,V034,Rufino Rivera,Sur,P0028,Dell Inspiron 15,Laptops,25598.75,5.0,0.16,107514.75,37
VTA0076490,2022-11-23,11,2022,C02028,Lilia Estela Marroquín,Oeste,Ocasional,V022,Bernardo Lemus Caballero,Oeste,P0085,Monitor LG 27GP950,Gaming,17849.01,4.0,0.07,66398.32,43
VTA0076491,2022-11-20,11,2022,C03846,Israel Enrique Herrera,Este,REGULAR,V010,Sra. Guadalupe Llamas,Este,P0102,GoPro Hero 12,Fotografía,28252.25,5.0,0.1,127135.12,45
VTA0076492,27/11/2022,11,2022,C03913,  Manuel Fidel Figueroa  ,Norte,Premium,V009,Amanda María José Bravo,Norte,P0101,DJI Mavic 3 Pro,Fotografía,13080.72,,0.1,11772.65,27
VTA0076493,2022-11-17,11,2022,C03247,Dr. Ramón Quesada,Este,Premium,V018,Lic. Gilberto Castellanos,Sur,P0106,Mochila Lowepro Pro,Fotografía,16279.84,5.0,0.08,74887.26,40
VTA0076494,2022-11-13,11,2022,C03687,  Abel Mauricio Mora  ,Norte,ocasional,V046,Hermelinda Josefina Rodarte Bahena,Norte,P0033,Sony WH-1000XM5,Audio,7084.33,2.0,0.02,13885.29,25
VTA0076495,2022-11-27,11,2022,C01612,Sr. Zeferino Ramón,Este,Ocasional,V005,Aldo Adán Rodrígez Galarza,Este,P0119,Enchufe Inteligente TP,Hogar Inteligente,4347.31,3.0,0.02,12781.09,27
VTA0076496,2022-11-22,11,2022,C00416,  Yeni Zúñiga Balderas  ,Este,Ocasional,V011,Clara Loera,Este,P0021,ASUS ROG Zephyrus,Laptops,13134.74,3.0,0.05,37434.01,36
VTA0076497,2022-11-22,11,2022,C02164,José Manuél Roque Farías,Este,Regular,V032,Nelly Barela Cardenas,Este,P0046,JBL Flip 6,hogar inteligente,2252.9,1.0,0.1,2027.61,40
VTA0076498,2022-11-24,11,2022,C02933,  Pascual Villanueva Marín  ,Centro,Ocasional,V028,Sofía Delia Gurule Cantú,Centro,P0099,Nikon Z6 III,Fotografía,27477.32,5.0,0.08,126395.67,21
VTA0076499,2022-11-28,11,2022,C02121,  Rubén Fidel Medina  ,Sur,Premium,V019,Jacinto Rodrigo Salazar Rolón,Sur,P0042,Audio Technica ATH,Audio,6278.31,1.0,0.17,-5211.0,31
VTA0076500,2022-11-23,11,2022,C04449,Aida Morales Zedillo,Centro,Premium,V033,Jaime Gamez Maldonado,Centro,P0075,Samsung Galaxy Tab A9,Tablets,19310.15,1.0,0.03,18730.85,35
VTA0076501,2022-11-25,11,2022,C03066,  Alvaro Gallegos  ,Norte,Premium,V042,  Srita. Sandra Escamilla  ,Norte,P0111,Monitor Portátil 4K,Fotografía,6089.44,4.0,0.04,23383.45,41
VTA0076502,2022-11-13,11,2022,C04992,Tania Margarita Collazo Alvarez,Sur,Regular,V018,Lic. Gilberto Castellanos,Sur,P0109,Filtro ND Variable,Fotografía,3612.92,4.0,0.02,14162.65,30
VTA0076503,2022-11-26,11,2022,C01293,Lic. Violeta Zarate,Este,Ocasional,V032,Nelly Barela Cardenas,Este,P0008,OPPO Find X7,Celulares,20668.37,2.0,0.03,40096.64,26
VTA0076504,2022-11-07,11,2022,C03003,Jaqueline Benavídez,Sur,Premium,V024,Bernabé Guerra,Sur,P0074,iPad Mini 6,Tablets,17884.42,5.0,0.02,87633.66,31
VTA0076505,2022-11-10,11,2022,C02450,Joaquín Modesto Benavides,Este,Ocasional,V049,Ing. María Teresa Bétancourt,Este,P0008,OPPO Find X7,Celulares,21657.53,1.0,0.09,19708.35,26
VTA0076506,2022-11-06,11,2022,C02535,Oswaldo Carreón Valentín,Sur,Premium,V008,Irene Franco,Sur,P0011,iPhone 14,Celulares,10470.08,2.0,0.17,17380.33,43
VTA0076507,2022-11-05,11,2022,C04066,,Norte,Premium,V016,Octavio Mario Rincón Marín,Norte,P0010,Huawei Pura 70,hogar inteligente,9801.24,5.0,0.06,46065.83,27
VTA0076508,04/11/2022,11,2022,C04210,Ariadna Caraballo,Este,Premium,V032,Nelly Barela Cardenas,Este,P0025,Razer Blade 15,Laptops,31349.7,1.0,0.07,29155.22,44
VTA0076509,2022-11-22,11,2022,C00685,  Aldo Abelardo Gamez  ,Sur,Ocasional,V019,Jacinto Rodrigo Salazar Rolón,Sur,P0063,Pad Mouse XL Gaming,Accesorios,1774.77,1.0,0.03,1721.53,42
VTA0076510,14/11/2022,11,2022,C03779,Ing. Raúl Samaniego,Este,Ocasional,V049,Ing. María Teresa Bétancourt,Este,P0050,Cable USB-C 2m,Accesorios,1608.42,4.0,0.1,5790.31,32
VTA0076511,2022-11-11,11,2022,C03893,Lic. Mitzy Muro,Centro,Ocasional,V003,Jacinto Rivero Valladares,Centro,P0010,Huawei Pura 70,audio ,10161.29,1.0,0.02,9958.06,27
VTA0076512,2022-11-18,11,2022,C00489,Roberto Roberto Peña,Oeste,Regular,V038,Violeta Itzel Benavídez,Oeste,P0003,Xiaomi 14 Pro,Celulares,23865.5,1.0,0.11,21240.3,36
VTA0076513,2022-11-30,11,2022,C01317,  Ing. Rubén Olivera  ,Centro,Premium,V024,Bernabé Guerra,Sur,P0031,Acer Aspire 7,Laptops,8612.19,4.0,0.12,30314.91,38
VTA0076514,03/11/2022,11,2022,C01214,Noelia Marisela Lira,Norte,premiun,V042,  Srita. Sandra Escamilla  ,Norte,P0058,Mochila Techpack 30L,Accesorios,772.6,3.0,0.13,2016.49,23
VTA0076515,2022-11-28,11,2022,C01856,Tomás Federico Tafoya,Este,Premium,V011,Clara Loera,Este,P0025,Razer Blade 15,Laptops,28142.96,4.0,0.15,95686.06,44
VTA0076516,26/11/2022,11,2022,C00373,Felix Renato Garza Meza,Oeste,Regular,V047,  Estela Bianca Melgar Arias  ,Oeste,P0094,RAM Corsair 32GB,Gaming,17080.07,5.0,0.03,82838.34,26
VTA0076517,2022-11-10,11,2022,C03981,Francisca Lorena Barajas Padrón,Centro,Ocasional,V041,Srita. Nadia Casas,Centro,P0098,Sony Alpha 7 IV,Fotografía,18878.71,3.0,0.15,48140.71,34
VTA0076518,2022-11-23,11,2022,C04433,Isabela Laureano Tovar,Norte,Premium,V045,Marisela Vanesa Chapa Aranda,Norte,P0072,Huawei MatePad Pro,Tablets,19063.91,2.0,0.17,31646.09,43
VTA0076519,2022-11-08,11,2022,C00799,Andrea Esther Otero,Este,Regular,V032,Nelly Barela Cardenas,Este,P0068,Lenovo Tab P12,Tablets,14275.82,2.0,0.15,24268.89,21
VTA0076520,2022-11-17,11,2022,C02837,  Leticia Nayeli Caraballo  ,Centro,Regular,V044,Julia Esther Solorio,Centro,P0002,Samsung Galaxy S24,Celulares,7261.78,5.0,0.06,34130.37,19
VTA0076521,2022-11-03,11,2022,C02948,Ing. Yuridia Hernández,Centro,Ocasional,V028,Sofía Delia Gurule Cantú,Centro,P0070,Amazon Fire HD 10,Tablets,18584.74,2.0,0.09,33824.23,33
VTA0076522,2022-11-02,11,2022,C04689,Srita. Inés Rosario,Centro,Regular,V041,Srita. Nadia Casas,Centro,P0020,Lenovo ThinkPad X1,Laptops,25151.75,1.0,0.07,23391.13,42
VTA0076523,2022-11-14,11,2022,C01032,Amador Lebrón,Oeste,Regular,V049,Ing. María Teresa Bétancourt,Este,P0075,Samsung Galaxy Tab A9,Tablets,19602.68,1.0,0.15,16662.28,35
VTA0076524,2022-11-04,11,2022,C04926,Sra. Leticia Cervántez,Oeste,Ocasional,V038,Violeta Itzel Benavídez,Oeste,P0127,Router WiFi 6 Mesh,Hogar Inteligente,5025.06,2.0,0.12,8844.11,44
VTA0076525,2022-11-24,11,2022,C03928,Hermelinda Guillermina Esquivel,Sur,Ocasional,V019,Jacinto Rodrigo Salazar Rolón,Sur,P0008,OPPO Find X7,Celulares,23265.19,5.0,0.15,98877.06,26
VTA0076526,2022-11-15,11,2022,C04176,Esperanza Valdés Meraz,Centro,Ocasional,V028,Sofía Delia Gurule Cantú,Centro,P0099,Nikon Z6 III,Fotografía,26047.89,3.0,0.05,74236.49,21
VTA0076527,2022-11-05,11,2022,C02003,Catalina Jaqueline Esparza Anaya,Sur,Regular,V027,Claudio Andrés Gómez Sosa,Sur,P0059,Audífonos USB-C,Accesorios,1535.56,1.0,0.02,1504.85,43
VTA0076528,2022-11-03,11,2022,C02421,María Luisa Feliciano Carranza,Sur,Ocasional,V036,  Dr. Ignacio Aparicio  ,Sur,P0022,Acer Swift 5,Laptops,35042.08,2.0,0.02,68682.48,41
VTA0076529,2022-11-23,11,2022,C00724,Flavio Mauricio Cervantes,Norte,premiun,V042,  Srita. Sandra Escamilla  ,Norte,P0049,Cargador MagSafe 30W,Accesorios,945.11,2.0,0.01,1871.32,37
VTA0076530,2022-11-05,11,2022,C00113,María Elena Ocampo,Sur,Premium,V036,  Dr. Ignacio Aparicio  ,Sur,P0097,Canon EOS R6 Mark II,Fotografía,31420.59,3.0,0.08,86720.83,38
VTA0076531,2022-11-29,11,2022,C04929,Esmeralda Cedillo,Oeste,Premium,V031,  Bernabé César Salazar  ,Centro,P0063,Pad Mouse XL Gaming,Accesorios,2041.12,3.0,0.1,5511.02,42
VTA0076532,2022-11-27,11,2022,C04415,Anel Maldonado Villalpando,Oeste,premiun,V007,Conchita Leticia Gastélum Corral,Oeste,P0084,Steam Deck 512GB,Gaming,13203.43,2.0,0.13,22973.97,26
VTA0076533,26/11/2022,11,2022,C03419,Nelly Patricia Cortez,Oeste,Ocasional,V035,Estela Haro,Oeste,P0001,iPhone 15 Pro,Celulares,22183.68,2.0,0.02,43480.01,37
VTA0076534,2022-11-13,11,2022,C01763,Srita. Amelia Núñez,Centro,ocasional,V003,Jacinto Rivero Valladares,Centro,P0014,Motorola G84,Celulares,5734.41,3.0,0.02,16859.17,20
VTA0076535,2022-11-05,11,2022,C00573,José Eduardo Cristian Jaramillo Almaraz,Sur,Premium,V009,Amanda María José Bravo,Norte,P0043,Sony WF-1000XM5,Audio,4003.27,3.0,0.04,11529.42,25
VTA0076536,2022-11-11,11,2022,C02894,Lilia Olivia Tafoya Calderón,Sur,ocasional,V034,Rufino Rivera,Sur,P0056,Webcam Logitech C920,Accesorios,2012.71,3.0,0.09,5494.7,43
VTA0076537,2022-11-04,11,2022,C03048,Mariana Ornelas,Oeste,Premium,V014,Ofelia Miriam Negrón,Oeste,P0009,Sony Xperia 1 VI,Celulares,22659.3,5.0,0.13,98567.96,24
VTA0076538,2022-11-18,11,2022,C00347,Lic. Luisa Marín,Norte,Ocasional,V045,Marisela Vanesa Chapa Aranda,Norte,P0072,Huawei MatePad Pro,Tablets,17194.05,1.0,0.14,14786.88,43
VTA0076539,2022-11-18,11,2022,C03874,Srita. Bianca Arce,Oeste,Ocasional,V039,Sr. Modesto Guillen,Oeste,P0107,Tarjeta SD SanDisk 256,Fotografía,10173.61,3.0,0.04,29300.0,27
VTA0076540,2022-11-13,11,2022,C03040,Cornelio Jaime Barreto Patiño,Este,Ocasional,V010,Sra. Guadalupe Llamas,Este,P0086,Silla Gamer DXRacer,Gaming,23402.63,3.0,0.09,-63889.18,26
VTA0076541,2022-11-07,11,2022,C04275,Paulina Carlota Díaz Orellana,Oeste,Ocasional,V026,Ing. Elias Valdivia,Oeste,P0023,Microsoft Surface Pro 9,Laptops,31111.96,3.0,0.12,-82135.57,27
VTA0076542,2022-11-14,11,2022,C01182,Srita. Victoria Zelaya,Centro,REGULAR,V003,Jacinto Rivero Valladares,Centro,P0015,Nokia G42,Celulares,21459.73,3.0,0.08,-59228.85,26
VTA0076543,2022-11-03,11,2022,C02773,Lic. Paulina Arellano,Norte,Regular,V045,Marisela Vanesa Chapa Aranda,Norte,P0075,Samsung Galaxy Tab A9,Tablets,16671.92,1.0,0.04,16005.04,35
VTA0076544,24/11/2022,11,2022,C04185,Teodoro Miguel Ángel Zamora Treviño,Sur,Regular,V021,  Cristal Valdés Maya  ,Sur,P0120,Timbre Ring Video Pro,Hogar Inteligente,8061.5,3.0,0.02,23700.81,21
VTA0076545,23/11/2022,11,2022,C04351,  Ofelia Lovato Anguiano  ,Sur,Premium,V045,Marisela Vanesa Chapa Aranda,Norte,P0067,iPad Air M1,Tablets,16438.23,4.0,0.17,54574.92,39
VTA0076546,2022-11-27,11,2022,C00400,Emiliano Omar Orellana Rivera,Oeste,Premium,V046,Hermelinda Josefina Rodarte Bahena,Norte,P0097,Canon EOS R6 Mark II,Fotografía,28801.71,,0.17,95621.68,38
VTA0076547,2022-11-26,11,2022,C04731,  Adela Serrato  ,Centro,Premium,V003,Jacinto Rivero Valladares,Centro,P0025,Razer Blade 15,Laptops,26145.91,3.0,0.15,66672.07,44
VTA0076548,2022-11-22,11,2022,C01187,Dr. Jacinto Jaramillo,Este,Ocasional,V049,Ing. María Teresa Bétancourt,Este,P0103,Lente Canon RF 50mm, Accesorios,15309.82,1.0,0.12,13472.64,31
VTA0076549,2022-11-18,11,2022,C00757,Natalia Mayte Guevara Ponce,Oeste,Regular,V039,Sr. Modesto Guillen,Oeste,P0078,Chuwi HiPad X,Tablets,11939.21,1.0,0.18,9790.15,20
VTA0076550,2022-11-29,11,2022,C01152,Luisa Alicia Cardona Matías,Norte,Ocasional,V011,Clara Loera,Este,P0067,iPad Air M1,Tablets,16587.48,1.0,0.08,15260.48,39
VTA0076551,2022-11-30,11,2022,C00521,Olivia Cecilia Díaz Macías,Oeste,Premium,V039,Sr. Modesto Guillen,Oeste,P0034,AirPods Pro 2,Audio,1326.45,5.0,0.03,6433.28,27
VTA0076552,2022-11-19,11,2022,C03383,Estela de la Torre Fuentes,Sur,Premium,V021,  Cristal Valdés Maya  ,Sur,P0106,Mochila Lowepro Pro,Fotografía,17461.08,2.0,0.15,29683.84,40
VTA0076553,2022-11-17,11,2022,C04811,Armando Eugenio Arreola,Sur,Regular,V019,Jacinto Rodrigo Salazar Rolón,Sur,P0023,Microsoft Surface Pro 9,celulares,34798.06,3.0,0.15,-88735.05,27
VTA0076554,2022-11-19,11,2022,C03122,Karina Oquendo,Este,Premium,V005,Aldo Adán Rodrígez Galarza,Este,P0028,Dell Inspiron 15,Laptops,27649.19,3.0,0.19,67187.53,37
VTA0076555,20/11/2022,11,2022,C03738,Hernán Abelardo Cornejo,Este,Ocasional,V011,Clara Loera,Este,P0073,Microsoft Surface Go 3,Tablets,11918.96,1.0,0.04,11442.2,22
VTA0076556,2022-11-07,11,2022,C03540,Sra. Estela Báez,Centro,Ocacional,V033,Jaime Gamez Maldonado,Centro,P0116,Foco Philips Hue,tablets,3862.49,3.0,0.11,10312.85,44
VTA0076557,2022-11-24,11,2022,C00276,Lic. Minerva Orozco,Sur,Ocasional,V019,Jacinto Rodrigo Salazar Rolón,Sur,P0098,Sony Alpha 7 IV,Fotografía,18349.02,2.0,0.03,35597.1,34
VTA0076558,2022-11-07,11,2022,C00742,Juana Quesada,Sur,Regular,V019,Jacinto Rodrigo Salazar Rolón,Sur,P0074,iPad Mini 6,LAPTOPS,18775.7,3.0,0.2,-45061.68,31
VTA0076559,2022-11-30,11,2022,C00639,Sonia Yuridia Heredia Jaimes,Oeste,Regular,V026,Ing. Elias Valdivia,Oeste,P0126,Proyector BenQ 4K, Accesorios,7911.23,1.0,0.05,7515.67,35
VTA0076560,2022-11-20,11,2022,C02005,,Centro,Premium,V023,Fidel Negrete Domínguez,Sur,P0009,Sony Xperia 1 VI,Celulares,22835.22,4.0,0.12,80379.97,24
VTA0076561,2022-11-23,11,2022,C03775,  Aurora Araceli Roque Ávalos  ,Centro,Premium,V048,Ivonne Véliz,Centro,P0070,Amazon Fire HD 10,Tablets,16137.8,1.0,0.19,13071.62,33
VTA0076562,28/11/2022,11,2022,C02627,Lucas Pelayo Hinojosa,Centro,premiun,V028,Sofía Delia Gurule Cantú,Centro,P0081,PlayStation 5,Gaming,10076.75,1.0,0.13,8766.77,46
VTA0076563,2022-11-07,11,2022,C02695,Mariana Almonte,Norte,Regular,V004,Aurora Zelaya,Norte,P0090,Control Xbox Elite 2,Gaming,29252.57,3.0,0.11,78104.36,40
VTA0076564,2022-11-06,11,2022,C04060,Camila León,Este,Premium,V049,Ing. María Teresa Bétancourt,Este,P0043,Sony WF-1000XM5,Audio,4686.09,2.0,0.09,8528.68,25
VTA0076565,2022-11-26,11,2022,C04765,Mario Vergara,Oeste,Premiun,V030,Gustavo Camilo Ochoa Gamboa,Oeste,P0092,Micrófono Blue Yeti,Gaming,13114.1,5.0,0.12,57702.04,47
VTA0076566,2022-11-26,11,2022,C01770,Cristal Eloisa Alvarado,Oeste,Premium,V030,Gustavo Camilo Ochoa Gamboa,Oeste,P0118,Termostato Nest 3,Hogar Inteligente,1528.1,1.0,0.14,1314.17,30
VTA0076567,2022-11-29,11,2022,C04406,Josefina Araceli Márquez,Oeste,Regular,V038,Violeta Itzel Benavídez,Oeste,P0019,HP Spectre x360,Laptops,36905.77,2.0,0.13,64216.04,26
VTA0076568,21/11/2022,11,2022,C04432,Elsa Burgos Zambrano,Sur,Premiun,V046,Hermelinda Josefina Rodarte Bahena,Norte,P0037,JBL Charge 5,Audio,6969.43,4.0,0.18,22859.73,21
VTA0076569,2022-11-18,11,2022,C03181,Sr. Jerónimo Bermúdez,Este,Regular,V049,Ing. María Teresa Bétancourt,Este,P0112,Estabilizador DJI OM6,Fotografía,14176.74,4.0,0.0,-56706.96,33
VTA0076570,2022-11-20,11,2022,C03696,Ing. Margarita Ulloa,Este,Regular,V046,Hermelinda Josefina Rodarte Bahena,Norte,P0075,Samsung Galaxy Tab A9,Tablets,17565.6,4.0,0.11,62533.54,35
VTA0076571,2022-11-06,11,2022,C04303,Eugenio de la Crúz,Oeste,Regular,V040,Karla Silvia Mireles Patiño,Oeste,P0107,Tarjeta SD SanDisk 256,Fotografía,11654.61,2.0,0.2,18647.38,27
VTA0076572,2022-11-14,11,2022,C04622,Lorena Pichardo,Norte,Ocasional,V046,Hermelinda Josefina Rodarte Bahena,Norte,P0053,Hub USB-C 7en1,Accesorios,407.17,2.0,0.14,700.33,20
VTA0076573,07/11/2022,11,2022,C02635,Victoria Pabón Tello,Oeste,Ocasional,V038,Violeta Itzel Benavídez,Oeste,P0109,Filtro ND Variable,Fotografía,3149.45,5.0,0.07,14644.94,30
VTA0076574,2022-11-12,11,2022,C01075,María Eugenia Mena Solorio,Sur,Premium,V023,Fidel Negrete Domínguez,Sur,P0099,Nikon Z6 III,Fotografía,26863.72,2.0,0.19,43519.23,21
VTA0076575,2022-11-04,11,2022,C03313,Sr. Guillermo Verduzco,Este,Regular,V047,  Estela Bianca Melgar Arias  ,Oeste,P0105,Tripié Joby GorillaPod,Fotografía,9033.21,2.0,0.18,14814.46,41
VTA0076576,2022-11-26,11,2022,C02143,Ing. Clara Mares,Oeste,ocasional,V035,Estela Haro,Oeste,P0105,Tripié Joby GorillaPod,fotografia,9745.95,4.0,0.05,37034.61,41
VTA0076577,2022-11-11,11,2022,C04586,Omar René Blanco,Sur,Regular,V027,Claudio Andrés Gómez Sosa,Sur,P0099,Nikon Z6 III,Fotografía,30839.12,2.0,0.16,-51809.72,21
VTA0076578,2022-11-10,11,2022,C03963,Lic. Sergio Collazo,Norte,ocasional,V004,Aurora Zelaya,Norte,P0008,OPPO Find X7,Celulares,22079.8,2.0,0.15,37535.66,26
VTA0076579,2022-11-11,11,2022,C02016,Guadalupe Niño Peña,Norte,Regular,V004,Aurora Zelaya,Norte,P0124,Sensor Movimiento Aqara, Accesorios,7424.48,2.0,0.14,12770.11,35
VTA0076580,2022-11-23,11,2022,C03529,Lic. Lucas Naranjo,Oeste,Regular,V001,Fernando Casares Jimínez,Oeste,P0106,Mochila Lowepro Pro,Fotografía,17771.52,4.0,0.13,61844.89,40
VTA0076581,2022-11-23,11,2022,C03964,Patricia María del Carmen Aguilera,Este,Premium,V032,Nelly Barela Cardenas,Este,P0068,Lenovo Tab P12,hogar inteligente,15678.91,2.0,0.12,27594.88,21
VTA0076582,2022-11-09,11,2022,C02153,  Bernabé Gutiérrez  ,Este,Ocasional,V049,Ing. María Teresa Bétancourt,Este,P0111,Monitor Portátil 4K,Fotografía,6540.5,3.0,0.04,18836.64,41
VTA0076583,30/11/2022,11,2022,C03751,Srita. Liliana Patiño,Norte,Premium,V046,Hermelinda Josefina Rodarte Bahena,Norte,P0118,Termostato Nest 3,Hogar Inteligente,1490.69,1.0,0.17,1237.27,30
VTA0076584,2022-11-28,11,2022,C03282,Lic. Arturo Navarro,Oeste,Regular,V001,Fernando Casares Jimínez,Oeste,P0093,GPU RTX 4070 Ti,Gaming,30047.16,5.0,0.19,121691.0,29
VTA0076585,2022-11-06,11,2022,C01069,Sr. Pablo Muñoz,Sur,Premium,V019,Jacinto Rodrigo Salazar Rolón,Sur,P0096,Cooling Noctua NH-D15,Gaming,9606.61,5.0,0.19,38906.77,41
VTA0076586,2022-11-18,11,2022,C03344,José María Raúl Camarillo Duarte,Norte,Regular,V045,Marisela Vanesa Chapa Aranda,Norte,P0069,Xiaomi Pad 6 Pro,Tablets,5999.3,5.0,0.01,29696.54,37
VTA0076587,2022-11-12,11,2022,C01085,Benjamín Espino Marín,Centro,Ocasional,V028,Sofía Delia Gurule Cantú,Centro,P0064,Limpiador Pantallas Kit,Accesorios,1505.27,3.0,0.17,3748.12,44
VTA0076588,2022-11-25,11,2022,C03800,Ángel de la O,Norte,Premiun,V003,Jacinto Rivero Valladares,Centro,P0017,MacBook Pro M3,Laptops,12388.99,5.0,0.05,58847.7,43
VTA0076589,2022-11-08,11,2022,C04046,José Manuél Carranza,Este,Regular,V005,Aldo Adán Rodrígez Galarza,Este,P0085,Monitor LG 27GP950,Gaming,17739.47,5.0,0.15,75392.75,43
VTA0076590,2022-11-23,11,2022,C03790,Estefanía Ana Luisa Saavedra,Norte,Ocasional,V015,Joaquín Benavides Meza,Norte,P0028,Dell Inspiron 15,celulares,24683.07,3.0,0.2,59239.37,37
VTA0076591,2022-11-29,11,2022,C04575,Dr. Ignacio Valencia,Este,Ocasional,V011,Clara Loera,Este,P0078,Chuwi HiPad X,Tablets,13765.27,4.0,0.05,52308.03,20
VTA0076592,2022-11-13,11,2022,C01650,Indira Abril Bétancourt,Norte,Premium,V045,Marisela Vanesa Chapa Aranda,Norte,P0109,Filtro ND Variable,Fotografía,3427.88,2.0,0.08,6307.3,30
VTA0076593,2022-11-03,11,2022,C01622,Ing. Miguel Ángel Lerma,Este,Regular,V007,Conchita Leticia Gastélum Corral,Oeste,P0051,Funda iPhone 15 Pro,Accesorios,1171.75,,0.04,1124.88,40
VTA0076594,2022-11-28,11,2022,C04068,Ing. Mayte Aparicio,Este,Premium,V010,Sra. Guadalupe Llamas,Este,P0093,GPU RTX 4070 Ti,Gaming,29632.5,3.0,0.06,83563.65,29
VTA0076595,2022-11-01,11,2022,C01837,  Maximiliano Enrique Vela Ballesteros  ,Este,Premium,V010,Sra. Guadalupe Llamas,Este,P0093,GPU RTX 4070 Ti,Gaming,27465.21,3.0,0.06,77451.89,29
VTA0076596,2022-11-06,11,2022,C03154,Nelly Cecilia Bueno,Este,premiun,V005,Aldo Adán Rodrígez Galarza,Este,P0054,Mouse Logitech MX Master,gaming,1267.42,3.0,0.02,3726.21,25
VTA0076597,2022-11-22,11,2022,C03956,,Centro,Regular,V037,Victoria Caridad Concepción,Centro,P0016,Tecno Spark 20,Celulares,16050.45,1.0,0.14,13803.39,20
VTA0076598,2022-11-27,11,2022,C00189,Antonia Amaya Prado,Centro,Ocasional,V045,Marisela Vanesa Chapa Aranda,Norte,P0061,Batería Portátil 20000,Accesorios,1941.85,2.0,0.02,3806.03,32
VTA0076599,2022-11-10,11,2022,C01078,Miguel Ángel Lebrón,Centro,Ocasional,V013,Alvaro Gaona Ocasio,Sur,P0122,Aspiradora Dyson V15,Hogar Inteligente,2887.99,3.0,0.09,7884.21,28
VTA0076600,2022-11-09,11,2022,C04787,Luis Miguel Mateo Villaseñor Ríos,Norte,Regular,V016,Octavio Mario Rincón Marín,Norte,P0075,Samsung Galaxy Tab A9,Tablets,19326.89,3.0,0.01,57400.86,35
VTA0076601,2022-11-25,11,2022,C03120,Esmeralda Laboy Avilés,Sur,Ocasional,V013,Alvaro Gaona Ocasio,Sur,P0088,Teclado Razer Huntsman,Gaming,22601.01,4.0,0.1,81363.64,44
VTA0076602,2022-11-09,11,2022,C00850,Alejandro Salvador Villalpando Saldivar,Norte,Regular,V046,Hermelinda Josefina Rodarte Bahena,Norte,P0071,ASUS Zenpad 3S,Tablets,14144.67,4.0,0.12,49789.24,20
VTA0076603,2022-11-26,11,2022,C04706,Dra. Anabel Venegas,Oeste,Regular,V026,Ing. Elias Valdivia,Oeste,P0125,TV Samsung QLED 55,Hogar Inteligente,2669.22,4.0,0.05,10143.04,20
VTA0076604,2022-11-06,11,2022,C01717,Zeferino Angulo Quintanilla,Este,Ocasional,V010,Sra. Guadalupe Llamas,Este,P0054,Mouse Logitech MX Master,Accesorios,1197.5,5.0,0.08,5508.5,25
VTA0076605,2022-11-03,11,2022,C04754,Gustavo Homero Preciado Sotelo,Oeste,ocasional,V022,Bernardo Lemus Caballero,Oeste,P0080,Honor Pad 8,fotografia,8526.45,4.0,0.01,-33764.74,19
VTA0076606,30/11/2022,11,2022,C00535,Pablo Ramón Abrego,Norte,Premium,V004,Aurora Zelaya,Norte,P0023,Microsoft Surface Pro 9,Laptops,32929.49,1.0,0.01,32600.2,27
VTA0076607,2022-11-25,11,2022,C00629,María Elena Camacho,Norte,REGULAR,V046,Hermelinda Josefina Rodarte Bahena,Norte,P0037,JBL Charge 5,Audio,7074.96,4.0,0.06,26601.85,21
VTA0076608,01/11/2022,11,2022,C02236,Susana Francisca Zamudio Caballero,Oeste,Regular,V026,Ing. Elias Valdivia,Oeste,P0033,Sony WH-1000XM5,Audio,6948.82,4.0,0.17,23070.08,25
VTA0076609,2022-11-17,11,2022,C02230,Dr. Amador Domínguez,Este,ocasional,V032,Nelly Barela Cardenas,Este,P0037,JBL Charge 5,Audio,7129.71,2.0,0.06,13403.85,21
VTA0076610,2022-11-24,11,2022,C00646,Aurelio Luis Manuel Patiño,Norte,Premium,V030,Gustavo Camilo Ochoa Gamboa,Oeste,P0074,iPad Mini 6,Tablets,20766.03,5.0,0.0,103830.15,31
VTA0076611,2022-11-11,11,2022,C03817,Octavio Porras,Este,Premium,V032,Nelly Barela Cardenas,Este,P0048,Skullcandy Crusher,Audio,3685.45,1.0,0.11,-3280.05,44
VTA0076612,2022-11-22,11,2022,C03800,Ángel de la O,Norte,Premium,V040,Karla Silvia Mireles Patiño,Oeste,P0105,Tripié Joby GorillaPod, Accesorios,10896.9,4.0,0.15,37049.46,41
VTA0076613,2022-11-13,11,2022,C00455,Itzel Rodríguez,Norte,Ocacional,V016,Octavio Mario Rincón Marín,Norte,P0032,ASUS VivoBook 16,Laptops,9750.31,2.0,0.16,16380.52,38
VTA0076614,2022-11-17,11,2022,C01217,Amador Felipe Maya Burgos,Sur,Regular,V020,Dr. Arturo Angulo,Sur,P0098,Sony Alpha 7 IV,audio ,19490.78,2.0,0.14,33524.14,34
VTA0076615,04/11/2022,11,2022,C04499,David José Eduardo Villalobos Acevedo,Centro,Premium,V017,Abraham Apodaca Colunga,Centro,P0008,OPPO Find X7,LAPTOPS,20221.3,5.0,0.19,81896.26,26
VTA0076616,2022-11-22,11,2022,C00142,Aurora Mota Fajardo,Este,Premium,V049,Ing. María Teresa Bétancourt,Este,P0108,Batería Canon LP-E6,Fotografía,16087.01,4.0,0.14,55339.31,32
VTA0076617,2022-11-18,11,2022,C02043,Abelardo Carrasco,Sur,ocasional,V040,Karla Silvia Mireles Patiño,Oeste,P0115,Apple HomePod Mini,Hogar Inteligente,6957.11,4.0,0.1,25045.6,46
VTA0076618,2022-11-26,11,2022,C02595,Jorge Saiz,Este,Regular,V022,Bernardo Lemus Caballero,Oeste,P0009,Sony Xperia 1 VI,Celulares,24872.29,2.0,0.19,40293.11,24
VTA0076619,2022-11-17,11,2022,C02444,Daniel Cabán,Centro,ocasional,V033,Jaime Gamez Maldonado,Centro,P0118,Termostato Nest 3,Hogar Inteligente,1464.38,2.0,0.07,-2723.75,30
VTA0076620,2022-11-13,11,2022,C01211,Dulce Córdova Enríquez,Este,Regular,V010,Sra. Guadalupe Llamas,Este,P0018,Dell XPS 15,Laptops,36163.16,1.0,0.04,34716.63,40
VTA0076621,2022-11-09,11,2022,C03400,Zoé Barbara Bermúdez Arellano,Norte,Regular,V045,Marisela Vanesa Chapa Aranda,Norte,P0124,Sensor Movimiento Aqara,Hogar Inteligente,8125.06,2.0,0.08,14950.11,35
VTA0076622,02/11/2022,11,2022,C00371,Marcela Gil Rojo,Oeste,Regular,V014,Ofelia Miriam Negrón,Oeste,P0121,Roomba j7 Plus,Hogar Inteligente,6889.88,1.0,0.11,6131.99,38
VTA0076623,08/11/2022,11,2022,C03533,Guadalupe Mitzy Verduzco,Oeste,Ocasional,V027,Claudio Andrés Gómez Sosa,Sur,P0039,Sennheiser HD 450,Audio,1161.94,4.0,0.11,4136.51,24
VTA0076624,2022-11-09,11,2022,C01935,  Marisol Paola Valencia Padrón  ,Sur,Premium,V027,Claudio Andrés Gómez Sosa,Sur,P0122,Aspiradora Dyson V15,Hogar Inteligente,2754.32,3.0,0.14,7106.15,28
VTA0076625,2022-11-30,11,2022,C02710,Itzel Fonseca,Centro,Ocasional,V031,  Bernabé César Salazar  ,Centro,P0112,Estabilizador DJI OM6,Fotografía,14312.3,2.0,0.12,25189.65,33
VTA0076626,2022-11-23,11,2022,C02950,Dr. Leonel Molina,Centro,Premium,V033,Jaime Gamez Maldonado,Centro,P0117,Cámara Nest Doorbell,Hogar Inteligente,11800.47,4.0,0.14,40593.62,34
VTA0076627,2022-11-07,11,2022,C02802,Fabiola Cynthia Razo Loera,Centro,Premium,V003,Jacinto Rivero Valladares,Centro,P0128,Panel Solar Portátil,Hogar Inteligente,3556.04,3.0,0.18,8747.86,39
VTA0076628,2022-11-23,11,2022,C02015,Srita. Nadia Miramontes,Oeste,REGULAR,V009,Amanda María José Bravo,Norte,P0084,Steam Deck 512GB,Gaming,11249.1,1.0,0.01,11136.61,26
VTA0076629,2022-11-22,11,2022,C00239,Óscar Zeferino Botello,Sur,Ocasional,V036,  Dr. Ignacio Aparicio  ,Sur,P0045,Marshall Emberton III,Audio,7393.25,4.0,0.02,28981.54,22
VTA0076630,04/11/2022,11,2022,C01366,Srita. Aurora Toro,Este,Regular,V010,Sra. Guadalupe Llamas,Este,P0049,Cargador MagSafe 30W,Accesorios,1015.52,5.0,0.13,4417.51,37
VTA0076631,2022-11-23,11,2022,C01388,Yolanda Bonilla Patiño,Centro,Regular,V028,Sofía Delia Gurule Cantú,Centro,P0075,Samsung Galaxy Tab A9,Tablets,19691.37,2.0,0.02,38595.09,35
VTA0076632,2022-11-30,11,2022,C03779,Ing. Raúl Samaniego,Este,Ocasional,V049,Ing. María Teresa Bétancourt,Este,P0118,Termostato Nest 3,Hogar Inteligente,1600.42,3.0,0.1,4321.13,30
VTA0076633,2022-11-24,11,2022,C00805,Irene Esquivel,Oeste,Ocasional,V039,Sr. Modesto Guillen,Oeste,P0014,Motorola G84,Celulares,6090.92,3.0,0.09,16628.21,20
VTA0076634,2022-11-06,11,2022,C03369,Mónica Malave,Norte,Premium,V002,Nelly Marrero Ortiz,Norte,P0016,Tecno Spark 20,Celulares,13266.78,1.0,0.14,11409.43,20
VTA0076635,2022-11-16,11,2022,C02866,María Elena Angélica González,Sur,ocasional,V025,Manuel Gerónimo Armas,Sur,P0046,JBL Flip 6,Audio,2590.49,4.0,0.12,9118.52,40
VTA0076636,2022-11-25,11,2022,C03502,  Eugenio Jorge Luis Sotelo Benavides  ,Este,premiun,V010,Sra. Guadalupe Llamas,Este,P0028,Dell Inspiron 15,Laptops,28824.4,2.0,0.13,50154.46,37
VTA0076637,2022-11-24,11,2022,C01645,Dr. Jacobo Arenas,Este,Regular,V003,Jacinto Rivero Valladares,Centro,P0091,Capturadora Elgato 4K,Gaming,1400.77,3.0,0.02,4118.26,25
VTA0076638,2022-11-24,11,2022,C02145,Dra. Ariadna Padilla,Este,Premium,V032,Nelly Barela Cardenas,Este,P0037,JBL Charge 5,Audio,8059.96,1.0,0.05,7656.96,21
VTA0076639,2022-11-26,11,2022,C04929,Esmeralda Cedillo,Oeste,Premium,V047,  Estela Bianca Melgar Arias  ,Oeste,P0002,Samsung Galaxy S24,Celulares,8191.26,3.0,0.18,20150.5,19
VTA0076640,2022-11-19,11,2022,C02882,Andrea Georgina Marín Alva,Centro,Ocasional,V041,Srita. Nadia Casas,Centro,P0126,Proyector BenQ 4K,Hogar Inteligente,7314.17,1.0,0.1,6582.75,35
VTA0076641,2022-11-16,11,2022,C04521,Jonás Canales,Este,Regular,V005,Aldo Adán Rodrígez Galarza,Este,P0021,ASUS ROG Zephyrus,Laptops,13456.79,3.0,0.03,39159.26,36
VTA0076642,2022-11-13,11,2022,C01060,Lic. Felipe Puga,Centro,Premium,V037,Victoria Caridad Concepción,Centro,P0010,Huawei Pura 70,Celulares,9487.89,1.0,0.07,8823.74,27
VTA0076643,2022-11-21,11,2022,C03302,Sra. Delia Olmos,Norte,Ocasional,V042,  Srita. Sandra Escamilla  ,Norte,P0074,iPad Mini 6,Tablets,17333.72,1.0,0.09,15773.69,31
VTA0076644,2022-11-18,11,2022,C00498,Vanesa Jaramillo Olivera,Oeste,Regular,V030,Gustavo Camilo Ochoa Gamboa,Oeste,P0120,Timbre Ring Video Pro,Hogar Inteligente,7790.98,5.0,0.19,31553.47,21
VTA0076645,2022-11-09,11,2022,C04240,Leonor Norma Castro,Norte,Ocasional,V001,Fernando Casares Jimínez,Oeste,P0039,Sennheiser HD 450,fotografia,1069.13,,0.04,3079.09,24
VTA0076646,2022-11-23,11,2022,C02990,Amalia Adriana Lugo Casillas,Oeste,Premium,V023,Fidel Negrete Domínguez,Sur,P0051,Funda iPhone 15 Pro,Accesorios,1174.09,1.0,0.03,1138.87,40
VTA0076647,2022-11-07,11,2022,C01045,Ing. Héctor Aranda,Sur,Regular,V025,Manuel Gerónimo Armas,Sur,P0065,iPad Pro M2 12.9,Tablets,7856.1,2.0,0.16,13198.25,21
VTA0076648,2022-11-18,11,2022,C04360,  Ing. Leonor Naranjo  ,Norte,Ocasional,V045,Marisela Vanesa Chapa Aranda,Norte,P0128,Panel Solar Portátil,fotografia,3755.25,1.0,0.19,3041.75,39
VTA0076649,2022-11-30,11,2022,C02326,Esteban José Manuél Rico Anguiano,Este,Regular,V032,Nelly Barela Cardenas,Este,P0125,TV Samsung QLED 55,celulares,2384.75,,0.15,10135.19,20
VTA0076650,2022-11-29,11,2022,C01849,Nayeli Adriana Gallegos,Este,Regular,V044,Julia Esther Solorio,Centro,P0106,Mochila Lowepro Pro,Fotografía,17205.7,1.0,0.14,14796.9,40
VTA0076651,2022-11-25,11,2022,C04443,Dra. Ivonne Mora,Sur,Premium,V034,Rufino Rivera,Sur,P0106,Mochila Lowepro Pro,Fotografía,17930.09,1.0,0.13,15599.18,40
VTA0076652,17/11/2022,11,2022,C04800,Alejandro Arriaga,Centro,Regular,V048,Ivonne Véliz,Centro,P0034,AirPods Pro 2,Audio,1214.95,5.0,0.02,5953.26,27
VTA0076653,2022-11-10,11,2022,C01675,Gabriel Sauceda,Este,Premium,V032,Nelly Barela Cardenas,Este,P0082,Xbox Series X,hogar inteligente,11846.12,4.0,0.14,40750.65,30
VTA0076654,06/11/2022,11,2022,C03092,Karina Llamas,Centro,Ocasional,V044,Julia Esther Solorio,Centro,P0002,Samsung Galaxy S24,Celulares,7480.83,5.0,0.16,31419.49,19
VTA0076655,2022-11-30,11,2022,C00323,Elias José Arredondo,Oeste,Premiun,V001,Fernando Casares Jimínez,Oeste,P0114,Google Nest Hub 2,hogar inteligente,5435.39,2.0,0.2,-8696.62,45
VTA0076656,2022-11-05,11,2022,C02666,  Cornelio Samuel Razo  ,Centro,Ocasional,V048,Ivonne Véliz,Centro,P0069,Xiaomi Pad 6 Pro,Tablets,5095.98,3.0,0.14,13147.63,37
VTA0076657,2022-11-26,11,2022,C00119,Ing. Ricardo Lozada,Sur,Regular,V023,Fidel Negrete Domínguez,Sur,P0035,Bose QC45,Audio,2505.89,2.0,0.02,4911.54,19
VTA0076658,2022-11-05,11,2022,C03249,Sra. Eva Vargas,Oeste,Premium,V039,Sr. Modesto Guillen,Oeste,P0034,AirPods Pro 2,Audio,1326.08,4.0,0.04,5092.15,27
VTA0076659,2022-11-05,11,2022,C03675,Mateo Homero Meraz,Centro,premiun,V031,  Bernabé César Salazar  ,Centro,P0035,Bose QC45,Audio,2870.1,5.0,0.15,12197.92,19
VTA0076660,2022-11-23,11,2022,C03923,Nicolás Cristobal Gracia Guzmán,Oeste,Ocasional,V014,Ofelia Miriam Negrón,Oeste,P0010,Huawei Pura 70,Celulares,10028.91,4.0,0.09,36505.23,27
VTA0076661,2022-11-19,11,2022,C02507,Mario Ramón Villalpando Ceja,Oeste,Premium,V047,  Estela Bianca Melgar Arias  ,Oeste,P0063,Pad Mouse XL Gaming,Accesorios,2127.04,2.0,0.07,3956.29,42
VTA0076662,2022-11-04,11,2022,C01084,Eugenio Humberto Ochoa Uribe,Sur,Ocasional,V019,Jacinto Rodrigo Salazar Rolón,Sur,P0117,Cámara Nest Doorbell,Hogar Inteligente,11007.6,2.0,0.08,20253.98,34
VTA0076663,2022-11-28,11,2022,C04000,Sr. Esteban Orosco,Norte,REGULAR,V046,Hermelinda Josefina Rodarte Bahena,Norte,P0079,Realme Pad 2,Tablets,8772.36,2.0,0.1,15790.25,20
VTA0076664,2022-11-01,11,2022,C01457,Mario Homero Valencia,Norte,Ocasional,V009,Amanda María José Bravo,Norte,P0075,Samsung Galaxy Tab A9,Tablets,17279.81,4.0,0.01,68428.05,35
VTA0076665,2022-11-16,11,2022,C00574,Cristian Quintanilla Navarrete,Centro,Premium,V028,Sofía Delia Gurule Cantú,Centro,P0031,Acer Aspire 7,Laptops,8930.39,2.0,0.15,15181.66,38
VTA0076666,10/11/2022,11,2022,C02104,  Javier Julio Guardado Posada  ,Centro,Premium,V044,Julia Esther Solorio,Centro,P0041,Bang Olufsen H95,Audio,6284.19,1.0,0.12,5530.09,20
VTA0076667,2022-11-29,11,2022,C02599,Olivia Alcala,Oeste,Premium,V030,Gustavo Camilo Ochoa Gamboa,Oeste,P0062,Reloj Smartwatch Band,Accesorios,1362.62,1.0,0.09,1239.98,38
VTA0076668,2022-11-11,11,2022,C01482,Hugo Eloy Cruz,Este,Regular,V005,Aldo Adán Rodrígez Galarza,Este,P0003,Xiaomi 14 Pro,Celulares,21496.19,5.0,0.17,89209.19,36
VTA0076669,2022-11-07,11,2022,C04683,Abraham Tapia,Este,Ocasional,V049,Ing. María Teresa Bétancourt,Este,P0124,Sensor Movimiento Aqara, Accesorios,7399.38,4.0,0.03,28709.59,35
VTA0076670,2022-11-25,11,2022,C02357,Srita. Rosa Rubio,Oeste,Ocasional,V022,Bernardo Lemus Caballero,Oeste,P0046,JBL Flip 6,Audio,2558.76,4.0,0.12,9006.84,40
VTA0076671,2022-11-01,11,2022,C01782,,Centro,Ocasional,V048,Ivonne Véliz,Centro,P0065,iPad Pro M2 12.9,Tablets,8095.27,1.0,0.07,7528.6,21
VTA0076672,2022-11-16,11,2022,C04005,Ing. Benjamín Collado,Sur,Regular,V001,Fernando Casares Jimínez,Oeste,P0109,Filtro ND Variable,Fotografía,3605.59,3.0,0.01,10708.6,30
VTA0076673,2022-11-24,11,2022,C02746,Lic. Alicia Figueroa,Este,Premium,V001,Fernando Casares Jimínez,Oeste,P0065,iPad Pro M2 12.9,Tablets,7312.88,3.0,0.11,19525.39,21
VTA0076674,2022-11-23,11,2022,C00214,Arturo José Eduardo Heredia Sotelo,Centro,Regular,V028,Sofía Delia Gurule Cantú,Centro,P0029,HP Pavilion 15, Accesorios,8201.57,4.0,0.09,29853.71,24
VTA0076675,2022-11-27,11,2022,C04910,Indira Lucía Orozco Trejo,Sur,Premiun,V020,Dr. Arturo Angulo,Sur,P0070,Amazon Fire HD 10,Tablets,17092.24,5.0,0.17,70932.8,33
VTA0076676,2022-11-27,11,2022,C01708,Julio César Eduardo Aguirre Olivo,Oeste,Ocasional,V047,  Estela Bianca Melgar Arias  ,Oeste,P0016,Tecno Spark 20,Celulares,13270.74,5.0,0.2,53082.96,20
VTA0076677,2022-11-28,11,2022,C03938,Darío Mauricio Marroquín,Este,Ocasional,V011,Clara Loera,Este,P0024,LG Gram 17,Laptops,41195.67,1.0,0.15,35016.32,26
VTA0076678,2022-11-06,11,2022,C02649,  Dra. María Teresa Reséndez  ,Centro,Regular,V044,Julia Esther Solorio,Centro,P0068,Lenovo Tab P12,Tablets,13298.95,1.0,0.08,12235.03,21
VTA0076679,2022-11-02,11,2022,C03544,Margarita Razo,Norte,Premium,V043,Homero Esquivel,Norte,P0022,Acer Swift 5,Laptops,34611.22,1.0,0.13,30111.76,41
VTA0076680,2022-11-30,11,2022,C03059,Miguel Cornejo Guillen,Norte,Premium,V042,  Srita. Sandra Escamilla  ,Norte,P0072,Huawei MatePad Pro,Tablets,17432.76,2.0,0.18,28589.73,43
VTA0076681,2022-11-01,11,2022,C04687,Santiago Óscar Cazares Bustos,Este,Premium,V005,Aldo Adán Rodrígez Galarza,Este,P0018,Dell XPS 15,Laptops,37925.89,,0.09,69025.12,40
VTA0076682,2022-11-07,11,2022,C00008,  Dra. Rosa Caldera  ,Oeste,Ocasional,V026,Ing. Elias Valdivia,Oeste,P0047,Bose SoundLink,Audio,4402.07,3.0,0.18,10829.09,44
VTA0076683,2022-11-14,11,2022,C04218,Ing. Liliana Ceja,Norte,Regular,V046,Hermelinda Josefina Rodarte Bahena,Norte,P0102,GoPro Hero 12,Fotografía,27279.76,5.0,0.17,113211.0,45
VTA0076684,2022-11-16,11,2022,C02976,Alicia Leticia Garza,Sur,premiun,V013,Alvaro Gaona Ocasio,Sur,P0055,Teclado Keychron K2,Accesorios,1410.67,4.0,0.01,5586.25,28
VTA0076685,2022-11-24,11,2022,C04749,Jesús Orosco Alfaro,Este,Regular,V016,Octavio Mario Rincón Marín,Norte,P0027,MacBook Air M2,Laptops,36300.05,5.0,0.07,168795.23,24
VTA0076686,2022-11-01,11,2022,C02472,Sr. José Eduardo Olivárez,Oeste,Premium,V011,Clara Loera,Este,P0124,Sensor Movimiento Aqara,Hogar Inteligente,8385.05,2.0,0.1,15093.09,35
VTA0076687,2022-11-21,11,2022,C01318,Mayte Casas Molina,Este,REGULAR,V005,Aldo Adán Rodrígez Galarza,Este,P0034,AirPods Pro 2,gaming,1323.1,5.0,0.04,6350.88,27
VTA0076688,2022-11-23,11,2022,C02314,Marco Antonio Emiliano Valdez Marroquín,Sur,Regular,V025,Manuel Gerónimo Armas,Sur,P0060,Adaptador HDMI 4K,Accesorios,1096.36,3.0,0.16,2762.83,29
VTA0076689,2022-11-12,11,2022,C03995,  Hermelinda Alicia Fierro  ,Norte,Regular,V004,Aurora Zelaya,Norte,P0112,Estabilizador DJI OM6,Fotografía,16212.35,2.0,0.12,28533.74,33
VTA0076690,2022-11-25,11,2022,C03203,Adela Toledo Vargas,Sur,Regular,V021,  Cristal Valdés Maya  ,Sur,P0095,SSD Samsung 980 Pro,Gaming,3006.42,2.0,0.19,4870.4,28
VTA0076691,2022-11-03,11,2022,C00768,Jorge Luis Zedillo Laboy,Oeste,Premiun,V014,Ofelia Miriam Negrón,Oeste,P0123,Cerradura Yale Smart,Hogar Inteligente,8463.22,1.0,0.03,8209.32,29
VTA0076692,2022-11-29,11,2022,C03418,Lic. Adriana Quiñónez,Sur,Ocasional,V019,Jacinto Rodrigo Salazar Rolón,Sur,P0100,Fujifilm X-T5,Fotografía,15091.21,2.0,0.16,25353.23,42
VTA0076693,04/11/2022,11,2022,C04551,Dr. Sergio Cavazos,Norte,Premium,V043,Homero Esquivel,Norte,P0034,AirPods Pro 2,Audio,1391.33,1.0,0.07,1293.94,27
VTA0076694,2022-11-01,11,2022,C02530,Ing. Abraham Luna,Este,Premium,V038,Violeta Itzel Benavídez,Oeste,P0106,Mochila Lowepro Pro,Fotografía,17919.84,4.0,0.08,65945.01,40
VTA0076695,2022-11-20,11,2022,C04427,Florencia Tejada,Este,REGULAR,V005,Aldo Adán Rodrígez Galarza,Este,P0043,Sony WF-1000XM5,Audio,4433.62,2.0,0.19,7182.46,25
VTA0076696,2022-11-01,11,2022,C01732,Srita. Nelly Suárez,Este,Premium,V032,Nelly Barela Cardenas,Este,P0010,Huawei Pura 70,Celulares,9413.32,3.0,0.05,26827.96,27
VTA0076697,2022-11-20,11,2022,C01443,Evelio Rufino Carrero,Norte,ocasional,V016,Octavio Mario Rincón Marín,Norte,P0059,Audífonos USB-C,Accesorios,1584.99,3.0,0.19,3851.53,43
VTA0076698,2022-11-30,11,2022,C01918,Oswaldo Nava Montalvo,Centro,Ocasional,V017,Abraham Apodaca Colunga,Centro,P0114,Google Nest Hub 2,Hogar Inteligente,5638.99,1.0,0.01,5582.6,45
VTA0076699,2022-11-28,11,2022,C03108,Manuel Guillermo Ordóñez Palacios,Norte,Premium,V050,José María Gustavo Beltrán,Oeste,P0052,Protector Pantalla S24,Accesorios,1145.44,4.0,0.06,4306.85,31
VTA0076700,2022-11-08,11,2022,C00054,Juan Mondragón,Sur,Ocasional,V004,Aurora Zelaya,Norte,P0089,Mouse Logitech G Pro X,Gaming,6900.35,1.0,0.15,5865.3,45
VTA0076701,2022-11-23,11,2022,C04463,Luis Manuel Clemente Raya,Este,premiun,V049,Ing. María Teresa Bétancourt,Este,P0038,Beats Studio Pro,Audio,2244.0,3.0,0.16,-5654.88,39
VTA0076702,2022-11-03,11,2022,C00493,Timoteo Sergio Arellano,Este,Ocasional,V011,Clara Loera,Este,P0036,Samsung Galaxy Buds2,Audio,7311.56,2.0,0.06,13745.73,43
VTA0076703,2022-11-01,11,2022,C04210,Ariadna Caraballo,Este,Premium,V032,Nelly Barela Cardenas,Este,P0030,Lenovo IdeaPad 5,Laptops,39979.89,4.0,0.06,150324.39,21
VTA0076704,2022-11-13,11,2022,C01283,Elias Jerónimo Arredondo Centeno,Este,Premium,V011,Clara Loera,Este,P0077,Blackview Tab 16,Tablets,10877.89,5.0,0.1,48950.5,21
VTA0076705,2022-11-22,11,2022,C04285,  Zeferino Vega  ,Oeste,Premium,V030,Gustavo Camilo Ochoa Gamboa,Oeste,P0005,OnePlus 12,Celulares,6080.6,2.0,0.01,12039.59,40
VTA0076706,2022-11-28,11,2022,C04422,Sr. Jos Carrasco,Oeste,Premiun,V025,Manuel Gerónimo Armas,Sur,P0012,Samsung A55,Celulares,21400.83,2.0,0.07,39805.54,36
VTA0076707,2022-11-16,11,2022,C01578,Timoteo Bernal Lugo,Este,Premium,V031,  Bernabé César Salazar  ,Centro,P0036,Samsung Galaxy Buds2,Audio,6480.77,5.0,0.04,31107.7,43
VTA0076708,25/11/2022,11,2022,C03892,Sergio Centeno,Norte,Ocasional,V009,Amanda María José Bravo,Norte,P0051,Funda iPhone 15 Pro,Accesorios,1345.57,2.0,0.01,2664.23,40
VTA0076709,2022-11-22,11,2022,C01773,Antonia Anaya,Sur,Premium,V025,Manuel Gerónimo Armas,Sur,P0106,Mochila Lowepro Pro,Fotografía,17522.56,5.0,0.01,86736.67,40
VTA0076710,12/11/2022,11,2022,C04699,Zoé Castillo Nájera,Centro,Premium,V031,  Bernabé César Salazar  ,Centro,P0072,Huawei MatePad Pro,Tablets,18523.59,1.0,0.18,15189.34,43
VTA0076711,2022-11-23,11,2022,C02444,Daniel Cabán,Centro,Premiun,V043,Homero Esquivel,Norte,P0120,Timbre Ring Video Pro,Hogar Inteligente,7169.73,,0.12,12618.72,21
VTA0076712,2022-11-06,11,2022,C02871,Luisa Uribe Bonilla,Este,Premium,V005,Aldo Adán Rodrígez Galarza,Este,P0014,Motorola G84,Celulares,5794.11,1.0,0.18,4751.17,20
VTA0076713,2022-11-28,11,2022,C01728,,Este,ocasional,V049,Ing. María Teresa Bétancourt,Este,P0069,Xiaomi Pad 6 Pro,Tablets,5896.33,4.0,0.1,21226.79,37
VTA0076714,2022-11-03,11,2022,C01502,Rafaél Salas,Oeste,Ocasional,V038,Violeta Itzel Benavídez,Oeste,P0076,TCL Tab 10,Tablets,18722.35,5.0,0.0,93611.75,24
VTA0076715,30/11/2022,11,2022,C04041,Hilda Mitzy Zepeda,Este,Regular,V035,Estela Haro,Oeste,P0006,Motorola Edge 50,Celulares,9175.69,1.0,0.15,7799.34,32
VTA0076716,2022-11-15,11,2022,C00960,Alma Elisa Barela Paz,Centro,Ocasional,V003,Jacinto Rivero Valladares,Centro,P0098,Sony Alpha 7 IV,Fotografía,17939.79,3.0,0.01,53281.18,34
VTA0076717,2022-11-13,11,2022,C00853,  Dra. Nelly Rascón  ,Sur,Regular,V023,Fidel Negrete Domínguez,Sur,P0079,Realme Pad 2,Tablets,8745.97,5.0,0.01,43292.55,20
VTA0076718,2022-11-06,11,2022,C02140,Lic. Salvador Mojica,Sur,Ocasional,V024,Bernabé Guerra,Sur,P0047,Bose SoundLink,Audio,3812.83,5.0,0.12,16776.45,44
VTA0076719,2022-11-01,11,2022,C02491,Ignacio Arevalo Ibarra,Oeste,ocasional,V014,Ofelia Miriam Negrón,Oeste,P0108,Batería Canon LP-E6,Fotografía,16482.75,2.0,0.13,28679.98,32
VTA0076720,2022-11-20,11,2022,C00724,Flavio Mauricio Cervantes,Norte,premiun,V026,Ing. Elias Valdivia,Oeste,P0025,Razer Blade 15,Laptops,26765.19,4.0,0.11,95284.08,44
VTA0076721,2022-11-15,11,2022,C03184,  Juan Carlos Reynoso  ,Sur,Premium,V050,José María Gustavo Beltrán,Oeste,P0072,Huawei MatePad Pro,Tablets,20090.29,1.0,0.1,18081.26,43
VTA0076722,19/11/2022,11,2022,C01847,Victoria Dueñas,Oeste,Ocasional,V022,Bernardo Lemus Caballero,Oeste,P0054,Mouse Logitech MX Master,Accesorios,1279.87,3.0,0.13,3340.46,25
VTA0076723,2022-11-03,11,2022,C02478,Santiago de Anda Ledesma,Norte,premiun,V029,Francisco Ballesteros,Norte,P0068,Lenovo Tab P12,gaming,15399.4,1.0,0.19,12473.51,21
VTA0076724,2022-11-12,11,2022,C04801,Sra. Nelly Morales,Oeste,Regular,V010,Sra. Guadalupe Llamas,Este,P0070,Amazon Fire HD 10,LAPTOPS,16037.2,4.0,0.08,59016.9,33
VTA0076725,2022-11-02,11,2022,C02887,Marcela Regalado Luna,Norte,Ocasional,V043,Homero Esquivel,Norte,P0126,Proyector BenQ 4K,Hogar Inteligente,8096.92,1.0,0.19,6558.51,35
VTA0076726,2022-11-28,11,2022,C04869,Alfredo Rufino Cepeda,Este,Regular,V010,Sra. Guadalupe Llamas,Este,P0003,Xiaomi 14 Pro,Celulares,23032.63,5.0,0.11,102495.2,36
VTA0076727,2022-11-27,11,2022,C00989,Tomás Saucedo Alemán,Oeste,Premium,V018,Lic. Gilberto Castellanos,Sur,P0110,Reflector 5en1 80cm,Fotografía,14164.52,4.0,0.19,45893.04,26
VTA0076728,2022-11-24,11,2022,C04111,  Ing. Jerónimo Laureano  ,Norte,Regular,V042,  Srita. Sandra Escamilla  ,Norte,P0006,Motorola Edge 50,Celulares,7798.37,5.0,0.09,35482.58,32
VTA0076729,29/11/2022,11,2022,C01370,Mauricio Humberto Saavedra Brito,Centro,Premium,V036,  Dr. Ignacio Aparicio  ,Sur,P0051,Funda iPhone 15 Pro,celulares,1249.96,1.0,0.11,1112.46,40
VTA0076730,2022-11-13,11,2022,C00901,Patricio Yáñez,Oeste,Premium,V026,Ing. Elias Valdivia,Oeste,P0036,Samsung Galaxy Buds2,Audio,7279.02,1.0,0.04,6987.86,43
VTA0076731,20/11/2022,11,2022,C00357,Lucía Camila Madrid Ornelas,Oeste,premiun,V007,Conchita Leticia Gastélum Corral,Oeste,P0117,Cámara Nest Doorbell,Hogar Inteligente,11429.89,2.0,0.15,19430.81,34
VTA0076732,2022-11-11,11,2022,C00652,  Sara Graciela Gastélum Vera  ,Norte,Premium,V015,Joaquín Benavides Meza,Norte,P0001,iPhone 15 Pro,Celulares,21195.04,3.0,0.13,-55319.05,37
VTA0076733,2022-11-07,11,2022,C03820,Raúl Camilo Saavedra Beltrán,Este,Regular,V011,Clara Loera,Este,P0046,JBL Flip 6,Audio,2684.38,1.0,0.14,2308.57,40
VTA0076734,2022-11-14,11,2022,C02740,Dra. Francisca Olivas,Norte,Ocasional,V043,Homero Esquivel,Norte,P0036,Samsung Galaxy Buds2,Audio,7380.35,5.0,0.13,32104.52,43
VTA0076735,2022-11-02,11,2022,C02972,Hilda Castañeda Ocampo,Norte,ocasional,V010,Sra. Guadalupe Llamas,Este,P0027,MacBook Air M2,Laptops,33962.27,4.0,0.19,110037.75,24
VTA0076736,2022-11-14,11,2022,C03398,Dr. Clemente Jaramillo,Oeste,Regular,V014,Ofelia Miriam Negrón,Oeste,P0107,Tarjeta SD SanDisk 256,Fotografía,11877.18,4.0,0.04,45608.37,27
VTA0076737,2022-11-06,11,2022,C03728,Guillermina Ivonne Colón,Oeste,Regular,V027,Claudio Andrés Gómez Sosa,Sur,P0079,Realme Pad 2,Tablets,9018.1,1.0,0.05,8567.2,20
VTA0076738,2022-11-22,11,2022,C04145,  Anabel Sandra Maldonado Peres  ,Centro,Ocasional,V031,  Bernabé César Salazar  ,Centro,P0089,Mouse Logitech G Pro X,Gaming,6635.88,4.0,0.14,22827.43,45
VTA0076739,2022-11-24,11,2022,C00576,Mercedes Granado Viera,Centro,Premium,V048,Ivonne Véliz,Centro,P0016,Tecno Spark 20,Celulares,13926.79,5.0,0.02,68241.27,20
VTA0076740,2022-11-14,11,2022,C00887,Adriana Candelaria Bétancourt,Oeste,Regular,V007,Conchita Leticia Gastélum Corral,Oeste,P0100,Fujifilm X-T5,Fotografía,15695.97,1.0,0.17,13027.66,42
VTA0076741,2022-11-10,11,2022,C01343,Lucas Bonilla,Este,Regular,V046,Hermelinda Josefina Rodarte Bahena,Norte,P0032,ASUS VivoBook 16,Laptops,10868.82,2.0,0.19,17607.49,38
VTA0076742,2022-11-19,11,2022,C02554,Paola Granado Alcaraz,Oeste,Regular,V026,Ing. Elias Valdivia,Oeste,P0102,GoPro Hero 12,Fotografía,25428.41,1.0,0.13,22122.72,45
VTA0076743,2022-11-08,11,2022,C04231,Mariano Juan Martínez,Centro,Regular,V048,Ivonne Véliz,Centro,P0011,iPhone 14,Celulares,9300.97,3.0,0.15,23717.47,43
VTA0076744,2022-11-05,11,2022,C03297,Roberto Rivera,Centro,Regular,V003,Jacinto Rivero Valladares,Centro,P0082,Xbox Series X,Gaming,11103.49,1.0,0.18,9104.86,30
VTA0076745,2022-11-11,11,2022,C01505,,Oeste,premiun,V040,Karla Silvia Mireles Patiño,Oeste,P0073,Microsoft Surface Go 3,Tablets,11087.83,1.0,0.1,9979.05,22
VTA0076746,2022-11-08,11,2022,C00794,Eduardo Salas,Este,Ocasional,V010,Sra. Guadalupe Llamas,Este,P0070,Amazon Fire HD 10,Tablets,17878.91,4.0,0.17,-59357.98,33
VTA0076747,2022-11-18,11,2022,C01862,Julia Roque Mena,Centro,Premium,V048,Ivonne Véliz,Centro,P0122,Aspiradora Dyson V15,Hogar Inteligente,3199.52,2.0,0.09,5823.13,28
VTA0076748,2022-11-23,11,2022,C01075,María Eugenia Mena Solorio,Sur,Premium,V036,  Dr. Ignacio Aparicio  ,Sur,P0073,Microsoft Surface Go 3,Tablets,10326.2,3.0,0.0,30978.6,22
VTA0076749,2022-11-07,11,2022,C01684,René Anguiano Reyna,Centro,Premium,V028,Sofía Delia Gurule Cantú,Centro,P0011,iPhone 14,Celulares,9909.21,5.0,0.18,40627.76,43
VTA0076750,2022-11-29,11,2022,C00275,Ing. Gabino Pabón,Centro,REGULAR,V048,Ivonne Véliz,Centro,P0017,MacBook Pro M3,Laptops,13600.11,5.0,0.17,56440.46,43
VTA0076751,28/11/2022,11,2022,C01477,Tania Meléndez,Este,Ocasional,V005,Aldo Adán Rodrígez Galarza,Este,P0011,iPhone 14,Celulares,9732.37,3.0,0.1,26277.4,43
VTA0076752,2022-11-01,11,2022,C04720,Sr. Eduardo Juárez,Sur,Ocasional,V025,Manuel Gerónimo Armas,Sur,P0110,Reflector 5en1 80cm, Accesorios,15898.53,2.0,0.16,26709.53,26
VTA0076753,2022-11-06,11,2022,C00780,Zeferino Barragán,Oeste,Ocasional,V014,Ofelia Miriam Negrón,Oeste,P0025,Razer Blade 15,Laptops,30145.87,5.0,0.11,134149.12,44
VTA0076754,09/11/2022,11,2022,C03669,Sr. Genaro Guillen,Este,Ocasional,V032,Nelly Barela Cardenas,Este,P0076,TCL Tab 10,Tablets,18700.55,3.0,0.19,45442.34,24
VTA0076755,2022-11-02,11,2022,C03935,Rocío Emilia Alcántar Peres,Sur,Premium,V027,Claudio Andrés Gómez Sosa,Sur,P0019,HP Spectre x360,Laptops,35482.88,4.0,0.12,124899.74,26
VTA0076756,19/11/2022,11,2022,C00089,  Estela Alonso Treviño  ,Centro,Ocacional,V044,Julia Esther Solorio,Centro,P0023,Microsoft Surface Pro 9,Laptops,31523.3,4.0,0.16,105918.29,27
VTA0076757,2022-11-10,11,2022,C02458,Lic. Pilar Heredia,Norte,Regular,V006,  Dr. Evelio Murillo  ,Sur,P0062,Reloj Smartwatch Band,Accesorios,1209.95,3.0,0.03,3520.95,38
VTA0076758,2022-11-21,11,2022,C01681,Marcela Núñez,Sur,Premium,V019,Jacinto Rodrigo Salazar Rolón,Sur,P0059,Audífonos USB-C,Accesorios,1466.13,5.0,0.06,6890.81,43
VTA0076759,2022-11-24,11,2022,C04327,Raúl Gracia,Oeste,Ocasional,V035,Estela Haro,Oeste,P0093,GPU RTX 4070 Ti,Gaming,26686.74,3.0,0.02,78459.02,29
VTA0076760,2022-11-22,11,2022,C04247,Estefanía Cabán Cardenas,Sur,Regular,V018,Lic. Gilberto Castellanos,Sur,P0069,Xiaomi Pad 6 Pro,Tablets,5528.02,4.0,0.12,19458.63,37
VTA0076761,2022-11-08,11,2022,C04357,Jerónimo Cristian Valladares Armenta,Este,Regular,V042,  Srita. Sandra Escamilla  ,Norte,P0072,Huawei MatePad Pro,Tablets,17660.75,5.0,0.02,86537.68,43
VTA0076762,2022-11-12,11,2022,C04245,Dalia Urbina Malave,Oeste,Premium,V022,Bernardo Lemus Caballero,Oeste,P0012,Samsung A55,Celulares,21732.16,1.0,0.03,21080.2,36
VTA0076763,2022-11-16,11,2022,C00085,Srita. Isabel Mora,Centro,Premium,V048,Ivonne Véliz,Centro,P0060,Adaptador HDMI 4K,Accesorios,1102.25,2.0,0.05,2094.28,29
VTA0076764,2022-11-16,11,2022,C00794,Eduardo Salas,Este,Ocasional,V011,Clara Loera,Este,P0105,Tripié Joby GorillaPod,Fotografía,9994.98,5.0,0.11,44477.66,41
VTA0076765,2022-11-16,11,2022,C03684,Jesús Prieto Vega,Norte,Premium,V004,Aurora Zelaya,Norte,P0094,RAM Corsair 32GB,Gaming,17080.69,4.0,0.01,67639.53,26
VTA0076766,2022-11-05,11,2022,C04598,María Teresa Nazario Jáquez,Centro,Ocasional,V050,José María Gustavo Beltrán,Oeste,P0084,Steam Deck 512GB,Gaming,11402.31,5.0,0.07,53020.74,26
VTA0076767,2022-11-14,11,2022,C02858,  Agustín José Luis Segovia  ,Oeste,Ocasional,V001,Fernando Casares Jimínez,Oeste,P0027,MacBook Air M2,Laptops,39024.1,5.0,0.18,159998.81,24
VTA0076768,2022-11-29,11,2022,C03386,Salma Yeni Cadena,Oeste,Premium,V001,Fernando Casares Jimínez,Oeste,P0003,Xiaomi 14 Pro,Celulares,21960.13,5.0,0.15,93330.55,36
VTA0076769,2022-11-18,11,2022,C01189,Dalia Raquel Carrillo Puente,Centro,Ocasional,V048,Ivonne Véliz,Centro,P0012,Samsung A55,Celulares,19169.67,5.0,0.11,85305.03,36
VTA0076770,2022-11-26,11,2022,C02428,Sr. Gustavo Domínguez,Norte,Regular,V042,  Srita. Sandra Escamilla  ,Norte,P0057,Soporte Laptop Adjustable,Accesorios,505.93,3.0,0.06,1426.72,39
VTA0076771,2022-11-18,11,2022,C01702,Mayte Cintrón Casas,Centro,Premium,V028,Sofía Delia Gurule Cantú,Centro,P0055,Teclado Keychron K2,Accesorios,1283.47,1.0,0.15,1090.95,28
VTA0076772,2022-11-05,11,2022,C02007,Georgina Reyes,Norte,Ocasional,V015,Joaquín Benavides Meza,Norte,P0053,Hub USB-C 7en1,Accesorios,466.1,2.0,0.16,783.05,20
VTA0076773,2022-11-22,11,2022,C04663,Miguel Mena,Este,Regular,V005,Aldo Adán Rodrígez Galarza,Este,P0120,Timbre Ring Video Pro,Hogar Inteligente,8474.52,5.0,0.14,36440.44,21
VTA0076774,2022-11-08,11,2022,C02211,  Berta Loera Mondragón  ,Este,Premiun,V010,Sra. Guadalupe Llamas,Este,P0021,ASUS ROG Zephyrus,Laptops,11359.05,2.0,0.05,21582.19,36
VTA0076775,2022-11-17,11,2022,C01862,Julia Roque Mena,Centro,Premiun,V037,Victoria Caridad Concepción,Centro,P0106,Mochila Lowepro Pro,Fotografía,17063.21,5.0,0.06,80197.09,40
VTA0076776,2022-11-24,11,2022,C01897,Santiago Nájera,Centro,Premium,V045,Marisela Vanesa Chapa Aranda,Norte,P0048,Skullcandy Crusher,Audio,3536.59,3.0,0.08,9760.99,44
VTA0076777,2022-11-09,11,2022,C03375,Benito Covarrubias,Este,premiun,V032,Nelly Barela Cardenas,Este,P0050,Cable USB-C 2m,Accesorios,1423.96,4.0,0.14,4898.42,32
VTA0076778,2022-11-02,11,2022,C00729,  Susana Silvia Orta Arroyo  ,Este,Ocasional,V032,Nelly Barela Cardenas,Este,P0012,Samsung A55,Celulares,20881.78,4.0,0.17,69327.51,36
VTA0076779,30/11/2022,11,2022,C03929,Helena Verduzco,Oeste,Premium,V028,Sofía Delia Gurule Cantú,Centro,P0120,Timbre Ring Video Pro,Hogar Inteligente,8654.22,3.0,0.17,21549.01,21
VTA0076780,2022-11-03,11,2022,C02690,Dr. Miguel Menéndez,Centro,Ocasional,V033,Jaime Gamez Maldonado,Centro,P0079,Realme Pad 2,Tablets,8835.81,4.0,0.0,35343.24,20
VTA0076781,2022-11-07,11,2022,C04083,Sr. Amador Rolón,Sur,Ocasional,V024,Bernabé Guerra,Sur,P0067,iPad Air M1,Tablets,17373.81,5.0,0.19,70363.93,39
VTA0076782,2022-11-29,11,2022,C01318,Mayte Casas Molina,Este,Regular,V032,Nelly Barela Cardenas,Este,P0016,Tecno Spark 20,Celulares,15873.2,4.0,0.1,57143.52,20
VTA0076783,2022-11-24,11,2022,C03871,Sonia Margarita Salas,Centro,Premium,V028,Sofía Delia Gurule Cantú,Centro,P0103,Lente Canon RF 50mm,Fotografía,14966.62,2.0,0.16,25143.92,31
VTA0076784,2022-11-25,11,2022,C03884,Angélica Segura Franco,Este,Ocasional,V011,Clara Loera,Este,P0114,Google Nest Hub 2,Hogar Inteligente,5786.66,3.0,0.1,15623.98,45
VTA0076785,2022-11-14,11,2022,C04718,Francisco Javier Eduardo Vargas Solano,Centro,Regular,V031,  Bernabé César Salazar  ,Centro,P0117,Cámara Nest Doorbell,Hogar Inteligente,11838.52,4.0,0.18,-38830.35,34
VTA0076786,2022-11-28,11,2022,C00476,Hilda Anguiano Palacios,Oeste,Premium,V038,Violeta Itzel Benavídez,Oeste,P0061,Batería Portátil 20000,Accesorios,1974.5,2.0,0.02,3870.02,32
VTA0076787,10/11/2022,11,2022,C01868,Ing. Reynaldo Hurtado,Sur,Ocasional,V025,Manuel Gerónimo Armas,Sur,P0002,Samsung Galaxy S24,audio ,8405.25,4.0,0.14,28914.06,19
VTA0076788,2022-11-04,11,2022,C01024,Ing. Aurora Villegas,Oeste,Ocasional,V019,Jacinto Rodrigo Salazar Rolón,Sur,P0057,Soporte Laptop Adjustable,Accesorios,533.54,2.0,0.05,1013.73,39
VTA0076789,2022-11-06,11,2022,C02654,Cornelio Germán Canales Ruiz,Centro,Regular,V018,Lic. Gilberto Castellanos,Sur,P0101,DJI Mavic 3 Pro,Fotografía,13708.34,3.0,0.13,35778.77,27
VTA0076790,2022-11-07,11,2022,C04621,Bernardo Gaona,Sur,Regular,V021,  Cristal Valdés Maya  ,Sur,P0035,Bose QC45, Accesorios,2538.24,4.0,0.0,10152.96,19
VTA0076791,2022-11-14,11,2022,C04923,José Manuél Concepción Mares,Este,REGULAR,V032,Nelly Barela Cardenas,Este,P0054,Mouse Logitech MX Master,Accesorios,1388.99,1.0,0.12,1222.31,25
VTA0076792,2022-11-04,11,2022,C00790,Leonor Soto Pelayo,Centro,Ocasional,V021,  Cristal Valdés Maya  ,Sur,P0128,Panel Solar Portátil,Hogar Inteligente,3978.52,2.0,0.16,6683.91,39
VTA0076793,14/11/2022,11,2022,C01661,Julio César Espinosa,Este,Premium,V010,Sra. Guadalupe Llamas,Este,P0016,Tecno Spark 20,Celulares,13958.11,5.0,0.12,61415.68,20
VTA0076794,04/11/2022,11,2022,C00455,Itzel Rodríguez,Norte,Ocacional,V045,Marisela Vanesa Chapa Aranda,Norte,P0075,Samsung Galaxy Tab A9,Tablets,17070.69,1.0,0.06,16046.45,35
VTA0076795,2022-11-30,11,2022,C03994,Paulina Ojeda,Sur,ocasional,V024,Bernabé Guerra,Sur,P0085,Monitor LG 27GP950,LAPTOPS,19549.94,3.0,0.2,46919.86,43
VTA0076796,16/11/2022,11,2022,C02471,Vicente Madrigal,Centro,Regular,V028,Sofía Delia Gurule Cantú,Centro,P0115,Apple HomePod Mini,Hogar Inteligente,7715.95,5.0,0.02,37808.16,46
VTA0076797,2022-11-26,11,2022,C03594,Celia Laureano,Sur,Premium,V025,Manuel Gerónimo Armas,Sur,P0020,Lenovo ThinkPad X1,Laptops,26090.96,3.0,0.2,62618.3,42
VTA0076798,2022-11-01,11,2022,C01689,Homero Gerardo Crespo Bétancourt,Centro,Premiun,V028,Sofía Delia Gurule Cantú,Centro,P0119,Enchufe Inteligente TP,Hogar Inteligente,5042.54,1.0,0.07,4689.56,27
VTA0076799,2022-11-01,11,2022,C01423,Alejandra Karla Escobedo,Sur,Premium,V021,  Cristal Valdés Maya  ,Sur,P0032,ASUS VivoBook 16,Laptops,10694.06,5.0,0.04,51331.49,38
VTA0076800,2022-11-16,11,2022,C03281,Abel Zavala,Sur,Regular,V027,Claudio Andrés Gómez Sosa,Sur,P0078,Chuwi HiPad X,Tablets,14414.31,3.0,0.18,35459.2,20
VTA0076801,2022-11-27,11,2022,C03303,María Cristina Vélez Curiel,Sur,Premiun,V013,Alvaro Gaona Ocasio,Sur,P0104,Flash Godox V1,Fotografía,14552.37,2.0,0.08,26776.36,40
VTA0076802,2022-11-08,11,2022,C01907,  Daniel Julio César Tórrez  ,Centro,Regular,V013,Alvaro Gaona Ocasio,Sur,P0045,Marshall Emberton III,Audio,7053.09,,0.0,28212.36,22
VTA0076803,2022-11-15,11,2022,C02097,Citlali Antonia Mireles Ávila,Centro,ocasional,V044,Julia Esther Solorio,Centro,P0001,iPhone 15 Pro,Celulares,19161.07,5.0,0.13,83350.65,37
VTA0076804,2022-11-11,11,2022,C02349,Lic. Aida Mayorga,Sur,Ocasional,V013,Alvaro Gaona Ocasio,Sur,P0039,Sennheiser HD 450,Audio,1131.08,3.0,0.14,2918.19,24
VTA0076805,2022-11-02,11,2022,C02577,Sr. Alvaro Porras,Norte,Ocacional,V029,Francisco Ballesteros,Norte,P0001,iPhone 15 Pro,Celulares,22499.58,5.0,0.1,101248.11,37
VTA0076806,12/11/2022,11,2022,C03548,Luis Miguel Fonseca Ramón,Sur,Ocasional,V027,Claudio Andrés Gómez Sosa,Sur,P0009,Sony Xperia 1 VI,Celulares,25264.57,4.0,0.08,92973.62,24
VTA0076807,2022-11-19,11,2022,C01328,Sr. Eric Palacios,Centro,Premium,V017,Abraham Apodaca Colunga,Centro,P0096,Cooling Noctua NH-D15,Gaming,9647.58,1.0,0.05,9165.2,41
VTA0076808,2022-11-15,11,2022,C02899,Ing. Alejandro Quezada,Norte,Regular,V015,Joaquín Benavides Meza,Norte,P0110,Reflector 5en1 80cm,Fotografía,14497.84,3.0,0.01,43058.58,26
VTA0076809,27/11/2022,11,2022,C01085,Benjamín Espino Marín,Centro,Ocasional,V041,Srita. Nadia Casas,Centro,P0064,Limpiador Pantallas Kit,Accesorios,1482.75,4.0,0.11,5278.59,44
VTA0076810,22/11/2022,11,2022,C01667,Nancy Gloria Pacheco,Este,Ocasional,V028,Sofía Delia Gurule Cantú,Centro,P0108,Batería Canon LP-E6,Fotografía,18100.89,4.0,0.08,66611.28,32
VTA0076811,20/11/2022,11,2022,C04773,Berta Mares,Norte,REGULAR,V042,  Srita. Sandra Escamilla  ,Norte,P0061,Batería Portátil 20000,Accesorios,1692.55,1.0,0.07,1574.07,32
VTA0076812,2022-11-17,11,2022,C00921,Blanca Romo Rojo,Este,Ocasional,V049,Ing. María Teresa Bétancourt,Este,P0094,RAM Corsair 32GB,Gaming,19283.03,1.0,0.19,15619.25,26
VTA0076813,2022-11-04,11,2022,C01587,,Centro,Premiun,V031,  Bernabé César Salazar  ,Centro,P0001,iPhone 15 Pro,Celulares,20349.31,3.0,0.18,50059.3,37
VTA0076814,2022-11-27,11,2022,C01940,  Ing. Rodolfo Venegas  ,Centro,ocasional,V033,Jaime Gamez Maldonado,Centro,P0042,Audio Technica ATH,Audio,5820.83,3.0,0.15,14843.12,31
VTA0076815,2022-11-01,11,2022,C01846,Bruno Jacobo Alonzo Mora,Oeste,Ocasional,V030,Gustavo Camilo Ochoa Gamboa,Oeste,P0095,SSD Samsung 980 Pro,Gaming,3027.73,5.0,0.0,15138.65,28
VTA0076816,2022-11-20,11,2022,C01040,  Diego Maximiliano Roybal  ,Sur,Ocasional,V013,Alvaro Gaona Ocasio,Sur,P0080,Honor Pad 8,Tablets,10052.05,2.0,0.13,17490.57,19
VTA0076817,2022-11-05,11,2022,C03253,Gustavo David Maldonado Ballesteros,Este,Premium,V005,Aldo Adán Rodrígez Galarza,Este,P0105,Tripié Joby GorillaPod,Fotografía,10329.75,1.0,0.17,8573.69,41
VTA0076818,2022-11-03,11,2022,C00181,Dr. Roberto Benítez,Sur,Premiun,V013,Alvaro Gaona Ocasio,Sur,P0071,ASUS Zenpad 3S,Tablets,13631.64,4.0,0.02,53436.03,20
VTA0076819,2022-11-09,11,2022,C03150,,Sur,Regular,V008,Irene Franco,Sur,P0097,Canon EOS R6 Mark II,Fotografía,31319.8,2.0,0.02,61386.81,38
VTA0076820,2022-11-06,11,2022,C00866,Serafín José Eduardo Casanova,Norte,Ocasional,V046,Hermelinda Josefina Rodarte Bahena,Norte,P0005,OnePlus 12,Celulares,5228.17,1.0,0.05,4966.76,40
VTA0076821,2022-11-11,11,2022,C04916,Beatriz Cintrón,Norte,Premium,V029,Francisco Ballesteros,Norte,P0017,MacBook Pro M3,Laptops,13130.1,4.0,0.11,46743.16,43
VTA0076822,13/11/2022,11,2022,C01263,José Carlos Homero Olivo Rivera,Sur,Premium,V027,Claudio Andrés Gómez Sosa,Sur,P0007,Realme GT5,Celulares,18227.5,1.0,0.02,17862.95,39
VTA0076823,2022-11-19,11,2022,C00719,Sofía Sanabria Padrón,Oeste,Ocasional,V001,Fernando Casares Jimínez,Oeste,P0031,Acer Aspire 7,Laptops,9318.47,2.0,0.0,18636.94,38
VTA0076824,2022-11-19,11,2022,C03549,Tomás Valencia Rosario,Sur,Ocasional,V018,Lic. Gilberto Castellanos,Sur,P0087,Headset HyperX Cloud III,Gaming,2055.98,,0.01,2035.42,38
VTA0076825,2022-11-26,11,2022,C00550,  Verónica Medrano Girón  ,Sur,Ocasional,V023,Fidel Negrete Domínguez,Sur,P0024,LG Gram 17,gaming,46016.0,5.0,0.19,186364.8,26
VTA0076826,2022-11-17,11,2022,C01974,Karla Rodrígez,Oeste,Ocasional,V022,Bernardo Lemus Caballero,Oeste,P0013,Xiaomi Redmi Note 13,Celulares,13094.32,5.0,0.12,57615.01,30
VTA0076827,2022-11-05,11,2022,C03852,Uriel Uriel Irizarry Armenta,Centro,REGULAR,V037,Victoria Caridad Concepción,Centro,P0064,Limpiador Pantallas Kit,Accesorios,1424.53,4.0,0.18,4672.46,44
VTA0076828,2022-11-12,11,2022,C03801,Óscar Arias,Sur,Premium,V018,Lic. Gilberto Castellanos,Sur,P0121,Roomba j7 Plus,Hogar Inteligente,7088.1,4.0,0.04,27218.3,38
VTA0076829,2022-11-25,11,2022,C05000,Esther Marisela Rivas,Este,Regular,V032,Nelly Barela Cardenas,Este,P0011,iPhone 14,celulares,9207.69,3.0,0.15,23479.61,43
VTA0076830,2022-11-01,11,2022,C00875,María Cristina Florencia Figueroa Velasco,Centro,Premium,V017,Abraham Apodaca Colunga,Centro,P0025,Razer Blade 15,Laptops,29497.15,5.0,0.19,119463.46,44
VTA0076831,2022-11-10,11,2022,C02515,David Augusto Olivas Acevedo,Oeste,Ocasional,V039,Sr. Modesto Guillen,Oeste,P0105,Tripié Joby GorillaPod,Fotografía,9605.56,1.0,0.08,8837.12,41
VTA0076832,2022-11-10,11,2022,C01127,Camilo Carbajal,Centro,Premium,V017,Abraham Apodaca Colunga,Centro,P0030,Lenovo IdeaPad 5,Laptops,42179.64,5.0,0.02,206680.24,21
VTA0076833,2022-11-22,11,2022,C02554,Paola Granado Alcaraz,Oeste,Regular,V004,Aurora Zelaya,Norte,P0076,TCL Tab 10,Tablets,16248.23,5.0,0.13,70679.8,24
VTA0076834,2022-11-26,11,2022,C02026,Isabela Paola Luevano,Este,Ocasional,V011,Clara Loera,Este,P0040,Jabra Elite 85h,gaming,3210.63,1.0,0.19,2600.61,38
VTA0076835,2022-11-30,11,2022,C00441,Andrea Irma Galindo,Centro,Premium,V044,Julia Esther Solorio,Centro,P0123,Cerradura Yale Smart,Hogar Inteligente,8637.68,2.0,0.11,15375.07,29
VTA0076836,2022-11-13,11,2022,C03781,Florencia Francisca Cabrera,Este,Regular,V032,Nelly Barela Cardenas,Este,P0032,ASUS VivoBook 16,gaming,11258.77,4.0,0.16,37829.47,38
VTA0076837,2022-11-28,11,2022,C01680,  Clemente Armas  ,Norte,premiun,V043,Homero Esquivel,Norte,P0004,Google Pixel 8,Celulares,5051.6,1.0,0.07,4697.99,34
VTA0076838,30/11/2022,11,2022,C03610,Teresa Sandoval Santillán,Sur,Ocasional,V008,Irene Franco,Sur,P0040,Jabra Elite 85h,Audio,2961.01,1.0,0.04,2842.57,38
VTA0076839,2022-11-26,11,2022,C04770,Socorro Violeta Prado Guajardo,Norte,Ocasional,V046,Hermelinda Josefina Rodarte Bahena,Norte,P0085,Monitor LG 27GP950,Gaming,19144.53,2.0,0.01,37906.17,43
VTA0076840,26/11/2022,11,2022,C04967,Ing. Cristal Enríquez,Norte,Ocacional,V042,  Srita. Sandra Escamilla  ,Norte,P0100,Fujifilm X-T5,Fotografía,16607.91,5.0,0.05,78887.57,42
VTA0076841,25/11/2022,11,2022,C03943,Salvador Fernández Esquivel,Centro,Ocasional,V033,Jaime Gamez Maldonado,Centro,P0019,HP Spectre x360, Accesorios,36944.57,4.0,0.03,143344.93,26
VTA0076842,2022-11-16,11,2022,C04729,  Itzel Ornelas  ,Sur,Regular,V021,  Cristal Valdés Maya  ,Sur,P0038,Beats Studio Pro,Audio,2298.99,2.0,0.06,4322.1,39
VTA0076843,30/11/2022,11,2022,C02030,Hernán Rodrigo de Jesús,Norte,Premium,V015,Joaquín Benavides Meza,Norte,P0065,iPad Pro M2 12.9,Tablets,8320.83,5.0,0.05,39523.94,21
VTA0076844,30/11/2022,11,2022,C00239,Óscar Zeferino Botello,Sur,Ocasional,V027,Claudio Andrés Gómez Sosa,Sur,P0057,Soporte Laptop Adjustable,Accesorios,508.34,2.0,0.01,-1006.51,39
VTA0076845,2022-11-17,11,2022,C04901,María del Carmen Centeno Santillán,Sur,Regular,V018,Lic. Gilberto Castellanos,Sur,P0043,Sony WF-1000XM5,Audio,4414.62,,0.17,-7328.27,25
VTA0076846,2022-11-23,11,2022,C02296,Dr. Germán Reynoso,Este,Regular,V045,Marisela Vanesa Chapa Aranda,Norte,P0007,Realme GT5,Celulares,17993.43,1.0,0.14,15474.35,39
VTA0076847,2022-11-01,11,2022,C04197,  Zeferino Páez  ,Oeste,Premium,V026,Ing. Elias Valdivia,Oeste,P0064,Limpiador Pantallas Kit,Accesorios,1468.99,3.0,0.18,3613.72,44
VTA0076848,2022-11-06,11,2022,C02480,Irma Márquez Villa,Este,Premium,V032,Nelly Barela Cardenas,Este,P0102,GoPro Hero 12,Fotografía,27524.46,3.0,0.09,75141.78,45
VTA0076849,2022-11-08,11,2022,C03606,Guillermo Abel Granado Casillas,Centro,Premium,V031,  Bernabé César Salazar  ,Centro,P0059,Audífonos USB-C,Accesorios,1457.1,2.0,0.0,2914.2,43
VTA0076850,2022-11-04,11,2022,C03278,Teodoro Felipe Partida Orosco,Sur,Premium,V020,Dr. Arturo Angulo,Sur,P0111,Monitor Portátil 4K,Fotografía,7140.27,3.0,0.14,18421.9,41
VTA0076851,2022-11-20,11,2022,C00972,  Lic. Héctor Garica  ,Centro,Ocasional,V031,  Bernabé César Salazar  ,Centro,P0042,Audio Technica ATH,Audio,6220.2,2.0,0.03,12067.19,31
VTA0076852,2022-11-13,11,2022,C03018,Jerónimo Ernesto de la Rosa,Centro,Ocasional,V031,  Bernabé César Salazar  ,Centro,P0001,iPhone 15 Pro,Celulares,18759.99,5.0,0.1,84419.96,37
VTA0076853,2022-11-25,11,2022,C00076,Homero Cardona Alba,Sur,Premium,V027,Claudio Andrés Gómez Sosa,Sur,P0109,Filtro ND Variable, Accesorios,3129.64,3.0,0.09,8543.92,30
VTA0076854,2022-11-11,11,2022,C02300,Estela Candelaria,Oeste,Regular,V047,  Estela Bianca Melgar Arias  ,Oeste,P0084,Steam Deck 512GB,Gaming,12489.8,2.0,0.14,21482.46,26
VTA0076855,2022-11-28,11,2022,C01632,Gilberto Humberto Carvajal,Centro,Regular,V028,Sofía Delia Gurule Cantú,Centro,P0022,Acer Swift 5,Laptops,30834.76,5.0,0.17,127964.25,41
VTA0076856,2022-11-15,11,2022,C00562,Angélica Collazo,Sur,Ocasional,V025,Manuel Gerónimo Armas,Sur,P0096,Cooling Noctua NH-D15,Gaming,10849.74,2.0,0.14,18661.55,41
VTA0076857,2022-11-20,11,2022,C04134,Rodolfo Valverde,Sur,Regular,V027,Claudio Andrés Gómez Sosa,Sur,P0041,Bang Olufsen H95,Audio,6654.38,1.0,0.01,6587.84,20
VTA0076858,2022-11-28,11,2022,C04042,Fidel Gerardo Hernandes Puente,Centro,Ocasional,V012,Rubén Marco Antonio Orta Ramos,Sur,P0047,Bose SoundLink,audio ,4346.15,5.0,0.07,20209.6,44
VTA0076859,2022-11-10,11,2022,C02298,Abelardo César Mora,Centro,Premiun,V017,Abraham Apodaca Colunga,Centro,P0108,Batería Canon LP-E6,Fotografía,18120.64,4.0,0.14,62335.0,32
VTA0076860,2022-11-16,11,2022,C02200,Julio Abraham de la Fuente,Sur,Ocasional,V013,Alvaro Gaona Ocasio,Sur,P0103,Lente Canon RF 50mm,Fotografía,15645.39,1.0,0.06,14706.67,31
VTA0076861,2022-11-09,11,2022,C03965,Francisco Javier Evelio Abreu,Norte,Ocasional,V042,  Srita. Sandra Escamilla  ,Norte,P0010,Huawei Pura 70,Celulares,10667.89,4.0,0.19,34563.96,27
VTA0076862,2022-11-29,11,2022,C04841,Ángel Zacarías del Valle Villagómez,Oeste,Premium,V047,  Estela Bianca Melgar Arias  ,Oeste,P0095,SSD Samsung 980 Pro,Gaming,3049.33,2.0,0.11,5427.81,28
VTA0076863,2022-11-18,11,2022,C00059,Marisela Irizarry Santiago,Este,ocasional,V049,Ing. María Teresa Bétancourt,Este,P0088,Teclado Razer Huntsman,Gaming,23464.27,5.0,0.17,97376.72,44
VTA0076864,2022-11-21,11,2022,C03026,Guadalupe González,Centro,Premium,V026,Ing. Elias Valdivia,Oeste,P0034,AirPods Pro 2,Audio,1382.24,2.0,0.1,2488.03,27
VTA0076865,2022-11-29,11,2022,C00809,Dulce Margarita Vélez,Este,Ocacional,V032,Nelly Barela Cardenas,Este,P0044,Anker Q45,Audio,7781.81,4.0,0.18,25524.34,23
VTA0076866,2022-11-23,11,2022,C04378,Jaqueline Carvajal Laureano,Norte,Regular,V014,Ofelia Miriam Negrón,Oeste,P0109,Filtro ND Variable,Fotografía,3503.43,2.0,0.16,5885.76,30
VTA0076867,2022-11-29,11,2022,C03407,  María Eugenia Bustos  ,Este,Ocasional,V032,Nelly Barela Cardenas,Este,P0058,Mochila Techpack 30L,Accesorios,906.7,1.0,0.18,743.49,23
VTA0076868,2022-11-21,11,2022,C01698,Espartaco Rojo Córdova,Sur,Premium,V020,Dr. Arturo Angulo,Sur,P0128,Panel Solar Portátil,Hogar Inteligente,3909.04,1.0,0.14,3361.77,39
VTA0076869,2022-11-06,11,2022,C01084,Eugenio Humberto Ochoa Uribe,Sur,Ocasional,V023,Fidel Negrete Domínguez,Sur,P0115,Apple HomePod Mini,fotografia,6398.09,4.0,0.0,25592.36,46
VTA0076870,2022-11-06,11,2022,C00068,  Esther Antonia Rentería Quiñónez  ,Sur,Premiun,V020,Dr. Arturo Angulo,Sur,P0053,Hub USB-C 7en1,Accesorios,441.12,2.0,0.14,758.73,20
VTA0076871,2022-11-30,11,2022,C01088,Sr. Wilfrido Cazares,Centro,Regular,V038,Violeta Itzel Benavídez,Oeste,P0039,Sennheiser HD 450,Audio,1026.8,5.0,0.0,5134.0,24
VTA0076872,20/11/2022,11,2022,C02858,  Agustín José Luis Segovia  ,Oeste,Ocasional,V001,Fernando Casares Jimínez,Oeste,P0013,Xiaomi Redmi Note 13,Celulares,13660.3,4.0,0.01,54094.79,30
VTA0076873,22/11/2022,11,2022,C00607,Timoteo Javier Malave Sevilla,Norte,premiun,V021,  Cristal Valdés Maya  ,Sur,P0112,Estabilizador DJI OM6,Fotografía,15993.05,2.0,0.1,28787.49,33
VTA0076874,2022-11-02,11,2022,C04999,Lic. Noemí Mendoza,Centro,Ocasional,V037,Victoria Caridad Concepción,Centro,P0106,Mochila Lowepro Pro,Fotografía,18417.13,3.0,0.03,53593.85,40
VTA0076875,2022-11-06,11,2022,C01958,Alicia Heredia Rojo,Norte,Premiun,V002,Nelly Marrero Ortiz,Norte,P0031,Acer Aspire 7,Laptops,8929.94,2.0,0.04,17145.48,38
VTA0076876,2022-11-26,11,2022,C02696,Laura Mariana Cortés,Centro,Regular,V037,Victoria Caridad Concepción,Centro,P0057,Soporte Laptop Adjustable,Accesorios,512.43,4.0,0.08,1885.74,39
VTA0076877,14/11/2022,11,2022,C02388,Abraham Candelaria Soria,Sur,Regular,V025,Manuel Gerónimo Armas,Sur,P0123,Cerradura Yale Smart,tablets,9311.46,2.0,0.19,15084.57,29
VTA0076878,2022-11-26,11,2022,C00934,Dr. Zeferino Soto,Norte,Ocasional,V002,Nelly Marrero Ortiz,Norte,P0109,Filtro ND Variable,gaming,3153.0,2.0,0.15,5360.1,30
VTA0076879,2022-11-27,11,2022,C02562,Mercedes Ariadna Ontiveros,Centro,Regular,V041,Srita. Nadia Casas,Centro,P0090,Control Xbox Elite 2,Gaming,28090.57,2.0,0.01,55619.33,40
VTA0076880,2022-11-19,11,2022,C03906,Mónica Granados Jasso,Este,Premium,V011,Clara Loera,Este,P0074,iPad Mini 6,Tablets,19703.87,2.0,0.19,31920.27,31
VTA0076881,2022-11-29,11,2022,C02320,María Luisa Nelly Lerma,Norte,Regular,V017,Abraham Apodaca Colunga,Centro,P0032,ASUS VivoBook 16,Laptops,10159.47,2.0,0.01,20115.75,38
VTA0076882,2022-11-23,11,2022,C04644,Dr. Jorge Luis Paz,Oeste,Ocasional,V040,Karla Silvia Mireles Patiño,Oeste,P0025,Razer Blade 15,Laptops,29315.67,3.0,0.03,85308.6,44
VTA0076883,2022-11-23,11,2022,C04224,Berta Débora Gaytán,Este,Premium,V032,Nelly Barela Cardenas,Este,P0001,iPhone 15 Pro,Celulares,21212.46,4.0,0.14,72970.86,37
VTA0076884,15/11/2022,11,2022,C02597,  Augusto Enrique Mares Arriaga  ,Sur,Regular,V020,Dr. Arturo Angulo,Sur,P0063,Pad Mouse XL Gaming,Accesorios,2121.38,5.0,0.15,9015.87,42
VTA0076885,2022-11-09,11,2022,C00029,Dr. Héctor Rodarte,Oeste,Premium,V039,Sr. Modesto Guillen,Oeste,P0110,Reflector 5en1 80cm,Fotografía,14153.14,5.0,0.08,65104.44,26
VTA0076886,2022-11-20,11,2022,C03398,Dr. Clemente Jaramillo,Oeste,premiun,V035,Estela Haro,Oeste,P0024,LG Gram 17,Laptops,40012.08,1.0,0.19,32409.78,26
VTA0076887,2022-11-25,11,2022,C00691,María Alvarez,Sur,Premium,V035,Estela Haro,Oeste,P0009,Sony Xperia 1 VI,Celulares,25355.77,1.0,0.01,25102.21,24
VTA0076888,28/11/2022,11,2022,C00688,Perla Cuellar,Norte,ocasional,V043,Homero Esquivel,Norte,P0023,Microsoft Surface Pro 9,Laptops,32874.39,1.0,0.15,27943.23,27
VTA0076889,2022-11-10,11,2022,C03003,Jaqueline Benavídez,Sur,Premium,V018,Lic. Gilberto Castellanos,Sur,P0085,Monitor LG 27GP950,Gaming,18234.84,5.0,0.11,81145.04,43
VTA0076890,2022-11-08,11,2022,C05000,Esther Marisela Rivas,Este,Regular,V011,Clara Loera,Este,P0018,Dell XPS 15,Laptops,35789.6,4.0,0.17,118821.47,40
VTA0076891,2022-11-15,11,2022,C04448,Helena Ofelia Contreras,Sur,Ocasional,V018,Lic. Gilberto Castellanos,Sur,P0035,Bose QC45,Audio,2822.59,2.0,0.18,4629.05,19
VTA0076892,2022-11-09,11,2022,C02982,Florencia Ballesteros,Centro,Ocasional,V044,Julia Esther Solorio,Centro,P0082,Xbox Series X,Gaming,11966.41,2.0,0.17,19864.24,30
VTA0076893,2022-11-23,11,2022,C03236,Darío Muro Figueroa,Norte,Regular,V046,Hermelinda Josefina Rodarte Bahena,Norte,P0013,Xiaomi Redmi Note 13,Celulares,11772.92,4.0,0.16,39557.01,30
VTA0076894,2022-11-09,11,2022,C02717,Mitzy Delgado Munguía,Oeste,Regular,V026,Ing. Elias Valdivia,Oeste,P0073,Microsoft Surface Go 3,Tablets,10768.66,5.0,0.07,50074.27,22
VTA0076895,2022-11-20,11,2022,C04912,Srita. Estefanía Gamez,Centro,Regular,V017,Abraham Apodaca Colunga,Centro,P0032,ASUS VivoBook 16,Laptops,10799.3,4.0,0.16,36285.65,38
VTA0076896,05/11/2022,11,2022,C01168,Sr. Gregorio Merino,Oeste,Regular,V018,Lic. Gilberto Castellanos,Sur,P0127,Router WiFi 6 Mesh,Hogar Inteligente,5092.03,1.0,0.08,4684.67,44
VTA0076897,2022-11-12,11,2022,C00552,Esteban Santiago Leiva Sisneros,Norte,Premiun,V046,Hermelinda Josefina Rodarte Bahena,Norte,P0061,Batería Portátil 20000,Accesorios,1793.06,1.0,0.16,1506.17,32
VTA0076898,2022-11-29,11,2022,C00803,Vicente Colunga,Norte,Ocasional,V003,Jacinto Rivero Valladares,Centro,P0048,Skullcandy Crusher,Audio,3814.76,3.0,0.03,11100.95,44
VTA0076899,2022-11-08,11,2022,C04605,Noemí Preciado,Norte,Regular,V043,Homero Esquivel,Norte,P0103,Lente Canon RF 50mm,Fotografía,14084.71,5.0,0.1,63381.19,31
VTA0076900,2022-11-24,11,2022,C04186,César Cazares Pichardo,Sur,Regular,V021,  Cristal Valdés Maya  ,Sur,P0107,Tarjeta SD SanDisk 256,Fotografía,10120.4,3.0,0.11,27021.47,27
VTA0076901,2022-11-18,11,2022,C03866,  Gilberto Lomeli Valentín  ,Norte,Regular,V015,Joaquín Benavides Meza,Norte,P0104,Flash Godox V1,Fotografía,17306.84,3.0,0.11,46209.26,40
VTA0076902,2022-11-17,11,2022,C02255,Sr. Gerardo de la Rosa,Sur,Regular,V023,Fidel Negrete Domínguez,Sur,P0062,Reloj Smartwatch Band,Accesorios,1222.32,5.0,0.1,5500.44,38
VTA0076903,2022-11-26,11,2022,C03723,Francisco Solorzano,Norte,Premium,V046,Hermelinda Josefina Rodarte Bahena,Norte,P0057,Soporte Laptop Adjustable,Accesorios,500.4,1.0,0.16,420.34,39
VTA0076904,2022-11-23,11,2022,C01574,Clara Ariadna Tapia,Oeste,Ocasional,V040,Karla Silvia Mireles Patiño,Oeste,P0051,Funda iPhone 15 Pro,Accesorios,1313.71,5.0,0.14,5648.95,40
VTA0076905,2022-11-03,11,2022,C01361,,Oeste,Premiun,V001,Fernando Casares Jimínez,Oeste,P0061,Batería Portátil 20000,Accesorios,1822.63,4.0,0.12,6415.66,32
VTA0076906,12/11/2022,11,2022,C01698,Espartaco Rojo Córdova,Sur,Premium,V006,  Dr. Evelio Murillo  ,Sur,P0084,Steam Deck 512GB,Gaming,11850.34,1.0,0.03,11494.83,26
VTA0076907,2022-11-06,11,2022,C00646,Aurelio Luis Manuel Patiño,Norte,Premium,V009,Amanda María José Bravo,Norte,P0123,Cerradura Yale Smart,Hogar Inteligente,9353.75,3.0,0.17,23290.84,29
VTA0076908,29/11/2022,11,2022,C00079,Luisa Cortés Delgadillo,Oeste,Regular,V050,José María Gustavo Beltrán,Oeste,P0076,TCL Tab 10,Tablets,17279.7,3.0,0.02,50802.32,24
VTA0076909,2022-11-06,11,2022,C01081,Dulce Toro,Sur,premiun,V036,  Dr. Ignacio Aparicio  ,Sur,P0023,Microsoft Surface Pro 9,Laptops,34458.26,5.0,0.07,160230.91,27
VTA0076910,2022-11-10,11,2022,C04482,Lorenzo José Manuél Rodríguez,Oeste,Ocasional,V035,Estela Haro,Oeste,P0073,Microsoft Surface Go 3,gaming,10379.58,3.0,0.14,26779.32,22
VTA0076911,23/11/2022,11,2022,C04280,Estefanía Naranjo,Oeste,Premium,V047,  Estela Bianca Melgar Arias  ,Oeste,P0007,Realme GT5,Celulares,18695.81,2.0,0.12,32904.63,39
VTA0076912,2022-11-21,11,2022,C00898,Sra. Pilar de la Fuente,Oeste,Ocacional,V007,Conchita Leticia Gastélum Corral,Oeste,P0028,Dell Inspiron 15,Laptops,27261.45,1.0,0.03,26443.61,37
VTA0076913,01/11/2022,11,2022,C04640,Carlos Raúl Vargas Medrano,Este,Premium,V032,Nelly Barela Cardenas,Este,P0042,Audio Technica ATH,Audio,6491.64,5.0,0.09,29536.96,31
VTA0076914,2022-11-23,11,2022,C04162,Berta Saiz,Oeste,Regular,V047,  Estela Bianca Melgar Arias  ,Oeste,P0123,Cerradura Yale Smart,Hogar Inteligente,8848.72,4.0,0.02,34686.98,29
VTA0076915,2022-11-29,11,2022,C01964,,Este,Regular,V006,  Dr. Evelio Murillo  ,Sur,P0084,Steam Deck 512GB,Gaming,11760.77,1.0,0.12,10349.48,26
VTA0076916,2022-11-12,11,2022,C00049,Srita. Elsa Contreras,Sur,REGULAR,V008,Irene Franco,Sur,P0028,Dell Inspiron 15,Laptops,28192.63,4.0,0.06,106004.29,37
VTA0076917,2022-11-22,11,2022,C02453,Sr. José María Ayala,Sur,Regular,V038,Violeta Itzel Benavídez,Oeste,P0072,Huawei MatePad Pro,fotografia,18932.16,4.0,0.11,67398.49,43
VTA0076918,2022-11-06,11,2022,C03291,José Manuél Amaya,Centro,Ocasional,V017,Abraham Apodaca Colunga,Centro,P0038,Beats Studio Pro,celulares,2519.6,2.0,0.07,4686.46,39
VTA0076919,02/11/2022,11,2022,C04545,Benito Esparza,Sur,Premium,V019,Jacinto Rodrigo Salazar Rolón,Sur,P0039,Sennheiser HD 450,Audio,1047.09,2.0,0.14,1800.99,24
VTA0076920,2022-11-16,11,2022,C04647,  Ing. Marisol Valencia  ,Oeste,Premium,V050,José María Gustavo Beltrán,Oeste,P0014,Motorola G84,Celulares,6484.72,3.0,0.12,17119.66,20
VTA0076921,2022-11-25,11,2022,C03419,Nelly Patricia Cortez,Oeste,Ocasional,V040,Karla Silvia Mireles Patiño,Oeste,P0110,Reflector 5en1 80cm,Fotografía,15169.97,1.0,0.2,12135.98,26
VTA0076922,2022-11-10,11,2022,C03251,,Este,Ocasional,V034,Rufino Rivera,Sur,P0107,Tarjeta SD SanDisk 256,Fotografía,10699.98,1.0,0.17,8880.98,27
VTA0076923,2022-11-08,11,2022,C04535,Miguel Teodoro Chávez Cano,Oeste,REGULAR,V034,Rufino Rivera,Sur,P0047,Bose SoundLink,Audio,4145.42,3.0,0.15,10570.82,44
VTA0076924,2022-11-17,11,2022,C00830,Samuel Godínez Mares,Centro,Regular,V041,Srita. Nadia Casas,Centro,P0027,MacBook Air M2,Laptops,32588.71,4.0,0.08,119926.45,24
VTA0076925,2022-11-22,11,2022,C03070,Mario Ulibarri,Norte,Ocasional,V004,Aurora Zelaya,Norte,P0039,Sennheiser HD 450,Audio,971.56,3.0,0.0,2914.68,24
VTA0076926,2022-11-22,11,2022,C03921,Srita. Esperanza Merino,Centro,Premium,V033,Jaime Gamez Maldonado,Centro,P0084,Steam Deck 512GB,Gaming,11587.0,1.0,0.12,10196.56,26
VTA0076927,2022-11-17,11,2022,C01508,Gregorio Mondragón,Este,Ocasional,V049,Ing. María Teresa Bétancourt,Este,P0002,Samsung Galaxy S24,Celulares,8756.15,3.0,0.18,21540.13,19
VTA0076928,2022-11-22,11,2022,C04170,Dalia Carrión García,Sur,Regular,V019,Jacinto Rodrigo Salazar Rolón,Sur,P0073,Microsoft Surface Go 3,Tablets,10187.54,5.0,0.19,41259.54,22
VTA0076929,2022-11-04,11,2022,C04263,Aurelio Luis Miguel Guardado,Norte,Premium,V002,Nelly Marrero Ortiz,Norte,P0009,Sony Xperia 1 VI,LAPTOPS,24099.15,5.0,0.02,118085.84,24
VTA0076930,2022-11-06,11,2022,C02958,Javier Carrillo Loera,Este,Regular,V028,Sofía Delia Gurule Cantú,Centro,P0021,ASUS ROG Zephyrus,Laptops,13296.79,5.0,0.12,58505.88,36
VTA0076931,2022-11-25,11,2022,C02036,  Ing. Helena Cisneros  ,Oeste,Ocasional,V022,Bernardo Lemus Caballero,Oeste,P0108,Batería Canon LP-E6,Fotografía,16263.96,1.0,0.14,13987.01,32
VTA0076932,17/11/2022,11,2022,C04203,Dolores Abril Bermúdez Almonte,Sur,Premium,V027,Claudio Andrés Gómez Sosa,Sur,P0111,Monitor Portátil 4K,Fotografía,6355.06,1.0,0.12,5592.45,41
VTA0076933,2022-11-23,11,2022,C00441,Andrea Irma Galindo,Centro,Premium,V048,Ivonne Véliz,Centro,P0086,Silla Gamer DXRacer,Gaming,22906.7,1.0,0.02,22448.57,26
VTA0076934,2022-11-24,11,2022,C03119,Adela Francisca Durán,Centro,premiun,V041,Srita. Nadia Casas,Centro,P0107,Tarjeta SD SanDisk 256,Fotografía,10459.46,2.0,0.03,20291.35,27
VTA0076935,2022-11-03,11,2022,C01742,Débora María Eugenia Luevano Benítez,Sur,Premiun,V013,Alvaro Gaona Ocasio,Sur,P0093,GPU RTX 4070 Ti,Gaming,31613.54,2.0,0.2,50581.66,29
VTA0076936,2022-11-25,11,2022,C02902,Inés Florencia Palomino Olmos,Sur,Regular,V018,Lic. Gilberto Castellanos,Sur,P0100,Fujifilm X-T5,Fotografía,15611.14,1.0,0.12,13737.8,42
VTA0076937,2022-11-30,11,2022,C02428,Sr. Gustavo Domínguez,Norte,Regular,V002,Nelly Marrero Ortiz,Norte,P0074,iPad Mini 6,LAPTOPS,19314.88,1.0,0.1,17383.39,31
VTA0076938,2022-11-09,11,2022,C04834,Víctor Henríquez,Sur,Regular,V006,  Dr. Evelio Murillo  ,Sur,P0078,Chuwi HiPad X,Tablets,13360.38,1.0,0.03,12959.57,20
VTA0076939,2022-11-20,11,2022,C04890,Irma Becerra,Norte,Premium,V009,Amanda María José Bravo,Norte,P0055,Teclado Keychron K2,Accesorios,1353.44,1.0,0.05,1285.77,28
VTA0076940,2022-11-10,11,2022,C03412,Eduardo Juan Carlos Orta,Oeste,Regular,V039,Sr. Modesto Guillen,Oeste,P0006,Motorola Edge 50,Celulares,8789.63,4.0,0.09,31994.25,32
VTA0076941,2022-11-07,11,2022,C03663,Alejandro Jorge Luis Alcántar,Centro,Premium,V044,Julia Esther Solorio,Centro,P0025,Razer Blade 15,Laptops,27245.41,3.0,0.11,72745.24,44
VTA0076942,2022-11-03,11,2022,C03140,Yuridia Paulina Barela Carreón,Sur,Ocasional,V048,Ivonne Véliz,Centro,P0044,Anker Q45,LAPTOPS,6674.92,5.0,0.15,28368.41,23
VTA0076943,2022-11-10,11,2022,C02315,Dulce María Wendolin Lomeli,Centro,Regular,V028,Sofía Delia Gurule Cantú,Centro,P0006,Motorola Edge 50,Celulares,8076.65,3.0,0.19,19626.26,32
VTA0076944,2022-11-18,11,2022,C00139,,Norte,Regular,V042,  Srita. Sandra Escamilla  ,Norte,P0109,Filtro ND Variable,Fotografía,3608.81,1.0,0.17,2995.31,30
VTA0076945,2022-11-09,11,2022,C04594,Fidel Lovato,Oeste,Premium,V001,Fernando Casares Jimínez,Oeste,P0121,Roomba j7 Plus,Hogar Inteligente,6648.62,4.0,0.05,25264.76,38
VTA0076946,2022-11-07,11,2022,C01738,Abigail Duarte,Centro,Ocacional,V044,Julia Esther Solorio,Centro,P0065,iPad Pro M2 12.9,Tablets,7363.02,,0.16,12369.87,21
VTA0076947,2022-11-21,11,2022,C03193,Jerónimo Reséndez Apodaca,Norte,Regular,V042,  Srita. Sandra Escamilla  ,Norte,P0004,Google Pixel 8,Celulares,5663.66,4.0,0.07,21068.82,34
VTA0076948,2022-11-24,11,2022,C01578,Timoteo Bernal Lugo,Este,Premium,V005,Aldo Adán Rodrígez Galarza,Este,P0111,Monitor Portátil 4K,Fotografía,6430.6,2.0,0.11,11446.47,41
VTA0076949,2022-11-19,11,2022,C02387,Marco Antonio Emilio Tamez,Centro,Ocasional,V006,  Dr. Evelio Murillo  ,Sur,P0007,Realme GT5,Celulares,18811.33,4.0,0.11,66968.33,39
VTA0076950,2022-11-18,11,2022,C01942,Lorena Ulloa,Norte,Ocasional,V029,Francisco Ballesteros,Norte,P0090,Control Xbox Elite 2,Gaming,26841.22,2.0,0.09,48851.02,40
VTA0076951,2022-11-10,11,2022,C01340,Abraham Acosta,Sur,Ocasional,V013,Alvaro Gaona Ocasio,Sur,P0099,Nikon Z6 III,LAPTOPS,28758.22,3.0,0.15,73333.46,21
VTA0076952,2022-11-14,11,2022,C01255,Berta Yuridia Alvarado,Norte,Regular,V049,Ing. María Teresa Bétancourt,Este,P0060,Adaptador HDMI 4K,Accesorios,1004.94,1.0,0.19,814.0,29
VTA0076953,2022-11-25,11,2022,C04554,Gabino Villagómez Ojeda,Este,Premiun,V032,Nelly Barela Cardenas,Este,P0099,Nikon Z6 III,Fotografía,27515.75,2.0,0.08,50628.98,21
VTA0076954,2022-11-01,11,2022,C04995,Víctor Soria,Centro,REGULAR,V041,Srita. Nadia Casas,Centro,P0012,Samsung A55,Celulares,20498.86,4.0,0.09,74615.85,36
VTA0076955,2022-11-11,11,2022,C00628,Dr. Guillermo Ramón,Centro,Premiun,V033,Jaime Gamez Maldonado,Centro,P0056,Webcam Logitech C920,Accesorios,1907.3,1.0,0.17,1583.06,43
VTA0076956,2022-11-28,11,2022,C04101,Luis Marcos Narváez Quintero,Este,Premium,V010,Sra. Guadalupe Llamas,Este,P0024,LG Gram 17,Laptops,44614.91,1.0,0.05,42384.16,26
VTA0076957,2022-11-30,11,2022,C03902,Abril Inés Madrigal,Este,Premium,V049,Ing. María Teresa Bétancourt,Este,P0062,Reloj Smartwatch Band,Accesorios,1199.25,1.0,0.03,1163.27,38
VTA0076958,2022-11-03,11,2022,C03634,Dr. Horacio Castillo,Este,Ocasional,V032,Nelly Barela Cardenas,Este,P0078,Chuwi HiPad X,Tablets,13078.22,5.0,0.01,64737.19,20
VTA0076959,08/11/2022,11,2022,C03352,Débora Catalina Ruelas Reyna,Centro,Regular,V033,Jaime Gamez Maldonado,Centro,P0069,Xiaomi Pad 6 Pro,Tablets,5449.39,2.0,0.11,9699.91,37
VTA0076960,2022-11-19,11,2022,C04987,Abigail Olmos,Centro,Premium,V031,  Bernabé César Salazar  ,Centro,P0036,Samsung Galaxy Buds2,Audio,6556.86,2.0,0.08,12064.62,43
VTA0076961,2022-11-11,11,2022,C00702,Leonel Eloy Benavídez Torres,Sur,Regular,V019,Jacinto Rodrigo Salazar Rolón,Sur,P0045,Marshall Emberton III,Audio,7648.15,2.0,0.11,13613.71,22
VTA0076962,2022-11-09,11,2022,C04963,Germán Tórrez Fonseca,Sur,Premium,V034,Rufino Rivera,Sur,P0014,Motorola G84,Celulares,6774.42,3.0,0.04,19510.33,20
VTA0076963,2022-11-11,11,2022,C03882,,Norte,Regular,V046,Hermelinda Josefina Rodarte Bahena,Norte,P0029,HP Pavilion 15,tablets,8470.36,1.0,0.01,8385.66,24
VTA0076964,2022-11-08,11,2022,C00473,Yolanda Martha Elizondo,Sur,Ocasional,V006,  Dr. Evelio Murillo  ,Sur,P0114,Google Nest Hub 2,Hogar Inteligente,5905.55,1.0,0.19,4783.5,45
VTA0076965,27/11/2022,11,2022,C04182,Luis Miguel Curiel,Norte,Regular,V002,Nelly Marrero Ortiz,Norte,P0088,Teclado Razer Huntsman,Gaming,22258.9,2.0,0.18,36504.6,44
VTA0076966,02/11/2022,11,2022,C04500,Armando Iván Bañuelos Perea,Sur,Regular,V036,  Dr. Ignacio Aparicio  ,Sur,P0088,Teclado Razer Huntsman,Gaming,22877.24,5.0,0.1,102947.58,44
VTA0076967,09/11/2022,11,2022,C03260,Ana Luisa Aragón,Sur,Ocasional,V021,  Cristal Valdés Maya  ,Sur,P0048,Skullcandy Crusher,Audio,3580.44,3.0,0.0,10741.32,44
VTA0076968,2022-11-08,11,2022,C01859,Leonel Villaseñor Peralta,Sur,Premium,V012,Rubén Marco Antonio Orta Ramos,Sur,P0112,Estabilizador DJI OM6,Fotografía,15749.31,2.0,0.16,26458.84,33
VTA0076969,2022-11-01,11,2022,C03796,Mariano Francisco Macías Pedraza,Oeste,Ocasional,V007,Conchita Leticia Gastélum Corral,Oeste,P0007,Realme GT5,Celulares,17376.61,4.0,0.11,61860.73,39
VTA0076970,2022-11-08,11,2022,C01235,Roberto Lorenzo Bustamante,Este,Regular,V032,Nelly Barela Cardenas,Este,P0005,OnePlus 12,Celulares,5771.44,2.0,0.14,9926.88,40
VTA0076971,2022-11-19,11,2022,C02090,Marisol Corral Lira,Oeste,Regular,V035,Estela Haro,Oeste,P0090,Control Xbox Elite 2,Gaming,25501.83,4.0,0.02,99967.17,40
VTA0076972,2022-11-02,11,2022,C00275,Ing. Gabino Pabón,Centro,REGULAR,V037,Victoria Caridad Concepción,Centro,P0004,Google Pixel 8,Celulares,5604.27,4.0,0.1,20175.37,34
VTA0076973,2022-11-26,11,2022,C01959,Ruby Olivia Véliz,Norte,premiun,V016,Octavio Mario Rincón Marín,Norte,P0115,Apple HomePod Mini,Hogar Inteligente,7545.49,1.0,0.02,7394.58,46
VTA0076974,10/11/2022,11,2022,C00913,Dra. Carolina Quiñones,Norte,Regular,V009,Amanda María José Bravo,Norte,P0112,Estabilizador DJI OM6,Fotografía,14526.17,4.0,0.14,49970.02,33
VTA0076975,2022-11-12,11,2022,C04006,Amelia Yeni Durán Tirado,Oeste,premiun,V027,Claudio Andrés Gómez Sosa,Sur,P0077,Blackview Tab 16,tablets,10545.83,2.0,0.12,18560.66,21
VTA0076976,2022-11-15,11,2022,C01117,Marisela Asunción Sanabria Guillen,Oeste,Ocasional,V007,Conchita Leticia Gastélum Corral,Oeste,P0005,OnePlus 12,hogar inteligente,5689.07,4.0,0.09,20708.21,40
VTA0076977,2022-11-06,11,2022,C04082,Srita. Delia Saucedo,Norte,Ocasional,V009,Amanda María José Bravo,Norte,P0070,Amazon Fire HD 10,Tablets,18707.08,4.0,0.07,69590.34,33
VTA0076978,2022-11-08,11,2022,C04010,Sr. José Eduardo Batista,Norte,Premium,V016,Octavio Mario Rincón Marín,Norte,P0088,Teclado Razer Huntsman,Gaming,22752.76,2.0,0.06,42775.19,44
VTA0076979,2022-11-11,11,2022,C02589,Dr. Jacobo Piña,Oeste,Regular,V035,Estela Haro,Oeste,P0055,Teclado Keychron K2,Accesorios,1250.98,1.0,0.18,1025.8,28
VTA0076980,2022-11-01,11,2022,C04138,Germán Óscar Alfaro,Norte,Ocasional,V043,Homero Esquivel,Norte,P0055,Teclado Keychron K2,Accesorios,1250.9,2.0,0.19,2026.46,28
VTA0076981,24/11/2022,11,2022,C04400,Luis Rubén Vaca Guillen,Norte,Regular,V002,Nelly Marrero Ortiz,Norte,P0037,JBL Charge 5,Audio,7723.91,3.0,0.1,20854.56,21
VTA0076982,2022-11-04,11,2022,C03439,  Ing. Citlali Valles  ,Oeste,Premium,V016,Octavio Mario Rincón Marín,Norte,P0072,Huawei MatePad Pro,LAPTOPS,18365.62,3.0,0.04,52892.99,43
VTA0076983,2022-11-11,11,2022,C02924,Srita. Lilia Bustos,Oeste,REGULAR,V038,Violeta Itzel Benavídez,Oeste,P0109,Filtro ND Variable, Accesorios,3711.0,2.0,0.17,6160.26,30
VTA0076984,01/11/2022,11,2022,C00869,Srita. Daniela Valencia,Oeste,Premium,V035,Estela Haro,Oeste,P0001,iPhone 15 Pro,Celulares,18620.38,3.0,0.2,44688.91,37
VTA0076985,2022-11-05,11,2022,C02030,Hernán Rodrigo de Jesús,Norte,Premium,V046,Hermelinda Josefina Rodarte Bahena,Norte,P0008,OPPO Find X7,Celulares,20186.34,4.0,0.06,75900.64,26
VTA0076986,2022-11-24,11,2022,C03902,Abril Inés Madrigal,Este,Premium,V005,Aldo Adán Rodrígez Galarza,Este,P0062,Reloj Smartwatch Band,Accesorios,1276.41,2.0,0.18,2093.31,38
VTA0076987,2022-11-27,11,2022,C03720,José Luis Eduardo Raya Bétancourt,Sur,Regular,V021,  Cristal Valdés Maya  ,Sur,P0019,HP Spectre x360,Laptops,38684.9,4.0,0.05,147002.62,26
VTA0076988,2022-11-01,11,2022,C04556,Abigail Parra Longoria,Centro,Premium,V041,Srita. Nadia Casas,Centro,P0031,Acer Aspire 7,Laptops,8385.12,2.0,0.05,15931.73,38
VTA0076989,22/11/2022,11,2022,C03773,Emiliano Leonardo Tejada Gil,Sur,Premium,V006,  Dr. Evelio Murillo  ,Sur,P0112,Estabilizador DJI OM6,Fotografía,15561.91,1.0,0.06,14628.2,33
VTA0076990,2022-11-15,11,2022,C01562,Claudia Virginia Ojeda Osorio,Este,Premium,V010,Sra. Guadalupe Llamas,Este,P0057,Soporte Laptop Adjustable,Accesorios,538.85,5.0,0.17,2236.23,39
VTA0076991,2022-11-12,11,2022,C02887,,Norte,Ocasional,V045,Marisela Vanesa Chapa Aranda,Norte,P0007,Realme GT5,Celulares,16752.65,1.0,0.11,14909.86,39
VTA0076992,2022-11-09,11,2022,C03796,Mariano Francisco Macías Pedraza,Oeste,Ocasional,V014,Ofelia Miriam Negrón,Oeste,P0058,Mochila Techpack 30L,Accesorios,768.22,4.0,0.18,2519.76,23
VTA0076993,2022-11-05,11,2022,C01403,Mariana Guillermina Ybarra,Este,Premium,V011,Clara Loera,Este,P0093,GPU RTX 4070 Ti,Gaming,26753.38,5.0,0.19,108351.19,29
VTA0076994,15/11/2022,11,2022,C02040,Dr. René Mojica,Oeste,Regular,V026,Ing. Elias Valdivia,Oeste,P0057,Soporte Laptop Adjustable,Accesorios,486.02,3.0,0.19,1181.03,39
VTA0076995,2022-11-02,11,2022,C00412,Nancy Antonia Hidalgo,Centro,Premium,V041,Srita. Nadia Casas,Centro,P0064,Limpiador Pantallas Kit,Accesorios,1269.23,2.0,0.11,2259.23,44
VTA0076996,2022-11-07,11,2022,C04005,Ing. Benjamín Collado,Sur,Regular,V025,Manuel Gerónimo Armas,Sur,P0015,Nokia G42,Celulares,18072.76,1.0,0.08,16626.94,26
VTA0076997,2022-11-12,11,2022,C01765,Armando Marroquín,Oeste,Premium,V050,José María Gustavo Beltrán,Oeste,P0062,Reloj Smartwatch Band,Accesorios,1292.08,5.0,0.18,5297.53,38
VTA0076998,2022-11-18,11,2022,C01494,Clemente Felix Bernal,Centro,Premiun,V017,Abraham Apodaca Colunga,Centro,P0099,Nikon Z6 III,Fotografía,31269.72,2.0,0.13,54409.31,21
VTA0076999,2022-11-04,11,2022,C01668,Amanda Soria Flores,Este,Regular,V044,Julia Esther Solorio,Centro,P0046,JBL Flip 6,Audio,2622.14,1.0,0.16,2202.6,40
VTA0077000,2022-11-17,11,2022,C02480,Irma Márquez Villa,Este,Premium,V005,Aldo Adán Rodrígez Galarza,Este,P0067,iPad Air M1,Tablets,17409.06,5.0,0.15,-73988.5,39
VTA0077001,2022-11-03,11,2022,C00376,  Sara Reynoso Olmos  ,Sur,Ocacional,V027,Claudio Andrés Gómez Sosa,Sur,P0125,TV Samsung QLED 55,Hogar Inteligente,2608.12,1.0,0.1,2347.31,20
VTA0077002,2022-11-24,11,2022,C04889,Dr. Gerardo Medrano,Norte,Regular,V015,Joaquín Benavides Meza,Norte,P0038,Beats Studio Pro,Audio,2378.25,4.0,0.07,8847.09,39
VTA0077003,2022-11-20,11,2022,C03670,Marcos Ricardo Velázquez,Sur,Premium,V012,Rubén Marco Antonio Orta Ramos,Sur,P0102,GoPro Hero 12,hogar inteligente,25902.91,2.0,0.08,-47661.35,45
VTA0077004,2022-11-02,11,2022,C02349,Lic. Aida Mayorga,Sur,ocasional,V013,Alvaro Gaona Ocasio,Sur,P0099,Nikon Z6 III,Fotografía,29261.55,4.0,0.0,117046.2,21
VTA0077005,2022-11-15,11,2022,C04943,Sra. Reina Meléndez,Sur,Regular,V008,Irene Franco,Sur,P0097,Canon EOS R6 Mark II,Fotografía,31835.37,2.0,0.09,57940.37,38
VTA0077006,2022-11-22,11,2022,C04195,Evelio Eduardo Abreu del Río,Norte,Regular,V042,  Srita. Sandra Escamilla  ,Norte,P0089,Mouse Logitech G Pro X,Gaming,7406.16,2.0,0.04,14219.83,45
VTA0077007,15/11/2022,11,2022,C03509,Fernando Octavio Riojas Barreto,Norte,Premium,V034,Rufino Rivera,Sur,P0094,RAM Corsair 32GB,Gaming,16609.86,3.0,0.1,44846.62,26
VTA0077008,2022-11-20,11,2022,C01257,Ángel Palomino,Este,Premium,V031,  Bernabé César Salazar  ,Centro,P0037,JBL Charge 5,Audio,7196.93,4.0,0.16,-24181.68,21
VTA0077009,2022-11-22,11,2022,C00901,Patricio Yáñez,Oeste,Premium,V001,Fernando Casares Jimínez,Oeste,P0096,Cooling Noctua NH-D15,Gaming,10005.01,1.0,0.13,8704.36,41
VTA0077010,06/11/2022,11,2022,C01000,Concepción Corrales,Norte,Ocasional,V015,Joaquín Benavides Meza,Norte,P0042,Audio Technica ATH,Audio,6167.99,1.0,0.03,5982.95,31
VTA0077011,30/11/2022,11,2022,C04136,Víctor Feliciano Cornejo,Oeste,Regular,V035,Estela Haro,Oeste,P0098,Sony Alpha 7 IV,Fotografía,20629.97,1.0,0.11,18360.67,34
VTA0077012,2022-11-21,11,2022,C03269,Evelio Benjamín Alonzo Moya,Centro,Ocasional,V048,Ivonne Véliz,Centro,P0004,Google Pixel 8,Celulares,5656.47,3.0,0.08,15611.86,34
VTA0077013,2022-11-27,11,2022,C04418,Guillermina Daniela Sauceda,Centro,Premiun,V003,Jacinto Rivero Valladares,Centro,P0093,GPU RTX 4070 Ti,Gaming,28105.21,,0.13,48903.07,29
VTA0077014,2022-11-03,11,2022,C00451,Sr. Gilberto Munguía,Este,Ocasional,V049,Ing. María Teresa Bétancourt,Este,P0033,Sony WH-1000XM5,Audio,6555.92,3.0,0.16,16520.92,25
VTA0077015,2022-11-20,11,2022,C00892,Lic. Jaqueline Narváez,Sur,Ocasional,V006,  Dr. Evelio Murillo  ,Sur,P0111,Monitor Portátil 4K,Fotografía,7018.72,5.0,0.03,34040.79,41
VTA0077016,2022-11-07,11,2022,C03462,  Alfredo Luis Calvillo  ,Centro,Regular,V028,Sofía Delia Gurule Cantú,Centro,P0067,iPad Air M1,Tablets,14904.27,3.0,0.02,43818.55,39
VTA0077017,2022-11-29,11,2022,C00707,José María Benavides Niño,Oeste,Premiun,V040,Karla Silvia Mireles Patiño,Oeste,P0032,ASUS VivoBook 16,Laptops,11253.96,3.0,0.14,29035.22,38
VTA0077018,2022-11-29,11,2022,C03816,Ing. Mario Laureano,Este,Regular,V032,Nelly Barela Cardenas,Este,P0041,Bang Olufsen H95,Audio,6213.23,1.0,0.1,5591.91,20
VTA0077019,2022-11-05,11,2022,C00995,José María Arteaga Prado,Norte,premiun,V018,Lic. Gilberto Castellanos,Sur,P0013,Xiaomi Redmi Note 13,Celulares,12950.85,4.0,0.15,44032.89,30
VTA0077020,2022-11-03,11,2022,C00990,Dra. Pamela Barrientos,Centro,Premium,V003,Jacinto Rivero Valladares,Centro,P0030,Lenovo IdeaPad 5,Laptops,45670.82,4.0,0.12,160761.29,21
VTA0077021,2022-11-03,11,2022,C02291,Mitzy Ortega de Jesús,Sur,Premium,V025,Manuel Gerónimo Armas,Sur,P0079,Realme Pad 2,Tablets,8624.72,4.0,0.04,33118.92,20
VTA0077022,10/11/2022,11,2022,C04225,Lic. Bruno Camarillo,Oeste,Ocacional,V038,Violeta Itzel Benavídez,Oeste,P0091,Capturadora Elgato 4K,Gaming,1465.94,1.0,0.1,1319.35,25
VTA0077023,2022-11-22,11,2022,C01628,,Este,Ocasional,V011,Clara Loera,Este,P0098,Sony Alpha 7 IV,Fotografía,17738.04,3.0,0.09,48424.85,34
VTA0077024,2022-11-15,11,2022,C01183,  Ramiro Octavio Lira  ,Norte,Ocacional,V015,Joaquín Benavides Meza,Norte,P0059,Audífonos USB-C,Accesorios,1453.54,1.0,0.07,1351.79,43
VTA0077025,2022-11-22,11,2022,C01114,Guillermo Meraz,Oeste,Ocasional,V007,Conchita Leticia Gastélum Corral,Oeste,P0078,Chuwi HiPad X,Tablets,13974.3,3.0,0.06,39407.53,20
VTA0077026,2022-11-21,11,2022,C03455,Gabriela Suárez Carmona,Oeste,Premium,V026,Ing. Elias Valdivia,Oeste,P0123,Cerradura Yale Smart,Hogar Inteligente,8716.42,3.0,0.06,24580.3,29
VTA0077027,30/11/2022,11,2022,C02869,Eloy Puente,Este,Regular,V032,Nelly Barela Cardenas,Este,P0025,Razer Blade 15,Laptops,29196.1,2.0,0.14,50217.29,44
VTA0077028,2022-11-29,11,2022,C00136,Daniel Víctor Flores,Oeste,Ocasional,V030,Gustavo Camilo Ochoa Gamboa,Oeste,P0126,Proyector BenQ 4K,Hogar Inteligente,7223.71,5.0,0.15,30700.77,35
VTA0077029,2022-11-22,11,2022,C02691,  Gabriel Darío Montenegro  ,Este,Regular,V009,Amanda María José Bravo,Norte,P0124,Sensor Movimiento Aqara,hogar inteligente,7829.43,1.0,0.17,6498.43,35
VTA0077030,2022-11-06,11,2022,C03508,Tania Chavarría,Este,Regular,V011,Clara Loera,Este,P0058,Mochila Techpack 30L,Accesorios,840.29,1.0,0.01,831.89,23
VTA0077031,2022-11-03,11,2022,C02308,Esperanza Coronado Barajas,Este,Premium,V011,Clara Loera,Este,P0022,Acer Swift 5,Laptops,32739.05,1.0,0.16,27500.8,41
VTA0077032,2022-11-18,11,2022,C03812,,Sur,Ocasional,V036,  Dr. Ignacio Aparicio  ,Sur,P0091,Capturadora Elgato 4K,Gaming,1665.36,5.0,0.15,7077.78,25
VTA0077033,2022-11-12,11,2022,C04780,Sonia Cano,Sur,Premium,V018,Lic. Gilberto Castellanos,Sur,P0110,Reflector 5en1 80cm,Fotografía,15748.52,3.0,0.17,39213.81,26
VTA0077034,2022-11-26,11,2022,C04306,Reina Reyna Quezada,Centro,Premium,V044,Julia Esther Solorio,Centro,P0052,Protector Pantalla S24,Accesorios,1133.87,4.0,0.19,3673.74,31
VTA0077035,29/11/2022,11,2022,C00036,Silvia Carolina Olivas,Este,Ocasional,V049,Ing. María Teresa Bétancourt,Este,P0096,Cooling Noctua NH-D15,Gaming,10052.38,5.0,0.04,48251.42,41
VTA0077036,2022-11-05,11,2022,C01768,Luis Manuel José Manuél Brito,Norte,premiun,V043,Homero Esquivel,Norte,P0025,Razer Blade 15,Laptops,26974.67,4.0,0.03,104661.72,44
VTA0077037,2022-11-19,11,2022,C03746,Anel Rolón,Sur,Regular,V013,Alvaro Gaona Ocasio,Sur,P0057,Soporte Laptop Adjustable,Accesorios,570.84,4.0,0.09,2077.86,39
VTA0077038,2022-11-16,11,2022,C03536,Rocío Guerrero,Centro,Premium,V003,Jacinto Rivero Valladares,Centro,P0118,Termostato Nest 3,Hogar Inteligente,1511.47,4.0,0.11,5380.83,30
VTA0077039,2022-11-03,11,2022,C02864,  Dr. José María Carrasco  ,Sur,Premium,V023,Fidel Negrete Domínguez,Sur,P0074,iPad Mini 6,Tablets,19437.8,4.0,0.12,68421.06,31
VTA0077040,2022-11-28,11,2022,C02895,Ernesto Manuel Muro,Centro,Ocasional,V028,Sofía Delia Gurule Cantú,Centro,P0042,Audio Technica ATH,celulares,6013.01,1.0,0.16,5050.93,31
VTA0077041,2022-11-26,11,2022,C03316,,Este,Ocasional,V040,Karla Silvia Mireles Patiño,Oeste,P0041,Bang Olufsen H95,Audio,5687.36,4.0,0.11,20247.0,20
VTA0077042,2022-11-26,11,2022,C04086,Leticia Lucero Mayorga,Oeste,Premium,V014,Ofelia Miriam Negrón,Oeste,P0113,Alexa Echo Dot 5,Hogar Inteligente,10965.79,4.0,0.11,39038.21,20
VTA0077043,02/11/2022,11,2022,C03966,José Luis Claudio Paredes,Oeste,Premium,V050,José María Gustavo Beltrán,Oeste,P0011,iPhone 14,Celulares,9617.21,4.0,0.18,31544.45,43
VTA0077044,2022-11-13,11,2022,C01219,Elvira Zoé Cuellar Negrete,Centro,Ocasional,V003,Jacinto Rivero Valladares,Centro,P0025,Razer Blade 15,Laptops,29234.85,2.0,0.01,57885.0,44
VTA0077045,2022-11-02,11,2022,C04702,  Dr. Luis Manuel Curiel  ,Este,Premium,V049,Ing. María Teresa Bétancourt,Este,P0110,Reflector 5en1 80cm,Fotografía,15573.63,1.0,0.16,13081.85,26
VTA0077046,2022-11-24,11,2022,C02388,Abraham Candelaria Soria,Sur,Regular,V019,Jacinto Rodrigo Salazar Rolón,Sur,P0118,Termostato Nest 3,Hogar Inteligente,1329.6,3.0,0.16,3350.59,30
VTA0077047,2022-11-09,11,2022,C00797,Indira Miramontes Báez,Norte,Premium,V014,Ofelia Miriam Negrón,Oeste,P0043,Sony WF-1000XM5, Accesorios,4125.29,2.0,0.12,7260.51,25
VTA0077048,2022-11-22,11,2022,C01799,Abel Avilés,Norte,REGULAR,V029,Francisco Ballesteros,Norte,P0070,Amazon Fire HD 10,Tablets,16091.88,3.0,0.09,43930.83,33
VTA0077049,2022-11-21,11,2022,C03152,José Emilio Mauricio Blanco,Norte,Ocasional,V043,Homero Esquivel,Norte,P0011,iPhone 14,Celulares,10778.61,1.0,0.05,10239.68,43
VTA0077050,2022-11-20,11,2022,C04112,  Germán Alcántar Coronado  ,Sur,premiun,V027,Claudio Andrés Gómez Sosa,Sur,P0072,Huawei MatePad Pro,Tablets,17540.73,4.0,0.13,61041.74,43
VTA0077051,2022-11-09,11,2022,C02411,Rosario Hernández,Sur,Premiun,V006,  Dr. Evelio Murillo  ,Sur,P0072,Huawei MatePad Pro,Tablets,19659.53,4.0,0.07,73133.45,43
VTA0077052,2022-11-22,11,2022,C01880,Lic. Fidel Lozada,Oeste,premiun,V039,Sr. Modesto Guillen,Oeste,P0034,AirPods Pro 2,Audio,1170.28,2.0,0.05,2223.53,27
VTA0077053,2022-11-12,11,2022,C00716,  Maximiliano Ramón Soto  ,Sur,Premium,V001,Fernando Casares Jimínez,Oeste,P0073,Microsoft Surface Go 3,Tablets,12076.25,5.0,0.05,57362.19,22
VTA0077054,2022-11-21,11,2022,C01866,Francisco Javier Eloy Peña Nieves,Oeste,Premium,V047,  Estela Bianca Melgar Arias  ,Oeste,P0096,Cooling Noctua NH-D15,Gaming,10179.84,2.0,0.0,-20359.68,41
VTA0077055,2022-11-24,11,2022,C00382,Micaela Fabiola Segovia Ferrer,Centro,Regular,V048,Ivonne Véliz,Centro,P0060,Adaptador HDMI 4K,Accesorios,1037.75,1.0,0.17,861.33,29
VTA0077056,2022-11-10,11,2022,C02747,Inés Abigail Moya,Este,premiun,V011,Clara Loera,Este,P0045,Marshall Emberton III,Audio,7828.3,5.0,0.07,36401.6,22
VTA0077057,10/11/2022,11,2022,C01390,Irma María Cristina Nevárez Leiva,Oeste,Regular,V050,José María Gustavo Beltrán,Oeste,P0091,Capturadora Elgato 4K,Gaming,1497.24,1.0,0.09,1362.49,25
VTA0077058,2022-11-14,11,2022,C02596,Ofelia Noelia Ocasio,Centro,Ocasional,V033,Jaime Gamez Maldonado,Centro,P0124,Sensor Movimiento Aqara,audio ,7302.25,2.0,0.17,12121.73,35
VTA0077059,27/11/2022,11,2022,C01180,,Este,Premiun,V016,Octavio Mario Rincón Marín,Norte,P0093,GPU RTX 4070 Ti,Gaming,27143.2,5.0,0.02,133001.68,29
VTA0077060,2022-11-14,11,2022,C01489,Lucía Quesada Lebrón,Oeste,Ocasional,V035,Estela Haro,Oeste,P0015,Nokia G42,Celulares,19794.04,5.0,0.11,88083.48,26
VTA0077061,2022-11-08,11,2022,C02307,Sra. Abril Castro,Oeste,Ocasional,V014,Ofelia Miriam Negrón,Oeste,P0063,Pad Mouse XL Gaming,Accesorios,1921.2,5.0,0.14,8261.16,42
VTA0077062,2022-11-03,11,2022,C00814,Hermelinda Rael Reynoso,Sur,Regular,V027,Claudio Andrés Gómez Sosa,Sur,P0058,Mochila Techpack 30L,Accesorios,828.97,5.0,0.04,3979.06,23
VTA0077063,2022-11-15,11,2022,C02572,Anel Garza,Este,Premium,V005,Aldo Adán Rodrígez Galarza,Este,P0115,Apple HomePod Mini,Hogar Inteligente,7765.56,2.0,0.07,14443.94,46
VTA0077064,2022-11-20,11,2022,C01371,Dra. Frida Cortez,Norte,Premiun,V016,Octavio Mario Rincón Marín,Norte,P0116,Foco Philips Hue,Hogar Inteligente,3752.71,2.0,0.14,6454.66,44
VTA0077065,2022-11-23,11,2022,C01563,  María Luisa Ana María Correa Pérez  ,Oeste,premiun,V009,Amanda María José Bravo,Norte,P0084,Steam Deck 512GB,Gaming,11488.8,2.0,0.0,22977.6,26
VTA0077066,2022-11-11,11,2022,C04374,César Marco Antonio Espinosa,Norte,Premium,V036,  Dr. Ignacio Aparicio  ,Sur,P0018,Dell XPS 15,Laptops,35399.82,4.0,0.05,134519.32,40
VTA0077067,17/11/2022,11,2022,C03882,Eugenio Gracia,Norte,Regular,V015,Joaquín Benavides Meza,Norte,P0093,GPU RTX 4070 Ti,Gaming,31329.14,2.0,0.05,59525.37,29
VTA0077068,05/11/2022,11,2022,C03149,Camilo Zamora Ornelas,Este,Premium,V011,Clara Loera,Este,P0070,Amazon Fire HD 10,Tablets,17038.12,3.0,0.14,43958.35,33
VTA0077069,2022-11-05,11,2022,C02886,  Raquel Guevara  ,Oeste,Premium,V030,Gustavo Camilo Ochoa Gamboa,Oeste,P0127,Router WiFi 6 Mesh,Hogar Inteligente,4996.97,5.0,0.11,-22236.52,44
VTA0077070,2022-11-04,11,2022,C00549,Humberto Orellana de Anda,Centro,Premium,V039,Sr. Modesto Guillen,Oeste,P0031,Acer Aspire 7,Laptops,8951.02,4.0,0.16,-30075.43,38
VTA0077071,2022-11-02,11,2022,C04426,  Bernardo Carrero  ,Sur,Premium,V027,Claudio Andrés Gómez Sosa,Sur,P0019,HP Spectre x360,Laptops,33773.03,4.0,0.06,126986.59,26
VTA0077072,21/11/2022,11,2022,C00305,Georgina Úrsula Lucio Colunga,Oeste,Ocasional,V030,Gustavo Camilo Ochoa Gamboa,Oeste,P0098,Sony Alpha 7 IV,Fotografía,20283.63,4.0,0.1,73021.07,34
VTA0077073,2022-11-09,11,2022,C01489,Lucía Quesada Lebrón,Oeste,Ocasional,V032,Nelly Barela Cardenas,Este,P0063,Pad Mouse XL Gaming,Accesorios,2074.66,4.0,0.06,7800.72,42
VTA0077074,2022-11-12,11,2022,C04714,Ricardo Gutiérrez,Norte,Premium,V045,Marisela Vanesa Chapa Aranda,Norte,P0127,Router WiFi 6 Mesh,Hogar Inteligente,5284.14,5.0,0.06,24835.46,44
VTA0077075,2022-11-04,11,2022,C03591,,Centro,Regular,V033,Jaime Gamez Maldonado,Centro,P0100,Fujifilm X-T5,Fotografía,15923.5,2.0,0.13,27706.89,42
VTA0077076,2022-11-12,11,2022,C03469,María Eugenia Rosalia Niño,Este,Premium,V010,Sra. Guadalupe Llamas,Este,P0083,Nintendo Switch OLED,hogar inteligente,14756.53,3.0,0.17,36743.76,39
VTA0077077,2022-11-27,11,2022,C03119,Adela Francisca Durán,Centro,premiun,V048,Ivonne Véliz,Centro,P0046,JBL Flip 6,Audio,2361.05,2.0,0.1,4249.89,40
VTA0077078,11/11/2022,11,2022,C03033,Gilberto Feliciano,Centro,Ocasional,V037,Victoria Caridad Concepción,Centro,P0038,Beats Studio Pro,Audio,2448.32,5.0,0.18,10038.11,39
VTA0077079,2022-11-27,11,2022,C02648,Caridad Palomo,Este,REGULAR,V010,Sra. Guadalupe Llamas,Este,P0024,LG Gram 17,Laptops,43071.25,,0.07,160225.05,26
VTA0077080,2022-11-30,11,2022,C00646,Aurelio Luis Manuel Patiño,Norte,Premium,V043,Homero Esquivel,Norte,P0127,Router WiFi 6 Mesh,Hogar Inteligente,4958.45,1.0,0.13,4313.85,44
VTA0077081,2022-11-19,11,2022,C04309,Dr. Mateo Bonilla,Sur,Premium,V025,Manuel Gerónimo Armas,Sur,P0074,iPad Mini 6,Tablets,17036.3,2.0,0.02,-33391.15,31
VTA0077082,2022-11-22,11,2022,C04046,José Manuél Carranza,Este,Regular,V010,Sra. Guadalupe Llamas,Este,P0002,Samsung Galaxy S24,Celulares,7723.49,4.0,0.02,30276.08,19
VTA0077083,2022-11-28,11,2022,C01878,  Lic. Horacio Bonilla  ,Norte,Regular,V042,  Srita. Sandra Escamilla  ,Norte,P0106,Mochila Lowepro Pro, Accesorios,15836.76,5.0,0.09,-72057.26,40
VTA0077084,2022-11-27,11,2022,C00526,Dr. Mauro Reynoso,Norte,Regular,V015,Joaquín Benavides Meza,Norte,P0033,Sony WH-1000XM5,Audio,7379.19,3.0,0.04,21252.07,25
VTA0077085,28/11/2022,11,2022,C03168,Srita. Martha Aguilera,Este,Premium,V011,Clara Loera,Este,P0072,Huawei MatePad Pro,Tablets,20176.18,5.0,0.01,99872.09,43
VTA0077086,2022-11-22,11,2022,C04509,Beatriz Soledad Orta,Norte,Premium,V009,Amanda María José Bravo,Norte,P0083,Nintendo Switch OLED,Gaming,17011.19,1.0,0.04,16330.74,39
VTA0077087,2022-11-08,11,2022,C00366,Genaro Rodolfo Pedroza,Centro,REGULAR,V018,Lic. Gilberto Castellanos,Sur,P0077,Blackview Tab 16,Tablets,10188.56,5.0,0.17,42282.52,21
VTA0077088,11/11/2022,11,2022,C00310,Fernando Humberto Linares Colunga,Norte,Premiun,V045,Marisela Vanesa Chapa Aranda,Norte,P0005,OnePlus 12,Celulares,5704.14,3.0,0.07,15914.55,40
VTA0077089,2022-11-06,11,2022,C02831,Héctor Lira,Oeste,Ocacional,V030,Gustavo Camilo Ochoa Gamboa,Oeste,P0042,Audio Technica ATH,Audio,6919.45,5.0,0.08,31829.47,31
VTA0077090,2022-11-23,11,2022,C00457,Jaime Jaramillo,Este,Ocasional,V011,Clara Loera,Este,P0051,Funda iPhone 15 Pro,Accesorios,1168.73,2.0,0.07,2173.84,40
VTA0077091,2022-11-28,11,2022,C03893,Lic. Mitzy Muro,Centro,Ocasional,V037,Victoria Caridad Concepción,Centro,P0126,Proyector BenQ 4K,Hogar Inteligente,7040.18,3.0,0.05,20064.51,35
VTA0077092,2022-11-23,11,2022,C04792,Gabriel Nájera Arteaga,Norte,Premium,V016,Octavio Mario Rincón Marín,Norte,P0025,Razer Blade 15,Laptops,26670.48,5.0,0.17,-110682.49,44
VTA0077093,09/11/2022,11,2022,C01572,Sr. Gilberto Soto,Oeste,premiun,V001,Fernando Casares Jimínez,Oeste,P0004,Google Pixel 8,Celulares,4973.13,5.0,0.12,21881.77,34
VTA0077094,04/11/2022,11,2022,C02732,Ing. Yuridia Badillo,Sur,Regular,V012,Rubén Marco Antonio Orta Ramos,Sur,P0103,Lente Canon RF 50mm,Fotografía,13374.24,1.0,0.2,10699.39,31
VTA0077095,2022-11-17,11,2022,C04583,Raúl Felix Fonseca,Norte,ocasional,V042,  Srita. Sandra Escamilla  ,Norte,P0110,Reflector 5en1 80cm,Fotografía,16307.38,4.0,0.11,58054.27,26
VTA0077096,07/11/2022,11,2022,C02025,Daniel Nicolás Villanueva Valle,Oeste,Premium,V047,  Estela Bianca Melgar Arias  ,Oeste,P0112,Estabilizador DJI OM6,Fotografía,15467.9,2.0,0.17,25676.71,33
VTA0077097,2022-11-27,11,2022,C01172,Rolando Aponte Tórrez,Este,Ocasional,V032,Nelly Barela Cardenas,Este,P0076,TCL Tab 10,Tablets,16677.83,3.0,0.08,46030.81,24
VTA0077098,21/11/2022,11,2022,C01487,José Luis Nevárez Rivero,Norte,ocasional,V043,Homero Esquivel,Norte,P0120,Timbre Ring Video Pro,gaming,7222.09,3.0,0.18,17766.34,21
VTA0077099,2022-11-15,11,2022,C04765,Mario Vergara,Oeste,Premiun,V001,Fernando Casares Jimínez,Oeste,P0033,Sony WH-1000XM5,Audio,7555.11,3.0,0.04,21758.72,25
VTA0077100,2022-11-10,11,2022,C03487,,Este,Premium,V015,Joaquín Benavides Meza,Norte,P0107,Tarjeta SD SanDisk 256,Fotografía,10517.48,1.0,0.01,10412.31,27
VTA0077101,17/11/2022,11,2022,C00504,María Elena Salma Bañuelos,Centro,Ocacional,V041,Srita. Nadia Casas,Centro,P0119,Enchufe Inteligente TP,Hogar Inteligente,4795.35,3.0,0.04,13810.61,27
VTA0077102,2022-11-25,11,2022,C03693,Claudio Avilés Porras,Centro,Regular,V048,Ivonne Véliz,Centro,P0058,Mochila Techpack 30L,Accesorios,898.9,3.0,0.05,2561.86,23
VTA0077103,2022-11-06,11,2022,C02868,Miguel Martín Cantú Montero,Este,Ocasional,V049,Ing. María Teresa Bétancourt,Este,P0036,Samsung Galaxy Buds2,Audio,7548.29,5.0,0.07,35099.55,43
VTA0077104,2022-11-27,11,2022,C04101,Luis Marcos Narváez Quintero,Este,Premium,V011,Clara Loera,Este,P0032,ASUS VivoBook 16,Laptops,11401.1,3.0,0.08,31467.04,38
VTA0077105,2022-11-12,11,2022,C01055,Sr. Jos Palomo,Centro,Premium,V048,Ivonne Véliz,Centro,P0105,Tripié Joby GorillaPod,Fotografía,10483.47,,0.14,9015.78,41
VTA0077106,2022-11-07,11,2022,C00321,Ruby Amador,Oeste,Regular,V007,Conchita Leticia Gastélum Corral,Oeste,P0124,Sensor Movimiento Aqara,LAPTOPS,7549.01,1.0,0.09,-6869.6,35
VTA0077107,2022-11-21,11,2022,C04241,Hernán Iván Campos,Sur,Regular,V040,Karla Silvia Mireles Patiño,Oeste,P0037,JBL Charge 5,Audio,7158.02,5.0,0.06,33642.69,21
VTA0077108,2022-11-19,11,2022,C01232,Norma Venegas,Sur,Ocasional,V021,  Cristal Valdés Maya  ,Sur,P0027,MacBook Air M2,Laptops,32493.54,1.0,0.19,26319.77,24
VTA0077109,2022-11-26,11,2022,C00619,Ángel Víctor Villagómez Santacruz,Este,Regular,V010,Sra. Guadalupe Llamas,Este,P0110,Reflector 5en1 80cm,Fotografía,14009.14,2.0,0.12,24656.09,26
VTA0077110,2022-11-22,11,2022,C01058,Alfonso Martín Baca,Centro,Ocasional,V003,Jacinto Rivero Valladares,Centro,P0092,Micrófono Blue Yeti,gaming,12570.23,1.0,0.11,11187.5,47
VTA0077111,2022-11-16,11,2022,C03516,Indira Karla Vela Nieves,Centro,Premium,V027,Claudio Andrés Gómez Sosa,Sur,P0066,Samsung Galaxy Tab S9,Tablets,12562.05,1.0,0.05,11933.95,24
VTA0077112,2022-11-14,11,2022,C00650,,Centro,Ocasional,V037,Victoria Caridad Concepción,Centro,P0077,Blackview Tab 16,Tablets,10661.08,1.0,0.07,9914.8,21
VTA0077113,2022-11-03,11,2022,C01495,Octavio Carlos Guzmán Acosta,Centro,Premium,V013,Alvaro Gaona Ocasio,Sur,P0056,Webcam Logitech C920,tablets,1887.49,,0.01,5605.85,43
VTA0077114,2022-11-24,11,2022,C00897,,Centro,Ocasional,V033,Jaime Gamez Maldonado,Centro,P0105,Tripié Joby GorillaPod,Fotografía,9197.77,4.0,0.12,32376.15,41
VTA0077115,2022-11-28,11,2022,C02103,  Teresa Velázquez Maestas  ,Este,Premiun,V011,Clara Loera,Este,P0067,iPad Air M1,Tablets,17460.23,,0.04,83809.1,39
VTA0077116,2022-11-29,11,2022,C04387,Omar Gilberto Murillo,Centro,Regular,V041,Srita. Nadia Casas,Centro,P0076,TCL Tab 10,Tablets,15592.45,4.0,0.19,-50519.54,24
VTA0077117,2022-11-11,11,2022,C01243,Linda Roque,Norte,Ocasional,V016,Octavio Mario Rincón Marín,Norte,P0073,Microsoft Surface Go 3,Tablets,11194.05,5.0,0.07,-52052.33,22
VTA0077118,2022-11-11,11,2022,C00513,Agustín José Emilio Cordero Ávalos,Centro,Premium,V003,Jacinto Rivero Valladares,Centro,P0059,Audífonos USB-C,Accesorios,1449.04,4.0,0.1,5216.54,43
VTA0077119,2022-11-19,11,2022,C02360,Daniela Leticia Elizondo Linares,Norte,Ocasional,V016,Octavio Mario Rincón Marín,Norte,P0123,Cerradura Yale Smart,Hogar Inteligente,8847.79,3.0,0.09,24154.47,29
VTA0077120,04/11/2022,11,2022,C02816,Paulina Ceballos Mesa,Centro,Ocasional,V017,Abraham Apodaca Colunga,Centro,P0020,Lenovo ThinkPad X1,Laptops,25317.85,5.0,0.07,117728.0,42
VTA0077121,2022-11-16,11,2022,C03695,Celia Abrego,Norte,Ocasional,V009,Amanda María José Bravo,Norte,P0121,Roomba j7 Plus,celulares,6628.55,1.0,0.11,5899.41,38
VTA0077122,2022-11-19,11,2022,C02645,Karla Zúñiga,Centro,Premium,V003,Jacinto Rivero Valladares,Centro,P0032,ASUS VivoBook 16,Laptops,10450.08,5.0,0.17,43367.83,38
VTA0077123,2022-11-02,11,2022,C01343,Lucas Bonilla,Este,Regular,V005,Aldo Adán Rodrígez Galarza,Este,P0115,Apple HomePod Mini,tablets,6559.48,,0.01,25975.54,46
VTA0077124,06/11/2022,11,2022,C02649,  Dra. María Teresa Reséndez  ,Centro,Regular,V048,Ivonne Véliz,Centro,P0031,Acer Aspire 7,Laptops,8811.05,1.0,0.09,8018.06,38
VTA0077125,2022-11-06,11,2022,C01278,Georgina Florencia Rubio Arredondo,Sur,Regular,V025,Manuel Gerónimo Armas,Sur,P0073,Microsoft Surface Go 3,Tablets,11154.66,5.0,0.06,52426.9,22
VTA0077126,2022-11-26,11,2022,C03369,Mónica Malave,Norte,Premium,V016,Octavio Mario Rincón Marín,Norte,P0003,Xiaomi 14 Pro,Celulares,20480.03,1.0,0.19,16588.82,36
VTA0077127,2022-11-18,11,2022,C00076,Homero Cardona Alba,Sur,premiun,V018,Lic. Gilberto Castellanos,Sur,P0015,Nokia G42,tablets,18199.65,3.0,0.04,52414.99,26
VTA0077128,2022-11-28,11,2022,C01343,Lucas Bonilla,Este,Regular,V034,Rufino Rivera,Sur,P0013,Xiaomi Redmi Note 13,Celulares,13256.99,3.0,0.11,35396.16,30
VTA0077129,08/11/2022,11,2022,C02045,Daniel Cornelio Zambrano Calvillo,Este,Ocasional,V011,Clara Loera,Este,P0066,Samsung Galaxy Tab S9,Tablets,13330.65,1.0,0.06,12530.81,24
VTA0077130,2022-11-03,11,2022,C04946,Diana Apodaca,Este,Premium,V021,  Cristal Valdés Maya  ,Sur,P0001,iPhone 15 Pro,Celulares,19156.74,1.0,0.03,18582.04,37
VTA0077131,16/11/2022,11,2022,C03375,Benito Covarrubias,Este,Premiun,V011,Clara Loera,Este,P0059,Audífonos USB-C,Accesorios,1431.03,5.0,0.02,7012.05,43
VTA0077132,2022-11-16,11,2022,C03596,Srita. Cristina Rodríguez,Norte,Premium,V014,Ofelia Miriam Negrón,Oeste,P0023,Microsoft Surface Pro 9,Laptops,34761.41,3.0,0.15,88641.6,27
VTA0077133,05/11/2022,11,2022,C00454,Angélica Susana Cedillo,Sur,Premium,V018,Lic. Gilberto Castellanos,Sur,P0125,TV Samsung QLED 55,Hogar Inteligente,2357.8,3.0,0.04,6790.46,20
VTA0077134,2022-11-30,11,2022,C01719,Wendolin Ana María Serrato García,Oeste,premiun,V039,Sr. Modesto Guillen,Oeste,P0042,Audio Technica ATH,Audio,5776.88,5.0,0.2,23107.52,31
VTA0077135,2022-11-15,11,2022,C02693,Catalina Silvia Longoria,Norte,Ocasional,V008,Irene Franco,Sur,P0092,Micrófono Blue Yeti,Gaming,14224.24,4.0,0.08,52345.2,47
VTA0077136,2022-11-05,11,2022,C03053,  Isaac Emilio Zedillo Montes  ,Norte,Regular,V043,Homero Esquivel,Norte,P0067,iPad Air M1,fotografia,14860.58,2.0,0.17,24668.56,39
VTA0077137,2022-11-02,11,2022,C03551,César Colón Apodaca,Sur,Premium,V006,  Dr. Evelio Murillo  ,Sur,P0012,Samsung A55,Celulares,18540.85,4.0,0.07,68971.96,36
VTA0077138,2022-11-17,11,2022,C01670,Ing. Lorenzo Verduzco,Centro,Regular,V018,Lic. Gilberto Castellanos,Sur,P0100,Fujifilm X-T5,Fotografía,17701.72,1.0,0.09,16108.57,42
VTA0077139,2022-11-25,11,2022,C01623,Bernabé Lucas Galván,Norte,Ocasional,V015,Joaquín Benavides Meza,Norte,P0012,Samsung A55,Celulares,19898.24,5.0,0.02,97501.38,36
VTA0077140,15/11/2022,11,2022,C01369,Eloisa Reina Baca,Centro,Premiun,V047,  Estela Bianca Melgar Arias  ,Oeste,P0078,Chuwi HiPad X,Tablets,12633.34,4.0,0.12,44469.36,20
VTA0077141,2022-11-29,11,2022,C01217,Amador Felipe Maya Burgos,Sur,Regular,V025,Manuel Gerónimo Armas,Sur,P0039,Sennheiser HD 450,Audio,1127.76,1.0,0.09,1026.26,24
VTA0077142,2022-11-15,11,2022,C01174,Vanesa Isabela Maya,Este,Ocacional,V010,Sra. Guadalupe Llamas,Este,P0048,Skullcandy Crusher,Audio,3298.29,2.0,0.05,6266.75,44
VTA0077143,22/11/2022,11,2022,C04533,  Serafín Puente Montemayor  ,Sur,Regular,V013,Alvaro Gaona Ocasio,Sur,P0081,PlayStation 5,Gaming,10029.29,3.0,0.12,26477.33,46
VTA0077144,2022-11-03,11,2022,C01913,David Humberto López Carrera,Este,Regular,V049,Ing. María Teresa Bétancourt,Este,P0068,Lenovo Tab P12,Tablets,15485.47,4.0,0.07,57605.95,21
VTA0077145,2022-11-20,11,2022,C00837,Anel María José Acosta Narváez,Oeste,Premium,V040,Karla Silvia Mireles Patiño,Oeste,P0003,Xiaomi 14 Pro,Celulares,21042.58,5.0,0.09,95743.74,36
VTA0077146,2022-11-29,11,2022,C01399,Sr. Roberto Páez,Norte,Ocacional,V043,Homero Esquivel,Norte,P0111,Monitor Portátil 4K,Fotografía,6966.73,,0.06,-32743.63,41
VTA0077147,10/11/2022,11,2022,C02750,Leonardo Riojas,Sur,Regular,V013,Alvaro Gaona Ocasio,Sur,P0065,iPad Pro M2 12.9,Tablets,6933.71,5.0,0.03,33628.49,21
VTA0077148,11/11/2022,11,2022,C01512,Aurelio Gerardo Bustos,Oeste,Ocasional,V050,José María Gustavo Beltrán,Oeste,P0018,Dell XPS 15,Laptops,36323.15,5.0,0.14,-156189.54,40
VTA0077149,2022-11-18,11,2022,C02246,Isabela Saldivar Archuleta,Oeste,Premium,V010,Sra. Guadalupe Llamas,Este,P0103,Lente Canon RF 50mm, Accesorios,14081.72,3.0,0.11,37598.19,31
VTA0077150,2022-11-25,11,2022,C03490,Rocío Baca,Centro,Premium,V028,Sofía Delia Gurule Cantú,Centro,P0040,Jabra Elite 85h,Audio,2844.98,3.0,0.14,7340.05,38
VTA0077151,16/11/2022,11,2022,C02140,Lic. Salvador Mojica,Sur,Ocasional,V021,  Cristal Valdés Maya  ,Sur,P0096,Cooling Noctua NH-D15,Gaming,10171.96,5.0,0.06,47808.21,41
VTA0077152,2022-11-25,11,2022,C00359,José María Romero,Este,Premium,V011,Clara Loera,Este,P0103,Lente Canon RF 50mm,Fotografía,14375.09,2.0,0.02,28175.18,31
VTA0077153,2022-11-23,11,2022,C03155,,Centro,Premium,V033,Jaime Gamez Maldonado,Centro,P0042,Audio Technica ATH,Audio,6112.27,2.0,0.0,12224.54,31
VTA0077154,2022-11-11,11,2022,C03178,Emiliano Nazario,Oeste,Regular,V007,Conchita Leticia Gastélum Corral,Oeste,P0007,Realme GT5,Celulares,17698.09,3.0,0.09,48315.79,39
VTA0077155,2022-11-17,11,2022,C04951,  Abril Tórrez Gallardo  ,Centro,Premium,V033,Jaime Gamez Maldonado,Centro,P0018,Dell XPS 15,LAPTOPS,37590.46,,0.19,-152241.36,40
VTA0077156,03/11/2022,11,2022,C04443,Dra. Ivonne Mora,Sur,Premium,V020,Dr. Arturo Angulo,Sur,P0025,Razer Blade 15,Laptops,31387.4,4.0,0.08,115505.63,44
VTA0077157,16/11/2022,11,2022,C02329,Lic. Serafín de la Torre,Sur,Ocacional,V006,  Dr. Evelio Murillo  ,Sur,P0045,Marshall Emberton III,Audio,7570.59,4.0,0.18,24831.54,22
VTA0077158,2022-11-28,11,2022,C01024,Ing. Aurora Villegas,Oeste,Ocasional,V040,Karla Silvia Mireles Patiño,Oeste,P0024,LG Gram 17,Laptops,42620.55,4.0,0.19,138090.58,26
VTA0077159,2022-11-16,11,2022,C01418,  Juana Almaraz  ,Centro,Ocasional,V031,  Bernabé César Salazar  ,Centro,P0123,Cerradura Yale Smart,Hogar Inteligente,9564.61,3.0,0.19,23242.0,29
VTA0077160,2022-11-26,11,2022,C03125,Timoteo Nájera Molina,Este,Regular,V032,Nelly Barela Cardenas,Este,P0076,TCL Tab 10,Tablets,16113.1,5.0,0.03,-78148.54,24
VTA0077161,18/11/2022,11,2022,C04144,Adán Ramírez,Oeste,ocasional,V022,Bernardo Lemus Caballero,Oeste,P0003,Xiaomi 14 Pro,Celulares,24334.84,2.0,0.11,43316.02,36
VTA0077162,2022-11-13,11,2022,C04803,Ing. Dulce Fuentes,Este,Regular,V010,Sra. Guadalupe Llamas,Este,P0083,Nintendo Switch OLED,Gaming,16580.99,2.0,0.14,28519.3,39
VTA0077163,2022-11-22,11,2022,C01566,Paola Guerra,Este,Ocasional,V049,Ing. María Teresa Bétancourt,Este,P0002,Samsung Galaxy S24,Celulares,8199.52,4.0,0.04,31486.16,19
VTA0077164,2022-11-23,11,2022,C04300,  Alejandro Chavarría Guillen  ,Centro,Ocacional,V003,Jacinto Rivero Valladares,Centro,P0107,Tarjeta SD SanDisk 256,audio ,10498.17,2.0,0.13,18266.82,27
VTA0077165,2022-11-26,11,2022,C01615,Aida Ivonne López,Este,Premium,V037,Victoria Caridad Concepción,Centro,P0105,Tripié Joby GorillaPod,Fotografía,9783.96,4.0,0.04,37570.41,41
VTA0077166,2022-11-05,11,2022,C00666,,Centro,Ocasional,V017,Abraham Apodaca Colunga,Centro,P0113,Alexa Echo Dot 5,hogar inteligente,11341.71,1.0,0.04,10888.04,20
VTA0077167,2022-11-16,11,2022,C00679,Jacinto Badillo Laureano,Norte,Regular,V045,Marisela Vanesa Chapa Aranda,Norte,P0011,iPhone 14,Celulares,10965.51,3.0,0.15,27962.05,43
VTA0077168,2022-11-09,11,2022,C01951,Asunción Josefina Figueroa,Este,Ocasional,V005,Aldo Adán Rodrígez Galarza,Este,P0059,Audífonos USB-C,Accesorios,1510.87,2.0,0.14,-2598.7,43
VTA0077169,2022-11-01,11,2022,C03116,Sr. Óscar Ornelas,Sur,Premium,V030,Gustavo Camilo Ochoa Gamboa,Oeste,P0113,Alexa Echo Dot 5,Hogar Inteligente,11077.79,5.0,0.09,-50403.94,20
VTA0077170,2022-11-15,11,2022,C02494,Homero Leonardo Bañuelos Bravo,Oeste,Regular,V014,Ofelia Miriam Negrón,Oeste,P0104,Flash Godox V1,Fotografía,15842.19,3.0,0.18,38971.79,40
VTA0077171,2022-11-05,11,2022,C04196,Karla Linda de Jesús,Norte,Regular,V032,Nelly Barela Cardenas,Este,P0076,TCL Tab 10,Tablets,16334.84,5.0,0.14,70239.81,24
VTA0077172,2022-11-24,11,2022,C03822,Uriel Aguayo Villalobos,Oeste,REGULAR,V014,Ofelia Miriam Negrón,Oeste,P0017,MacBook Pro M3,Laptops,13408.08,3.0,0.12,35397.33,43
VTA0077173,2022-11-13,11,2022,C00011,Sra. Frida Roybal,Este,Regular,V027,Claudio Andrés Gómez Sosa,Sur,P0056,Webcam Logitech C920,fotografia,1793.31,4.0,0.1,6455.92,43
VTA0077174,12/11/2022,11,2022,C02091,Lic. Leonel Casas,Norte,ocasional,V046,Hermelinda Josefina Rodarte Bahena,Norte,P0054,Mouse Logitech MX Master,Accesorios,1369.92,3.0,0.17,3411.1,25
VTA0077175,2022-11-08,11,2022,C01708,Julio César Eduardo Aguirre Olivo,Oeste,Ocasional,V047,  Estela Bianca Melgar Arias  ,Oeste,P0121,Roomba j7 Plus,LAPTOPS,6754.42,2.0,0.12,11887.78,38
VTA0077176,2022-11-18,11,2022,C01741,Jacinto Valentín,Sur,Ocasional,V034,Rufino Rivera,Sur,P0009,Sony Xperia 1 VI,LAPTOPS,22804.6,,0.19,73886.9,24
VTA0077177,2022-11-17,11,2022,C04038,Luisa Benítez,Norte,Premiun,V043,Homero Esquivel,Norte,P0010,Huawei Pura 70,Celulares,10226.85,2.0,0.15,17385.64,27
VTA0077178,2022-11-18,11,2022,C02942,Cristobal Mauricio Holguín,Oeste,Premium,V001,Fernando Casares Jimínez,Oeste,P0123,Cerradura Yale Smart,Hogar Inteligente,9666.88,4.0,0.11,34414.09,29
VTA0077179,2022-11-27,11,2022,C04435,,Oeste,Ocacional,V039,Sr. Modesto Guillen,Oeste,P0082,Xbox Series X,Gaming,10288.18,3.0,0.06,29012.67,30
VTA0077180,2022-11-02,11,2022,C01016,Israel José María Oquendo Nazario,Norte,Ocasional,V046,Hermelinda Josefina Rodarte Bahena,Norte,P0011,iPhone 14,Celulares,9416.42,1.0,0.12,8286.45,43
VTA0077181,2022-11-06,11,2022,C02539,Gabino Leonel Espino,Centro,Ocasional,V038,Violeta Itzel Benavídez,Oeste,P0038,Beats Studio Pro,Audio,2178.57,2.0,0.19,3529.28,39
VTA0077182,2022-11-08,11,2022,C02339,Emilio Emiliano Candelaria Gollum,Centro,ocasional,V045,Marisela Vanesa Chapa Aranda,Norte,P0042,Audio Technica ATH,tablets,6525.0,1.0,0.17,5415.75,31
VTA0077183,2022-11-07,11,2022,C03915,Humberto Rubio,Centro,Regular,V031,  Bernabé César Salazar  ,Centro,P0072,Huawei MatePad Pro,Tablets,19168.53,2.0,0.12,33736.61,43
VTA0077184,2022-11-19,11,2022,C04043,Irene Frida Arreola,Centro,Premium,V044,Julia Esther Solorio,Centro,P0040,Jabra Elite 85h,Audio,2974.57,3.0,0.07,8299.05,38
VTA0077185,2022-11-20,11,2022,C01231,Pablo Quiñónez,Este,Regular,V010,Sra. Guadalupe Llamas,Este,P0009,Sony Xperia 1 VI,Celulares,22144.25,4.0,0.11,78833.53,24
VTA0077186,2022-11-20,11,2022,C04316,Dra. Araceli Ontiveros,Centro,Premium,V031,  Bernabé César Salazar  ,Centro,P0036,Samsung Galaxy Buds2,Audio,7670.28,5.0,0.08,35283.29,43
VTA0077187,25/11/2022,11,2022,C03668,Homero Ávila,Centro,premiun,V031,  Bernabé César Salazar  ,Centro,P0018,Dell XPS 15,Laptops,42263.52,3.0,0.05,120451.03,40
VTA0077188,01/11/2022,11,2022,C01041,Sr. Lorenzo Méndez,Oeste,Premium,V022,Bernardo Lemus Caballero,Oeste,P0075,Samsung Galaxy Tab A9,Tablets,17119.11,5.0,0.03,83027.68,35
VTA0077189,02/11/2022,11,2022,C00802,Araceli Verduzco,Sur,Ocasional,V012,Rubén Marco Antonio Orta Ramos,Sur,P0036,Samsung Galaxy Buds2,Audio,6795.35,2.0,0.0,13590.7,43
VTA0077190,2022-11-18,11,2022,C03799,Abril Eva Cotto,Este,Ocasional,V005,Aldo Adán Rodrígez Galarza,Este,P0063,Pad Mouse XL Gaming,Accesorios,1994.01,2.0,0.16,3349.94,42
VTA0077191,2022-11-11,11,2022,C03451,Dra. Olivia Terán,Centro,Regular,V048,Ivonne Véliz,Centro,P0095,SSD Samsung 980 Pro,Gaming,3061.87,3.0,0.17,7624.06,28
VTA0077192,2022-11-03,11,2022,C02370,Dra. Noemí Treviño,Sur,ocasional,V021,  Cristal Valdés Maya  ,Sur,P0021,ASUS ROG Zephyrus,Laptops,12299.57,3.0,0.02,36160.74,36
VTA0077193,2022-11-14,11,2022,C01611,Cecilia Helena Serrato,Oeste,Regular,V040,Karla Silvia Mireles Patiño,Oeste,P0094,RAM Corsair 32GB,Gaming,16777.69,4.0,0.04,64426.33,26
VTA0077194,08/11/2022,11,2022,C02022,Marcela Concepción Terán,Norte,premiun,V045,Marisela Vanesa Chapa Aranda,Norte,P0114,Google Nest Hub 2,Hogar Inteligente,5535.6,4.0,0.05,21035.28,45
VTA0077195,2022-11-13,11,2022,C04182,Luis Miguel Curiel,Norte,Regular,V016,Octavio Mario Rincón Marín,Norte,P0082,Xbox Series X,Gaming,11510.84,5.0,0.14,49496.61,30
VTA0077196,2022-11-18,11,2022,C01625,  Gerónimo Castañeda  ,Norte,premiun,V016,Octavio Mario Rincón Marín,Norte,P0103,Lente Canon RF 50mm,Fotografía,13928.74,1.0,0.17,11560.85,31
VTA0077197,2022-11-29,11,2022,C03608,Carolina Ofelia Pacheco,Oeste,Ocacional,V007,Conchita Leticia Gastélum Corral,Oeste,P0015,Nokia G42,audio ,20859.42,2.0,0.18,34209.45,26
VTA0077198,2022-11-28,11,2022,C02872,Abigail Irma Gaona,Norte,Ocasional,V045,Marisela Vanesa Chapa Aranda,Norte,P0128,Panel Solar Portátil,Hogar Inteligente,3992.5,4.0,0.08,14692.4,39
VTA0077199,28/11/2022,11,2022,C04966,Ing. Gloria Crespo,Norte,Premium,V045,Marisela Vanesa Chapa Aranda,Norte,P0121,Roomba j7 Plus,Hogar Inteligente,5926.14,5.0,0.11,26371.32,38
VTA0077200,2022-11-24,11,2022,C04167,José María Abelardo Ponce Candelaria,Sur,Ocacional,V024,Bernabé Guerra,Sur,P0069,Xiaomi Pad 6 Pro,Tablets,5794.4,5.0,0.05,27523.4,37
VTA0077201,2022-11-17,11,2022,C03135,  Horacio Alfredo Cabrera Mascareñas  ,Sur,Premium,V024,Bernabé Guerra,Sur,P0093,GPU RTX 4070 Ti,Gaming,31530.43,3.0,0.11,84186.25,29
VTA0077202,2022-11-21,11,2022,C01786,Lic. Carolina Sáenz,Sur,REGULAR,V006,  Dr. Evelio Murillo  ,Sur,P0017,MacBook Pro M3,Laptops,13308.11,1.0,0.18,10912.65,43
VTA0077203,2022-11-21,11,2022,C00344,Anabel Arcelia Abrego,Centro,REGULAR,V003,Jacinto Rivero Valladares,Centro,P0013,Xiaomi Redmi Note 13,Celulares,11536.19,2.0,0.09,20995.87,30
VTA0077204,23/11/2022,11,2022,C02258,Elvira Rendón,Norte,Premium,V046,Hermelinda Josefina Rodarte Bahena,Norte,P0077,Blackview Tab 16,Tablets,9633.38,4.0,0.02,37762.85,21
VTA0077205,25/11/2022,11,2022,C00354,Alejandra Cynthia de la Garza,Sur,Premiun,V018,Lic. Gilberto Castellanos,Sur,P0023,Microsoft Surface Pro 9,LAPTOPS,31888.31,1.0,0.15,27105.06,27
VTA0077206,2022-11-17,11,2022,C02099,Marcos Ricardo Rentería Rendón,Sur,premiun,V036,  Dr. Ignacio Aparicio  ,Sur,P0004,Google Pixel 8,Celulares,5617.3,1.0,0.17,4662.36,34
VTA0077207,17/11/2022,11,2022,C00796,Lorena Farías Melgar,Oeste,REGULAR,V040,Karla Silvia Mireles Patiño,Oeste,P0005,OnePlus 12,Celulares,5265.46,2.0,0.1,9477.83,40
VTA0077208,30/11/2022,11,2022,C04934,Linda Sanches,Norte,Regular,V046,Hermelinda Josefina Rodarte Bahena,Norte,P0116,Foco Philips Hue,Hogar Inteligente,3862.07,1.0,0.19,3128.28,44
VTA0077209,2022-11-25,11,2022,C04094,Alberto Pedroza,Este,Premium,V010,Sra. Guadalupe Llamas,Este,P0115,Apple HomePod Mini,Hogar Inteligente,6707.74,2.0,0.04,12878.86,46
VTA0077210,2022-11-22,11,2022,C03219,Cecilia de la Garza Bermúdez,Sur,Ocasional,V036,  Dr. Ignacio Aparicio  ,Sur,P0114,Google Nest Hub 2,Hogar Inteligente,5440.58,5.0,0.1,24482.61,45
VTA0077211,2022-11-28,11,2022,C02843,Cristian Felix Holguín Dávila,Sur,Premium,V027,Claudio Andrés Gómez Sosa,Sur,P0063,Pad Mouse XL Gaming,Accesorios,1929.48,4.0,0.19,6251.52,42
VTA0077212,2022-11-07,11,2022,C01559,Andrés Villalobos,Este,Premiun,V010,Sra. Guadalupe Llamas,Este,P0074,iPad Mini 6,Tablets,17482.25,2.0,0.0,34964.5,31
VTA0077213,2022-11-05,11,2022,C04019,Bruno Bernal,Este,Regular,V005,Aldo Adán Rodrígez Galarza,Este,P0043,Sony WF-1000XM5,Audio,4188.17,3.0,0.09,11433.7,25
VTA0077214,25/11/2022,11,2022,C00638,  Laura Montalvo  ,Norte,Regular,V042,  Srita. Sandra Escamilla  ,Norte,P0016,Tecno Spark 20,Celulares,14886.27,2.0,0.12,26199.84,20
VTA0077215,2022-11-04,11,2022,C03378,Sra. Helena Corral,Sur,Regular,V006,  Dr. Evelio Murillo  ,Sur,P0098,Sony Alpha 7 IV,celulares,17731.16,4.0,0.17,58867.45,34
VTA0077216,2022-11-03,11,2022,C04250,Arturo Pelayo Amaya,Oeste,Ocasional,V014,Ofelia Miriam Negrón,Oeste,P0093,GPU RTX 4070 Ti,Gaming,28220.72,5.0,0.04,135459.46,29
VTA0077217,2022-11-07,11,2022,C00680,Micaela Yolanda Gracia Candelaria,Sur,Premium,V013,Alvaro Gaona Ocasio,Sur,P0046,JBL Flip 6,Audio,2476.75,4.0,0.1,8916.3,40
VTA0077218,2022-11-06,11,2022,C02108,Cristal Dalia Abreu Peres,Norte,Premium,V016,Octavio Mario Rincón Marín,Norte,P0005,OnePlus 12,Celulares,5118.26,2.0,0.14,8803.41,40
VTA0077219,2022-11-28,11,2022,C00894,Srita. Noelia Vigil,Sur,Ocacional,V013,Alvaro Gaona Ocasio,Sur,P0001,iPhone 15 Pro,Celulares,21615.44,3.0,0.17,-53822.45,37
VTA0077220,2022-11-12,11,2022,C03254,Salma Hurtado,Oeste,Premium,V030,Gustavo Camilo Ochoa Gamboa,Oeste,P0036,Samsung Galaxy Buds2,Audio,7517.77,1.0,0.17,6239.75,43
VTA0077221,2022-11-04,11,2022,C02355,Sra. Dalia Caraballo,Oeste,Ocasional,V035,Estela Haro,Oeste,P0087,Headset HyperX Cloud III,Gaming,1966.73,5.0,0.08,9046.96,38
VTA0077222,2022-11-12,11,2022,C01320,Rocío Celia Sisneros,Norte,Regular,V009,Amanda María José Bravo,Norte,P0069,Xiaomi Pad 6 Pro,Tablets,5036.36,4.0,0.14,-17325.08,37
VTA0077223,2022-11-14,11,2022,C02962,María Eugenia Esparta Calvillo Cadena,Este,Regular,V011,Clara Loera,Este,P0084,Steam Deck 512GB,Gaming,12813.43,1.0,0.13,11147.68,26
VTA0077224,2022-11-18,11,2022,C04407,Leonor Villegas,Centro,Premium,V041,Srita. Nadia Casas,Centro,P0010,Huawei Pura 70,Celulares,10851.6,2.0,0.03,21052.1,27
VTA0077225,2022-11-16,11,2022,C03379,Lic. Pedro Rosado,Este,ocasional,V010,Sra. Guadalupe Llamas,Este,P0040,Jabra Elite 85h,Audio,2806.07,5.0,0.09,12767.62,38
VTA0077226,2022-11-23,11,2022,C02603,Srita. Alicia Miramontes,Este,Premium,V049,Ing. María Teresa Bétancourt,Este,P0019,HP Spectre x360,Laptops,40069.16,3.0,0.1,108186.73,26
VTA0077227,2022-11-07,11,2022,C00752,Mariana Centeno Nevárez,Centro,Premium,V033,Jaime Gamez Maldonado,Centro,P0124,Sensor Movimiento Aqara,Hogar Inteligente,8308.41,5.0,0.02,40711.21,35
VTA0077228,2022-11-20,11,2022,C00225,  Lucía Zedillo  ,Centro,Premium,V044,Julia Esther Solorio,Centro,P0026,MSI Prestige 16,Laptops,9808.32,5.0,0.0,49041.6,44
VTA0077229,2022-11-16,11,2022,C02549,,Sur,Premium,V008,Irene Franco,Sur,P0097,Canon EOS R6 Mark II,Fotografía,31363.13,2.0,0.1,56453.63,38
VTA0077230,2022-11-01,11,2022,C01984,Pilar Cristal Saiz Segovia,Oeste,Premium,V022,Bernardo Lemus Caballero,Oeste,P0094,RAM Corsair 32GB,Gaming,16176.7,1.0,0.07,15044.33,26
VTA0077231,2022-11-04,11,2022,C04237,Marcela Barbara Vega Nieves,Norte,Premium,V029,Francisco Ballesteros,Norte,P0004,Google Pixel 8,hogar inteligente,4980.52,1.0,0.14,4283.25,34
VTA0077232,2022-11-20,11,2022,C01497,  Diana Concepción Perea Guerra  ,Centro,REGULAR,V003,Jacinto Rivero Valladares,Centro,P0007,Realme GT5,Celulares,18468.03,5.0,0.16,77565.73,39
VTA0077233,2022-11-11,11,2022,C01036,Ángela Villareal,Este,Premium,V049,Ing. María Teresa Bétancourt,Este,P0003,Xiaomi 14 Pro,tablets,21881.12,4.0,0.07,81397.77,36
VTA0077234,29/11/2022,11,2022,C02413,Esparta Enríquez,Centro,Premium,V040,Karla Silvia Mireles Patiño,Oeste,P0003,Xiaomi 14 Pro,Celulares,24443.97,4.0,0.17,81153.98,36
VTA0077235,12/11/2022,11,2022,C02755,Tania Solís,Este,Ocasional,V010,Sra. Guadalupe Llamas,Este,P0110,Reflector 5en1 80cm,Fotografía,15409.04,3.0,0.06,43453.49,26
VTA0077236,05/11/2022,11,2022,C02126,Lic. Antonia Narváez,Norte,Premium,V004,Aurora Zelaya,Norte,P0093,GPU RTX 4070 Ti,gaming,26588.0,3.0,0.19,64608.84,29
VTA0077237,05/11/2022,11,2022,C00811,Miriam Lilia Casárez,Norte,Regular,V042,  Srita. Sandra Escamilla  ,Norte,P0101,DJI Mavic 3 Pro,Fotografía,14210.58,2.0,0.15,24157.99,27
VTA0077238,12/11/2022,11,2022,C03052,Marisol Palacios,Centro,Regular,V041,Srita. Nadia Casas,Centro,P0064,Limpiador Pantallas Kit,Accesorios,1369.79,5.0,0.12,6027.08,44
VTA0077239,2022-11-27,11,2022,C04137,Lourdes Carmona Vásquez,Oeste,Regular,V040,Karla Silvia Mireles Patiño,Oeste,P0022,Acer Swift 5,Laptops,35174.36,4.0,0.2,112557.95,41
VTA0077240,2022-11-21,11,2022,C04640,Carlos Raúl Vargas Medrano,Este,Premium,V011,Clara Loera,Este,P0039,Sennheiser HD 450,Audio,996.36,2.0,0.01,1972.79,24
VTA0077241,2022-11-29,11,2022,C04585,Gregorio Colón Zapata,Centro,Regular,V017,Abraham Apodaca Colunga,Centro,P0050,Cable USB-C 2m,Accesorios,1584.98,4.0,0.02,6213.12,32
VTA0077242,2022-11-23,11,2022,C00808,Vicente Rojo Villegas,Sur,Ocacional,V024,Bernabé Guerra,Sur,P0110,Reflector 5en1 80cm,Fotografía,14826.04,3.0,0.11,39585.53,26
VTA0077243,2022-11-27,11,2022,C02109,Anabel Mejía,Sur,Ocasional,V021,  Cristal Valdés Maya  ,Sur,P0037,JBL Charge 5,Audio,6878.0,4.0,0.04,-26411.52,21
VTA0077244,28/11/2022,11,2022,C04911,Lucas Humberto Alejandro Armenta,Centro,Premium,V003,Jacinto Rivero Valladares,Centro,P0112,Estabilizador DJI OM6,Fotografía,14373.53,1.0,0.07,13367.38,33
VTA0077245,2022-11-16,11,2022,C02545,Silvano Francisco Sauceda,Oeste,Ocasional,V026,Ing. Elias Valdivia,Oeste,P0068,Lenovo Tab P12,Tablets,13522.06,4.0,0.09,49220.3,21
VTA0077246,2022-11-04,11,2022,C02535,Oswaldo Carreón Valentín,Sur,Premium,V006,  Dr. Evelio Murillo  ,Sur,P0039,Sennheiser HD 450,Audio,1180.18,3.0,0.19,2867.84,24
VTA0077247,23/11/2022,11,2022,C01436,,Este,Premium,V037,Victoria Caridad Concepción,Centro,P0049,Cargador MagSafe 30W,Accesorios,957.29,4.0,0.05,3637.7,37
VTA0077248,2022-11-24,11,2022,C03909,Marco Antonio José Carlos Márquez,Sur,Ocacional,V024,Bernabé Guerra,Sur,P0050,Cable USB-C 2m,Accesorios,1388.91,3.0,0.08,3833.39,32
VTA0077249,2022-11-16,11,2022,C00708,Helena Dávila Zepeda,Centro,Premium,V031,  Bernabé César Salazar  ,Centro,P0047,Bose SoundLink,Audio,3992.36,4.0,0.15,13574.02,44
VTA0077250,2022-11-12,11,2022,C01112,Mercedes de la O,Sur,REGULAR,V048,Ivonne Véliz,Centro,P0074,iPad Mini 6,Tablets,18166.26,5.0,0.17,75389.98,31
VTA0077251,2022-11-24,11,2022,C01610,  Eugenio Israel Véliz  ,Sur,Premiun,V036,  Dr. Ignacio Aparicio  ,Sur,P0100,Fujifilm X-T5,Fotografía,17483.09,3.0,0.0,52449.27,42
VTA0077252,2022-11-29,11,2022,C04451,Jorge Valentín Carrasco,Norte,Premium,V002,Nelly Marrero Ortiz,Norte,P0085,Monitor LG 27GP950,Gaming,18555.04,2.0,0.12,32656.87,43
VTA0077253,2022-11-19,11,2022,C00825,Celia Prado,Centro,Premium,V020,Dr. Arturo Angulo,Sur,P0125,TV Samsung QLED 55,Hogar Inteligente,2511.87,4.0,0.12,8841.78,20
VTA0077254,2022-11-17,11,2022,C04222,Oswaldo Alva Marín,Sur,Regular,V019,Jacinto Rodrigo Salazar Rolón,Sur,P0119,Enchufe Inteligente TP,Hogar Inteligente,4875.74,5.0,0.2,19502.96,27
VTA0077255,2022-11-18,11,2022,C03447,Mitzy Hilda Angulo,Centro,Premium,V033,Jaime Gamez Maldonado,Centro,P0039,Sennheiser HD 450,Audio,1119.59,5.0,0.14,4814.24,24
VTA0077256,2022-11-20,11,2022,C02254,Dra. Esperanza Palacios,Oeste,Ocasional,V047,  Estela Bianca Melgar Arias  ,Oeste,P0096,Cooling Noctua NH-D15,Gaming,9155.48,4.0,0.16,30762.41,41
VTA0077257,16/11/2022,11,2022,C01185,  Bruno Leonardo Colón Saldivar  ,Oeste,Premium,V007,Conchita Leticia Gastélum Corral,Oeste,P0020,Lenovo ThinkPad X1,Laptops,25054.02,2.0,0.14,43092.91,42
VTA0077258,2022-11-04,11,2022,C03468,Juan Carlos Mauro Palomo,Sur,Premium,V004,Aurora Zelaya,Norte,P0117,Cámara Nest Doorbell,Hogar Inteligente,10060.78,4.0,0.12,35413.95,34
VTA0077259,2022-11-27,11,2022,C03140,Yuridia Paulina Barela Carreón,Sur,Ocasional,V020,Dr. Arturo Angulo,Sur,P0038,Beats Studio Pro,Audio,2498.96,4.0,0.19,8096.63,39
VTA0077260,21/11/2022,11,2022,C04215,Maximiliano Esquibel Trejo,Este,Regular,V010,Sra. Guadalupe Llamas,Este,P0088,Teclado Razer Huntsman,Gaming,21040.36,4.0,0.12,74062.07,44
VTA0077261,2022-11-16,11,2022,C00246,Virginia María Arce,Centro,Regular,V037,Victoria Caridad Concepción,Centro,P0017,MacBook Pro M3,Laptops,12415.42,3.0,0.18,30541.93,43
VTA0077262,2022-11-26,11,2022,C04212,,Sur,Regular,V008,Irene Franco,Sur,P0085,Monitor LG 27GP950,Gaming,18844.9,5.0,0.17,78206.33,43
VTA0077263,2022-11-13,11,2022,C02084,Lourdes Curiel,Sur,Ocasional,V027,Claudio Andrés Gómez Sosa,Sur,P0090,Control Xbox Elite 2,Gaming,29296.93,5.0,0.13,127441.65,40
VTA0077264,2022-11-18,11,2022,C02589,Dr. Jacobo Piña,Oeste,Regular,V026,Ing. Elias Valdivia,Oeste,P0091,Capturadora Elgato 4K, Accesorios,1553.27,2.0,0.13,2702.69,25
VTA0077265,2022-11-12,11,2022,C04917,Aurora Emilia Saldaña,Norte,Regular,V042,  Srita. Sandra Escamilla  ,Norte,P0128,Panel Solar Portátil,Hogar Inteligente,3993.3,5.0,0.15,16971.52,39
VTA0077266,28/11/2022,11,2022,C02542,José Luis Ramiro Véliz Alvarez,Sur,Premium,V009,Amanda María José Bravo,Norte,P0091,Capturadora Elgato 4K,Gaming,1414.82,4.0,0.06,5319.72,25
VTA0077267,2022-11-21,11,2022,C01206,,Norte,Premium,V042,  Srita. Sandra Escamilla  ,Norte,P0015,Nokia G42,Celulares,19065.68,5.0,0.12,83888.99,26
VTA0077268,2022-11-28,11,2022,C01759,Sr. Israel Barrera,Norte,Premium,V046,Hermelinda Josefina Rodarte Bahena,Norte,P0075,Samsung Galaxy Tab A9,Tablets,17253.41,3.0,0.0,51760.23,35
VTA0077269,2022-11-01,11,2022,C04673,Sr. Eduardo Villaseñor,Sur,Ocasional,V025,Manuel Gerónimo Armas,Sur,P0090,Control Xbox Elite 2,Gaming,27753.32,5.0,0.09,126277.61,40
VTA0077270,2022-11-05,11,2022,C02758,Ing. Julio Gallegos,Norte,Ocasional,V045,Marisela Vanesa Chapa Aranda,Norte,P0089,Mouse Logitech G Pro X,Gaming,7204.56,,0.12,12680.03,45
VTA0077271,2022-11-13,11,2022,C01565,Mauro Vicente Jasso Alcántar,Este,Regular,V010,Sra. Guadalupe Llamas,Este,P0096,Cooling Noctua NH-D15,Gaming,9605.11,1.0,0.11,8548.55,41
VTA0077272,2022-11-18,11,2022,C03175,Gerardo Lomeli Verdugo,Oeste,Ocasional,V007,Conchita Leticia Gastélum Corral,Oeste,P0112,Estabilizador DJI OM6,Fotografía,16278.27,2.0,0.14,27998.62,33
VTA0077273,2022-11-15,11,2022,C04648,Marisol María Luisa Garibay,Este,premiun,V011,Clara Loera,Este,P0024,LG Gram 17,Laptops,47574.18,5.0,0.12,209326.39,26
VTA0077274,2022-11-22,11,2022,C03470,  Julia Carranza Echeverría  ,Este,ocasional,V005,Aldo Adán Rodrígez Galarza,Este,P0045,Marshall Emberton III,Audio,7136.04,1.0,0.06,6707.88,22
VTA0077275,2022-11-04,11,2022,C03142,  Bernabé Quiñónez Collazo  ,Centro,Ocasional,V044,Julia Esther Solorio,Centro,P0061,Batería Portátil 20000,Accesorios,1869.0,3.0,0.06,5270.58,32
VTA0077276,25/11/2022,11,2022,C03502,  Eugenio Jorge Luis Sotelo Benavides  ,Este,Ocasional,V010,Sra. Guadalupe Llamas,Este,P0113,Alexa Echo Dot 5,Hogar Inteligente,10274.41,3.0,0.06,28973.84,20
VTA0077277,2022-11-13,11,2022,C00254,Zacarías Javier Apodaca,Centro,REGULAR,V031,  Bernabé César Salazar  ,Centro,P0113,Alexa Echo Dot 5,Hogar Inteligente,11464.16,2.0,0.13,19947.64,20
VTA0077278,05/11/2022,11,2022,C02339,Emilio Emiliano Candelaria Gollum,Centro,Regular,V017,Abraham Apodaca Colunga,Centro,P0063,Pad Mouse XL Gaming,Accesorios,2089.36,3.0,0.13,5453.23,42
VTA0077279,03/11/2022,11,2022,C01728,Benito Madrid,Este,ocasional,V005,Aldo Adán Rodrígez Galarza,Este,P0113,Alexa Echo Dot 5,audio ,11051.44,1.0,0.15,9393.72,20
VTA0077280,2022-11-11,11,2022,C03202,Lorenzo Leal,Sur,Premium,V018,Lic. Gilberto Castellanos,Sur,P0051,Funda iPhone 15 Pro,gaming,1269.34,3.0,0.18,3122.58,40
VTA0077281,2022-11-12,11,2022,C04570,Sr. Miguel Jiménez,Norte,Premium,V045,Marisela Vanesa Chapa Aranda,Norte,P0084,Steam Deck 512GB,Gaming,12781.87,4.0,0.11,-45503.46,26
VTA0077282,2022-11-21,11,2022,C04314,  Ing. Vicente Bustos  ,Oeste,Regular,V050,José María Gustavo Beltrán,Oeste,P0019,HP Spectre x360,Laptops,35317.79,5.0,0.1,158930.06,26
VTA0077283,2022-11-15,11,2022,C01572,Sr. Gilberto Soto,Oeste,Premium,V040,Karla Silvia Mireles Patiño,Oeste,P0038,Beats Studio Pro,Audio,2374.43,4.0,0.01,9402.74,39
VTA0077284,2022-11-13,11,2022,C01011,Indira Catalina Zamora Cruz,Norte,Ocasional,V049,Ing. María Teresa Bétancourt,Este,P0105,Tripié Joby GorillaPod,Fotografía,9197.43,2.0,0.11,16371.43,41
VTA0077285,2022-11-24,11,2022,C00248,Sr. José María Palacios,Oeste,Regular,V026,Ing. Elias Valdivia,Oeste,P0007,Realme GT5,Celulares,18182.98,1.0,0.15,15455.53,39
VTA0077286,2022-11-18,11,2022,C02976,Alicia Leticia Garza,Sur,Premium,V018,Lic. Gilberto Castellanos,Sur,P0042,Audio Technica ATH,Audio,6629.66,3.0,0.04,19093.42,31
VTA0077287,2022-11-29,11,2022,C00150,Gregorio Emiliano Rodríguez Archuleta,Norte,Premium,V029,Francisco Ballesteros,Norte,P0068,Lenovo Tab P12,Tablets,15041.99,5.0,0.18,61672.16,21
VTA0077288,18/11/2022,11,2022,C02245,Federico Ontiveros Mena,Centro,Regular,V044,Julia Esther Solorio,Centro,P0004,Google Pixel 8,Celulares,5130.56,,0.06,14468.18,34
VTA0077289,2022-11-13,11,2022,C04494,Raquel Alvarez,Sur,Ocasional,V014,Ofelia Miriam Negrón,Oeste,P0081,PlayStation 5,Gaming,10051.13,2.0,0.04,19298.17,46
VTA0077290,2022-11-25,11,2022,C00236,,Sur,Premium,V024,Bernabé Guerra,Sur,P0052,Protector Pantalla S24,Accesorios,1237.07,4.0,0.17,4107.07,31
VTA0077291,2022-11-16,11,2022,C00359,José María Romero,Este,Premium,V011,Clara Loera,Este,P0039,Sennheiser HD 450,Audio,1101.6,5.0,0.02,5397.84,24
VTA0077292,2022-11-15,11,2022,C01701,Verónica María del Carmen Camacho,Oeste,Ocacional,V003,Jacinto Rivero Valladares,Centro,P0123,Cerradura Yale Smart,LAPTOPS,8667.69,3.0,0.1,23402.76,29
VTA0077293,2022-11-14,11,2022,C02612,Olga Berríos Escamilla,Norte,Premium,V016,Octavio Mario Rincón Marín,Norte,P0108,Batería Canon LP-E6,Fotografía,16103.0,5.0,0.18,66022.3,32
VTA0077294,2022-11-03,11,2022,C03405,Leticia Arcelia Quiroz Tapia,Sur,Ocasional,V006,  Dr. Evelio Murillo  ,Sur,P0116,Foco Philips Hue,Hogar Inteligente,3799.08,3.0,0.1,10257.52,44
VTA0077295,2022-11-14,11,2022,C00500,Amelia Hilda Prieto,Este,Premium,V049,Ing. María Teresa Bétancourt,Este,P0064,Limpiador Pantallas Kit,Accesorios,1433.76,2.0,0.12,2523.42,44
VTA0077296,2022-11-29,11,2022,C03624,Clemente Baca Corona,Centro,Premium,V033,Jaime Gamez Maldonado,Centro,P0058,Mochila Techpack 30L,celulares,875.79,1.0,0.17,726.91,23
VTA0077297,2022-11-23,11,2022,C01926,Rosa Abril Rosas,Centro,Ocacional,V044,Julia Esther Solorio,Centro,P0030,Lenovo IdeaPad 5,fotografia,40588.1,4.0,0.1,-146117.16,21
VTA0077298,2022-11-06,11,2022,C00372,Leticia Daniela Huerta Arias,Sur,Premium,V030,Gustavo Camilo Ochoa Gamboa,Oeste,P0121,Roomba j7 Plus,LAPTOPS,5952.54,1.0,0.07,5535.86,38
VTA0077299,2022-11-11,11,2022,C02309,Humberto Montaño,Norte,Premium,V016,Octavio Mario Rincón Marín,Norte,P0040,Jabra Elite 85h,Audio,3150.91,2.0,0.12,5545.6,38
VTA0077300,2022-11-28,11,2022,C00957,  Srita. Yeni Patiño  ,Norte,Regular,V032,Nelly Barela Cardenas,Este,P0090,Control Xbox Elite 2,Gaming,27126.32,3.0,0.06,76496.22,40
VTA0077301,12/11/2022,11,2022,C02831,Héctor Lira,Oeste,Regular,V030,Gustavo Camilo Ochoa Gamboa,Oeste,P0101,DJI Mavic 3 Pro,Fotografía,13049.09,3.0,0.11,34841.07,27
VTA0077302,2022-11-23,11,2022,C02379,Bianca Clara Trujillo,Norte,Premium,V046,Hermelinda Josefina Rodarte Bahena,Norte,P0103,Lente Canon RF 50mm,Fotografía,15780.54,4.0,0.12,55547.5,31
VTA0077303,2022-11-03,11,2022,C01473,Jaime Ernesto Escalante Loya,Centro,Regular,V044,Julia Esther Solorio,Centro,P0021,ASUS ROG Zephyrus,Laptops,11329.67,3.0,0.2,27191.21,36
VTA0077304,2022-11-20,11,2022,C04745,Ing. Abraham Mora,Oeste,Regular,V040,Karla Silvia Mireles Patiño,Oeste,P0091,Capturadora Elgato 4K,Gaming,1401.09,3.0,0.03,4077.17,25
VTA0077305,2022-11-20,11,2022,C04812,René Fernando Espino,Oeste,Premium,V050,José María Gustavo Beltrán,Oeste,P0016,Tecno Spark 20,Celulares,15046.06,4.0,0.07,55971.34,20
VTA0077306,2022-11-28,11,2022,C04771,Hugo Palomo Ramírez,Norte,REGULAR,V009,Amanda María José Bravo,Norte,P0042,Audio Technica ATH,Audio,6948.41,2.0,0.11,12368.17,31
VTA0077307,2022-11-12,11,2022,C04111,  Ing. Jerónimo Laureano  ,Norte,Regular,V045,Marisela Vanesa Chapa Aranda,Norte,P0099,Nikon Z6 III,fotografia,28982.26,3.0,0.14,74774.23,21
VTA0077308,2022-11-27,11,2022,C01980,,Este,Premium,V005,Aldo Adán Rodrígez Galarza,Este,P0095,SSD Samsung 980 Pro,Gaming,2953.46,2.0,0.13,5139.02,28
VTA0077309,2022-11-05,11,2022,C03649,Lic. María Luisa Dueñas,Este,premiun,V010,Sra. Guadalupe Llamas,Este,P0060,Adaptador HDMI 4K,Accesorios,1129.22,5.0,0.02,5533.18,29
VTA0077310,2022-11-15,11,2022,C01206,Eva Esparta Leal,Norte,ocasional,V016,Octavio Mario Rincón Marín,Norte,P0067,iPad Air M1,audio ,16859.51,4.0,0.07,62717.38,39
VTA0077311,17/11/2022,11,2022,C00798,Javier Silvano Godoy,Norte,Premiun,V043,Homero Esquivel,Norte,P0099,Nikon Z6 III,Fotografía,27218.03,2.0,0.05,51714.26,21
VTA0077312,2022-11-13,11,2022,C04162,Berta Saiz,Oeste,Regular,V026,Ing. Elias Valdivia,Oeste,P0051,Funda iPhone 15 Pro,Accesorios,1363.78,3.0,0.12,3600.38,40
VTA0077313,30/11/2022,11,2022,C04582,Aurelio Mario Adame Mayorga,Norte,Ocasional,V009,Amanda María José Bravo,Norte,P0094,RAM Corsair 32GB,Gaming,16960.82,4.0,0.07,63094.25,26
VTA0077314,2022-11-10,11,2022,C04434,David Razo,Oeste,ocasional,V050,José María Gustavo Beltrán,Oeste,P0096,Cooling Noctua NH-D15,Gaming,10175.44,4.0,0.12,35817.55,41
VTA0077315,2022-11-12,11,2022,C03096,Sra. Pamela Ozuna,Sur,ocasional,V025,Manuel Gerónimo Armas,Sur,P0068,Lenovo Tab P12,Tablets,16053.27,1.0,0.09,14608.48,21
VTA0077316,2022-11-01,11,2022,C04727,Julio César Quiroz,Norte,Ocasional,V015,Joaquín Benavides Meza,Norte,P0053,Hub USB-C 7en1,Accesorios,463.96,4.0,0.11,1651.7,20
VTA0077317,24/11/2022,11,2022,C04791,Ing. Andrés Arellano,Este,ocasional,V010,Sra. Guadalupe Llamas,Este,P0072,Huawei MatePad Pro,Tablets,17576.76,1.0,0.17,14588.71,43
VTA0077318,22/11/2022,11,2022,C04919,Estela Perla Alcaraz,Norte,Ocasional,V016,Octavio Mario Rincón Marín,Norte,P0018,Dell XPS 15,Laptops,35301.98,5.0,0.03,171214.6,40
VTA0077319,2022-11-26,11,2022,C04388,Ivonne Nelly Sanabria,Norte,Regular,V009,Amanda María José Bravo,Norte,P0023,Microsoft Surface Pro 9,Laptops,33888.29,2.0,0.09,61676.69,27
VTA0077320,2022-11-26,11,2022,C02609,Lourdes Natividad Ríos,Centro,Premium,V028,Sofía Delia Gurule Cantú,Centro,P0033,Sony WH-1000XM5,LAPTOPS,7485.76,2.0,0.08,13773.8,25
VTA0077321,04/11/2022,11,2022,C01049,Cristina Bianca Alcaraz Villagómez,Oeste,Premium,V026,Ing. Elias Valdivia,Oeste,P0018,Dell XPS 15,Laptops,35037.01,3.0,0.02,103008.81,40
VTA0077322,2022-11-24,11,2022,C02785,Ing. Reynaldo Castellanos,Centro,Regular,V033,Jaime Gamez Maldonado,Centro,P0027,MacBook Air M2,Laptops,33534.75,1.0,0.04,32193.36,24
VTA0077323,2022-11-09,11,2022,C02758,Ing. Julio Gallegos,Norte,Ocasional,V009,Amanda María José Bravo,Norte,P0116,Foco Philips Hue,Hogar Inteligente,4073.1,5.0,0.04,19550.88,44
VTA0077324,2022-11-12,11,2022,C04434,,Oeste,ocasional,V017,Abraham Apodaca Colunga,Centro,P0122,Aspiradora Dyson V15,Hogar Inteligente,3187.88,5.0,0.02,15620.61,28
VTA0077325,2022-11-07,11,2022,C02756,,Centro,Premium,V017,Abraham Apodaca Colunga,Centro,P0078,Chuwi HiPad X,Tablets,13839.05,4.0,0.14,47606.33,20
VTA0077326,2022-11-20,11,2022,C03373,Jaime Valencia Vela,Norte,Regular,V046,Hermelinda Josefina Rodarte Bahena,Norte,P0093,GPU RTX 4070 Ti,tablets,31419.35,3.0,0.15,80119.34,29
VTA0077327,2022-11-24,11,2022,C02497,César Urías,Norte,premiun,V015,Joaquín Benavides Meza,Norte,P0031,Acer Aspire 7,Laptops,8346.97,4.0,0.07,31050.73,38
VTA0077328,2022-11-26,11,2022,C03315,Julia Magdalena del Valle,Centro,Premium,V044,Julia Esther Solorio,Centro,P0048,Skullcandy Crusher,Audio,3513.15,4.0,0.02,13771.55,44
VTA0077329,2022-11-04,11,2022,C04663,Miguel Mena,Este,Premiun,V049,Ing. María Teresa Bétancourt,Este,P0119,Enchufe Inteligente TP,Hogar Inteligente,4602.58,2.0,0.08,8468.75,27
VTA0077330,2022-11-13,11,2022,C02552,Ilse Marisol Castillo,Centro,Regular,V037,Victoria Caridad Concepción,Centro,P0035,Bose QC45,Audio,2813.32,2.0,0.06,5289.04,19
VTA0077331,2022-11-18,11,2022,C01195,Gabriel Hidalgo Mojica,Oeste,Ocasional,V038,Violeta Itzel Benavídez,Oeste,P0088,Teclado Razer Huntsman,Gaming,20932.77,5.0,0.18,85824.36,44
VTA0077332,2022-11-09,11,2022,C02420,Dra. Ana León,Oeste,Ocasional,V038,Violeta Itzel Benavídez,Oeste,P0038,Beats Studio Pro,Audio,2453.36,4.0,0.16,8243.29,39
VTA0077333,2022-11-23,11,2022,C01050,  Omar Niño  ,Sur,Ocasional,V025,Manuel Gerónimo Armas,Sur,P0074,iPad Mini 6,Tablets,17945.5,4.0,0.05,68192.9,31
VTA0077334,2022-11-04,11,2022,C02744,,Este,ocasional,V005,Aldo Adán Rodrígez Galarza,Este,P0075,Samsung Galaxy Tab A9,Tablets,18046.99,3.0,0.08,49809.69,35
VTA0077335,2022-11-09,11,2022,C02388,Abraham Candelaria Soria,Sur,Regular,V020,Dr. Arturo Angulo,Sur,P0074,iPad Mini 6,Tablets,19692.89,1.0,0.11,17526.67,31
VTA0077336,25/11/2022,11,2022,C01294,Raquel Karina Ornelas,Sur,ocasional,V019,Jacinto Rodrigo Salazar Rolón,Sur,P0099,Nikon Z6 III,Fotografía,26839.23,1.0,0.01,26570.84,21
VTA0077337,2022-11-08,11,2022,C02604,Nancy Trinidad Padrón,Norte,Ocasional,V046,Hermelinda Josefina Rodarte Bahena,Norte,P0038,Beats Studio Pro,Audio,2490.35,2.0,0.14,4283.4,39
VTA0077338,2022-11-14,11,2022,C03409,Dr. Timoteo Chacón,Centro,Ocasional,V028,Sofía Delia Gurule Cantú,Centro,P0077,Blackview Tab 16,Tablets,9568.52,2.0,0.07,17797.45,21
VTA0077339,2022-11-09,11,2022,C02374,Ing. Humberto Rivas,Oeste,ocasional,V012,Rubén Marco Antonio Orta Ramos,Sur,P0015,Nokia G42, Accesorios,19266.83,1.0,0.15,16376.81,26
VTA0077340,2022-11-17,11,2022,C02553,Francisca Ulibarri,Centro,Ocasional,V037,Victoria Caridad Concepción,Centro,P0092,Micrófono Blue Yeti,Gaming,12455.33,3.0,0.01,-36992.33,47
VTA0077341,2022-11-03,11,2022,C03667,Dulce Citlali Bahena Guardado,Este,Regular,V010,Sra. Guadalupe Llamas,Este,P0041,Bang Olufsen H95,Audio,5880.15,2.0,0.17,9761.05,20
VTA0077342,2022-11-23,11,2022,C02645,Karla Zúñiga,Centro,Premium,V003,Jacinto Rivero Valladares,Centro,P0119,Enchufe Inteligente TP, Accesorios,5006.89,,0.11,4456.13,27
VTA0077343,2022-11-26,11,2022,C01448,Vicente Valles Serrato,Este,Regular,V011,Clara Loera,Este,P0125,TV Samsung QLED 55,Hogar Inteligente,2465.18,5.0,0.09,11216.57,20
VTA0077344,2022-11-30,11,2022,C02550,Jacobo Esteban Aparicio,Este,Ocacional,V032,Nelly Barela Cardenas,Este,P0121,Roomba j7 Plus,Hogar Inteligente,7012.7,5.0,0.16,29453.34,38
VTA0077345,2022-11-18,11,2022,C04723,Hermelinda Olivárez,Sur,Premium,V025,Manuel Gerónimo Armas,Sur,P0017,MacBook Pro M3,Laptops,13915.2,1.0,0.02,13636.9,43
VTA0077346,14/11/2022,11,2022,C01138,Ing. Marisol Soliz,Sur,Premium,V013,Alvaro Gaona Ocasio,Sur,P0121,Roomba j7 Plus,LAPTOPS,7154.32,1.0,0.16,-6009.63,38
VTA0077347,2022-11-08,11,2022,C02113,  Ivonne María Elena del Valle  ,Norte,Regular,V040,Karla Silvia Mireles Patiño,Oeste,P0007,Realme GT5,Celulares,19088.14,5.0,0.2,76352.56,39
VTA0077348,19/11/2022,11,2022,C04965,Reynaldo Jonás Urrutia Paredes,Norte,Premiun,V015,Joaquín Benavides Meza,Norte,P0076,TCL Tab 10,fotografia,15741.72,1.0,0.14,13537.88,24
VTA0077349,09/11/2022,11,2022,C02298,Abelardo César Mora,Centro,Ocasional,V044,Julia Esther Solorio,Centro,P0113,Alexa Echo Dot 5,Hogar Inteligente,10811.63,5.0,0.08,49733.5,20
VTA0077350,2022-11-02,11,2022,C04285,  Zeferino Vega  ,Oeste,Premium,V048,Ivonne Véliz,Centro,P0064,Limpiador Pantallas Kit,Accesorios,1346.45,5.0,0.1,-6059.02,44
VTA0077351,20/11/2022,11,2022,C01756,Marco Antonio Tórrez Mejía,Centro,Regular,V037,Victoria Caridad Concepción,Centro,P0119,Enchufe Inteligente TP,Hogar Inteligente,4757.72,4.0,0.13,16556.87,27
VTA0077352,2022-11-14,11,2022,C01954,Julio Horacio Meraz Santiago,Oeste,Ocasional,V042,  Srita. Sandra Escamilla  ,Norte,P0031,Acer Aspire 7,Laptops,8984.48,5.0,0.1,40430.16,38
VTA0077353,2022-11-04,11,2022,C01030,Timoteo Tapia Palomino,Centro,Regular,V033,Jaime Gamez Maldonado,Centro,P0045,Marshall Emberton III,Audio,7237.13,4.0,0.2,23158.82,22
VTA0077354,2022-11-18,11,2022,C03584,Mitzy Carla Aguirre,Centro,Ocasional,V028,Sofía Delia Gurule Cantú,Centro,P0065,iPad Pro M2 12.9,Tablets,8202.84,4.0,0.17,27233.43,21
VTA0077355,2022-11-19,11,2022,C01290,Jorge Reynaldo Carrero,Este,Premium,V005,Aldo Adán Rodrígez Galarza,Este,P0124,Sensor Movimiento Aqara,Hogar Inteligente,7534.14,4.0,0.01,29835.19,35
VTA0077356,2022-11-21,11,2022,C04858,Uriel Martín Villagómez Cantú,Este,Premium,V005,Aldo Adán Rodrígez Galarza,Este,P0024,LG Gram 17,Laptops,43030.16,4.0,0.11,153187.37,26
VTA0077357,2022-11-09,11,2022,C04769,Sr. Aldo Mojica,Sur,Ocacional,V024,Bernabé Guerra,Sur,P0061,Batería Portátil 20000,Accesorios,1951.71,3.0,0.03,5679.48,32
VTA0077358,22/11/2022,11,2022,C01275,Vicente Gallegos Aponte,Este,Regular,V010,Sra. Guadalupe Llamas,Este,P0098,Sony Alpha 7 IV,Fotografía,17632.62,4.0,0.08,64888.04,34
VTA0077359,2022-11-03,11,2022,C02968,  Paola Laura Montez  ,Norte,Premium,V043,Homero Esquivel,Norte,P0058,Mochila Techpack 30L,Accesorios,825.78,1.0,0.01,817.52,23
VTA0077360,2022-11-15,11,2022,C00957,  Srita. Yeni Patiño  ,Norte,Regular,V016,Octavio Mario Rincón Marín,Norte,P0096,Cooling Noctua NH-D15,Gaming,10361.02,2.0,0.08,19064.28,41
VTA0077361,2022-11-10,11,2022,C03166,,Este,REGULAR,V049,Ing. María Teresa Bétancourt,Este,P0094,RAM Corsair 32GB,Gaming,17351.88,4.0,0.11,61772.69,26
VTA0077362,2022-11-22,11,2022,C01554,Alejandro Bañuelos,Este,Ocasional,V005,Aldo Adán Rodrígez Galarza,Este,P0086,Silla Gamer DXRacer,Gaming,19906.33,4.0,0.11,70866.53,26
VTA0077363,2022-11-29,11,2022,C03330,  Héctor Jaime  ,Centro,Premiun,V028,Sofía Delia Gurule Cantú,Centro,P0095,SSD Samsung 980 Pro,gaming,3086.02,4.0,0.19,9998.7,28
VTA0077364,2022-11-27,11,2022,C01528,Ivonne Wendolin Montalvo,Sur,Regular,V021,  Cristal Valdés Maya  ,Sur,P0120,Timbre Ring Video Pro,Hogar Inteligente,8115.37,4.0,0.07,30189.18,21
VTA0077365,12/11/2022,11,2022,C03359,Aldo Ramón Garica,Norte,Premium,V029,Francisco Ballesteros,Norte,P0095,SSD Samsung 980 Pro, Accesorios,2784.92,3.0,0.03,8104.12,28
VTA0077366,03/11/2022,11,2022,C02933,  Pascual Villanueva Marín  ,Centro,Ocasional,V044,Julia Esther Solorio,Centro,P0052,Protector Pantalla S24,Accesorios,1243.38,2.0,0.18,2039.14,31
VTA0077367,2022-11-11,11,2022,C04670,Sonia Andrea Ulloa,Norte,Premium,V046,Hermelinda Josefina Rodarte Bahena,Norte,P0004,Google Pixel 8,Celulares,5225.01,3.0,0.17,13010.27,34
VTA0077368,2022-11-21,11,2022,C03896,José Carlos Vallejo Vélez,Sur,Regular,V018,Lic. Gilberto Castellanos,Sur,P0076,TCL Tab 10,Tablets,18580.84,4.0,0.18,60945.16,24
VTA0077369,2022-11-10,11,2022,C03849,Ing. Enrique Laureano,Centro,Ocasional,V037,Victoria Caridad Concepción,Centro,P0116,Foco Philips Hue,Hogar Inteligente,3920.77,1.0,0.09,3567.9,44
VTA0077370,2022-11-10,11,2022,C02369,Bernabé Benito Díaz Medina,Norte,Premium,V027,Claudio Andrés Gómez Sosa,Sur,P0043,Sony WF-1000XM5,Audio,4426.86,2.0,0.1,7968.35,25
VTA0077371,2022-11-01,11,2022,C00304,Olivia Reyes Jáquez,Este,Ocacional,V032,Nelly Barela Cardenas,Este,P0060,Adaptador HDMI 4K,tablets,956.74,5.0,0.01,4735.86,29
VTA0077372,2022-11-10,11,2022,C03735,Wendolin Dulce María Camacho Verduzco,Centro,Premiun,V031,  Bernabé César Salazar  ,Centro,P0071,ASUS Zenpad 3S,Tablets,12580.08,3.0,0.11,33588.81,20
VTA0077373,28/11/2022,11,2022,C04610,  Dr. Jacinto Vargas  ,Este,Regular,V032,Nelly Barela Cardenas,Este,P0001,iPhone 15 Pro,Celulares,20236.96,3.0,0.02,59496.66,37
VTA0077374,2022-11-27,11,2022,C04160,Amanda Salazar Vanegas,Este,Regular,V043,Homero Esquivel,Norte,P0060,Adaptador HDMI 4K,Accesorios,1029.37,5.0,0.04,4940.98,29
VTA0077375,2022-11-07,11,2022,C04732,Indira Cruz,Norte,Ocasional,V043,Homero Esquivel,Norte,P0083,Nintendo Switch OLED,Gaming,14454.58,5.0,0.0,72272.9,39
VTA0077376,2022-11-10,11,2022,C01669,Ana Luisa Cecilia Medina,Sur,Ocasional,V013,Alvaro Gaona Ocasio,Sur,P0003,Xiaomi 14 Pro,Celulares,20589.65,3.0,0.05,58680.5,36
VTA0077377,2022-11-08,11,2022,C00151,Martha Mercedes Urrutia Barrios,Centro,REGULAR,V044,Julia Esther Solorio,Centro,P0028,Dell Inspiron 15,Laptops,27660.91,5.0,0.12,121708.0,37
VTA0077378,2022-11-04,11,2022,C04306,Reina Reyna Quezada,Centro,Premium,V003,Jacinto Rivero Valladares,Centro,P0006,Motorola Edge 50,Celulares,8146.51,3.0,0.08,22484.37,32
VTA0077379,2022-11-30,11,2022,C03556,César Castillo,Centro,Premium,V033,Jaime Gamez Maldonado,Centro,P0078,Chuwi HiPad X,Tablets,14466.46,3.0,0.14,37323.47,20
VTA0077380,2022-11-16,11,2022,C03254,Salma Hurtado,Oeste,Premium,V044,Julia Esther Solorio,Centro,P0049,Cargador MagSafe 30W,Accesorios,1025.27,5.0,0.11,4562.45,37
VTA0077381,02/11/2022,11,2022,C03610,Teresa Sandoval Santillán,Sur,Ocasional,V019,Jacinto Rodrigo Salazar Rolón,Sur,P0123,Cerradura Yale Smart,Hogar Inteligente,8874.15,1.0,0.1,7986.74,29
VTA0077382,11/11/2022,11,2022,C00865,  Sr. Carlos Benavídez  ,Norte,Regular,V042,  Srita. Sandra Escamilla  ,Norte,P0016,Tecno Spark 20,Celulares,14775.45,5.0,0.14,63534.44,20
VTA0077383,2022-11-27,11,2022,C04750,Miriam Verónica Lemus Baeza,Oeste,ocasional,V031,  Bernabé César Salazar  ,Centro,P0107,Tarjeta SD SanDisk 256,Fotografía,11729.83,1.0,0.05,11143.34,27
VTA0077384,2022-11-06,11,2022,C02835,Jaqueline Ariadna Franco Jurado,Oeste,Ocasional,V035,Estela Haro,Oeste,P0020,Lenovo ThinkPad X1,Laptops,26174.05,5.0,0.12,115165.82,42
VTA0077385,10/11/2022,11,2022,C02033,Paola Romero Loya,Norte,Premium,V046,Hermelinda Josefina Rodarte Bahena,Norte,P0042,Audio Technica ATH,Audio,6202.26,2.0,0.12,10915.98,31
VTA0077386,2022-11-27,11,2022,C02341,Guillermo Abraham Garrido Batista,Este,premiun,V011,Clara Loera,Este,P0037,JBL Charge 5,tablets,7363.91,2.0,0.01,14580.54,21
VTA0077387,2022-11-27,11,2022,C03914,Ing. Sofía Rosas,Oeste,Ocasional,V049,Ing. María Teresa Bétancourt,Este,P0121,Roomba j7 Plus,fotografia,6733.17,2.0,0.1,12119.71,38
VTA0077388,2022-11-25,11,2022,C02625,Silvano Rentería,Sur,ocasional,V006,  Dr. Evelio Murillo  ,Sur,P0014,Motorola G84,Celulares,5883.36,1.0,0.14,5059.69,20
VTA0077389,2022-11-26,11,2022,C03632,Armando Gerardo Saldaña,Norte,Premium,V016,Octavio Mario Rincón Marín,Norte,P0066,Samsung Galaxy Tab S9,Tablets,12008.3,4.0,0.13,41788.88,24
VTA0077390,2022-11-05,11,2022,C00697,Antonia Eugenia Medina Aguirre,Este,Premium,V033,Jaime Gamez Maldonado,Centro,P0061,Batería Portátil 20000,Accesorios,2012.98,3.0,0.15,5133.1,32
VTA0077391,2022-11-26,11,2022,C01207,Micaela Estela Ulibarri,Centro,Regular,V035,Estela Haro,Oeste,P0037,JBL Charge 5,Audio,7004.95,5.0,0.09,-31872.52,21
VTA0077392,2022-11-11,11,2022,C01858,Guillermo Timoteo Sauceda,Sur,Premium,V012,Rubén Marco Antonio Orta Ramos,Sur,P0094,RAM Corsair 32GB,Gaming,18903.58,1.0,0.01,18714.54,26
VTA0077393,2022-11-21,11,2022,C04995,Víctor Soria,Centro,Ocasional,V033,Jaime Gamez Maldonado,Centro,P0111,Monitor Portátil 4K,Fotografía,6660.0,4.0,0.15,22644.0,41
VTA0077394,2022-11-11,11,2022,C04643,  Daniela Padrón Nazario  ,Oeste,Regular,V026,Ing. Elias Valdivia,Oeste,P0004,Google Pixel 8,Celulares,5029.36,4.0,0.15,17099.82,34
VTA0077395,2022-11-18,11,2022,C01435,Ofelia Alma Solorzano Anguiano,Oeste,Ocasional,V037,Victoria Caridad Concepción,Centro,P0125,TV Samsung QLED 55,Hogar Inteligente,2490.32,3.0,0.01,7396.25,20
VTA0077396,2022-11-07,11,2022,C03817,Octavio Porras,Este,Premium,V048,Ivonne Véliz,Centro,P0102,GoPro Hero 12,Fotografía,25437.06,3.0,0.1,68680.06,45
VTA0077397,2022-11-14,11,2022,C02645,Karla Zúñiga,Centro,Premium,V037,Victoria Caridad Concepción,Centro,P0031,Acer Aspire 7,Laptops,8645.97,5.0,0.14,37177.67,38
VTA0077398,2022-11-15,11,2022,C04978,Débora Rosario Menéndez Barrientos,Centro,Ocasional,V041,Srita. Nadia Casas,Centro,P0110,Reflector 5en1 80cm, Accesorios,14268.06,5.0,0.03,69200.09,26
VTA0077399,2022-11-16,11,2022,C01019,  Leticia Vargas  ,Norte,Premium,V043,Homero Esquivel,Norte,P0106,Mochila Lowepro Pro,Fotografía,15843.21,2.0,0.18,25982.86,40
VTA0077400,2022-11-09,11,2022,C01082,Elisa Castro Jiménez,Centro,REGULAR,V027,Claudio Andrés Gómez Sosa,Sur,P0055,Teclado Keychron K2,Accesorios,1291.54,4.0,0.11,4597.88,28
VTA0077401,2022-11-30,11,2022,C03674,Elsa Zavala Bahena,Centro,Ocacional,V033,Jaime Gamez Maldonado,Centro,P0032,ASUS VivoBook 16,Laptops,11057.11,4.0,0.04,42459.3,38
VTA0077402,07/11/2022,11,2022,C03264,Sr. Aurelio Santacruz,Este,ocasional,V010,Sra. Guadalupe Llamas,Este,P0061,Batería Portátil 20000,celulares,1704.32,4.0,0.1,6135.55,32
VTA0077403,2022-11-09,11,2022,C00156,Guillermina Aida Tamez Navarrete,Oeste,Regular,V043,Homero Esquivel,Norte,P0110,Reflector 5en1 80cm,Fotografía,15085.13,1.0,0.08,13878.32,26
VTA0077404,2022-11-22,11,2022,C00485,Flavio Jos Briseño,Sur,Ocasional,V019,Jacinto Rodrigo Salazar Rolón,Sur,P0053,Hub USB-C 7en1,Accesorios,452.62,5.0,0.03,-2195.21,20
VTA0077405,08/11/2022,11,2022,C03423,Camilo Gerardo León Correa,Sur,Regular,V019,Jacinto Rodrigo Salazar Rolón,Sur,P0101,DJI Mavic 3 Pro,gaming,13231.13,3.0,0.1,35724.05,27
VTA0077406,2022-11-06,11,2022,C00332,Ivonne Solorio,Centro,Regular,V013,Alvaro Gaona Ocasio,Sur,P0077,Blackview Tab 16,Tablets,10617.15,3.0,0.13,27710.76,21
VTA0077407,2022-11-06,11,2022,C01057,Luisa Susana Coronado,Oeste,Regular,V026,Ing. Elias Valdivia,Oeste,P0002,Samsung Galaxy S24,Celulares,7222.45,2.0,0.05,13722.66,19
VTA0077408,2022-11-13,11,2022,C00448,Andrés Miguel Segovia Concepción,Este,Premium,V032,Nelly Barela Cardenas,Este,P0094,RAM Corsair 32GB,Gaming,17336.54,1.0,0.17,-14389.33,26
VTA0077409,2022-11-19,11,2022,C01741,Jacinto Valentín,Sur,Ocasional,V010,Sra. Guadalupe Llamas,Este,P0073,Microsoft Surface Go 3,audio ,11134.96,3.0,0.17,27726.05,22
VTA0077410,2022-11-22,11,2022,C03025,Natividad Ivonne Curiel,Sur,Ocasional,V024,Bernabé Guerra,Sur,P0105,Tripié Joby GorillaPod,Fotografía,10712.99,4.0,0.16,35995.65,41
VTA0077411,2022-11-13,11,2022,C01475,Ing. Sergio Cervantes,Este,Premium,V005,Aldo Adán Rodrígez Galarza,Este,P0079,Realme Pad 2,hogar inteligente,8965.79,1.0,0.16,7531.26,20
VTA0077412,2022-11-25,11,2022,C04872,Isaac Germán Olivo,Oeste,Premium,V047,  Estela Bianca Melgar Arias  ,Oeste,P0060,Adaptador HDMI 4K,Accesorios,1141.05,1.0,0.14,981.3,29
VTA0077413,2022-11-21,11,2022,C01240,María Elena Claudia Salinas Peralta,Este,Regular,V049,Ing. María Teresa Bétancourt,Este,P0015,Nokia G42,Celulares,19980.16,1.0,0.0,19980.16,26
VTA0077414,2022-11-22,11,2022,C01603,Oswaldo Alberto Barrios,Centro,Premium,V003,Jacinto Rivero Valladares,Centro,P0081,PlayStation 5,Gaming,10343.43,1.0,0.03,-10033.13,46
VTA0077415,2022-11-30,11,2022,C00805,Irene Esquivel,Oeste,Premiun,V040,Karla Silvia Mireles Patiño,Oeste,P0077,Blackview Tab 16,Tablets,9650.77,3.0,0.03,-28083.74,21
VTA0077416,2022-11-05,11,2022,C01349,Sergio Zaragoza Collado,Norte,Premium,V045,Marisela Vanesa Chapa Aranda,Norte,P0112,Estabilizador DJI OM6,Fotografía,16048.43,1.0,0.09,14604.07,33
VTA0077417,2022-11-06,11,2022,C03552,Martín Carrión Bañuelos,Centro,Regular,V037,Victoria Caridad Concepción,Centro,P0097,Canon EOS R6 Mark II,Fotografía,32151.32,4.0,0.06,120888.96,38
VTA0077418,10/11/2022,11,2022,C01995,Liliana Claudia Ulibarri,Sur,Ocasional,V012,Rubén Marco Antonio Orta Ramos,Sur,P0117,Cámara Nest Doorbell,Hogar Inteligente,11455.15,5.0,0.05,54411.96,34
VTA0077419,2022-11-30,11,2022,C01755,Hilda Ybarra,Sur,Ocasional,V021,  Cristal Valdés Maya  ,Sur,P0042,Audio Technica ATH,Audio,5878.7,1.0,0.16,4938.11,31
VTA0077420,2022-11-18,11,2022,C03884,Angélica Segura Franco,Este,Ocasional,V049,Ing. María Teresa Bétancourt,Este,P0051,Funda iPhone 15 Pro,Accesorios,1305.98,4.0,0.08,4806.01,40
VTA0077421,2022-11-19,11,2022,C00685,  Aldo Abelardo Gamez  ,Sur,Ocasional,V013,Alvaro Gaona Ocasio,Sur,P0004,Google Pixel 8,Celulares,4804.19,1.0,0.07,4467.9,34
VTA0077422,2022-11-01,11,2022,C03414,Srita. Leticia Rico,Sur,Ocasional,V021,  Cristal Valdés Maya  ,Sur,P0104,Flash Godox V1,Fotografía,16011.36,3.0,0.15,40828.97,40
VTA0077423,2022-11-28,11,2022,C03664,Srita. Vanesa Velázquez,Este,Regular,V043,Homero Esquivel,Norte,P0058,Mochila Techpack 30L,Accesorios,809.12,4.0,0.04,3107.02,23
VTA0077424,09/11/2022,11,2022,C04942,Juan Carlos Darío Orta,Oeste,Premiun,V016,Octavio Mario Rincón Marín,Norte,P0123,Cerradura Yale Smart,Hogar Inteligente,8604.35,3.0,0.02,25296.79,29
VTA0077425,2022-11-18,11,2022,C02237,Lic. Guadalupe Romero,Norte,Ocasional,V022,Bernardo Lemus Caballero,Oeste,P0090,Control Xbox Elite 2,Gaming,28042.12,4.0,0.1,100951.63,40
VTA0077426,2022-11-29,11,2022,C04533,  Serafín Puente Montemayor  ,Sur,Regular,V024,Bernabé Guerra,Sur,P0106,Mochila Lowepro Pro,Fotografía,17773.51,4.0,0.12,62562.76,40
VTA0077427,2022-11-08,11,2022,C00529,  Luis Manuel Loya  ,Este,Premium,V032,Nelly Barela Cardenas,Este,P0013,Xiaomi Redmi Note 13,Celulares,12629.47,5.0,0.14,54306.72,30
VTA0077428,2022-11-08,11,2022,C03987,Lic. Nicolás Porras,Oeste,Regular,V014,Ofelia Miriam Negrón,Oeste,P0029,HP Pavilion 15,Laptops,8647.81,5.0,0.09,39347.54,24
VTA0077429,2022-11-07,11,2022,C02839,Amanda Yolanda Rodríguez Olivas,Centro,Premiun,V048,Ivonne Véliz,Centro,P0125,TV Samsung QLED 55,Hogar Inteligente,2766.16,4.0,0.13,9626.24,20
VTA0077430,2022-11-22,11,2022,C03265,Graciela Urías Fajardo,Sur,Premiun,V024,Bernabé Guerra,Sur,P0088,Teclado Razer Huntsman,Gaming,22482.3,5.0,0.01,111287.38,44
VTA0077431,2022-11-30,11,2022,C02693,Catalina Silvia Longoria,Norte,Ocasional,V015,Joaquín Benavides Meza,Norte,P0081,PlayStation 5,Gaming,11472.2,3.0,0.17,28565.78,46
VTA0077432,2022-11-22,11,2022,C03565,Diego Bruno Soto Rendón,Oeste,Premium,V007,Conchita Leticia Gastélum Corral,Oeste,P0043,Sony WF-1000XM5,gaming,4500.91,2.0,0.12,7921.6,25
VTA0077433,05/11/2022,11,2022,C00525,Julio César Roberto Cabrera Maldonado,Oeste,Premium,V035,Estela Haro,Oeste,P0041,Bang Olufsen H95,Audio,6586.78,1.0,0.16,5532.9,20
VTA0077434,2022-11-22,11,2022,C03985,Genaro Felipe Oquendo,Este,Ocasional,V011,Clara Loera,Este,P0049,Cargador MagSafe 30W,Accesorios,969.83,1.0,0.09,882.55,37
VTA0077435,07/11/2022,11,2022,C00721,  Federico Camilo Aguayo Fuentes  ,Este,Ocasional,V005,Aldo Adán Rodrígez Galarza,Este,P0073,Microsoft Surface Go 3,celulares,10242.15,2.0,0.16,17206.81,22
VTA0077436,2022-11-25,11,2022,C03791,Norma Lucía Cavazos Sierra,Sur,Premium,V031,  Bernabé César Salazar  ,Centro,P0097,Canon EOS R6 Mark II,Fotografía,29391.87,4.0,0.07,109337.76,38
VTA0077437,2022-11-07,11,2022,C00085,Srita. Isabel Mora,Centro,Premium,V048,Ivonne Véliz,Centro,P0128,Panel Solar Portátil,Hogar Inteligente,3628.41,5.0,0.13,15783.58,39
VTA0077438,2022-11-19,11,2022,C03913,  Manuel Fidel Figueroa  ,Norte,Premium,V043,Homero Esquivel,Norte,P0007,Realme GT5,Celulares,18607.67,3.0,0.08,51357.17,39
VTA0077439,2022-11-01,11,2022,C01160,Antonio Leiva,Centro,Regular,V003,Jacinto Rivero Valladares,Centro,P0103,Lente Canon RF 50mm,Fotografía,14564.6,1.0,0.11,12962.49,31
VTA0077440,2022-11-17,11,2022,C02827,Laura Ofelia Meléndez,Sur,Ocacional,V008,Irene Franco,Sur,P0081,PlayStation 5,Gaming,10819.14,5.0,0.15,45981.34,46
VTA0077441,2022-11-27,11,2022,C01412,Francisco Luis Manuel Anaya Benavídez,Centro,Premium,V037,Victoria Caridad Concepción,Centro,P0092,Micrófono Blue Yeti,Gaming,13242.23,5.0,0.2,52968.92,47
VTA0077442,2022-11-06,11,2022,C03880,Sr. René Cervantes,Este,Regular,V011,Clara Loera,Este,P0063,Pad Mouse XL Gaming,Accesorios,1991.98,2.0,0.17,3306.69,42
VTA0077443,2022-11-27,11,2022,C02873,Ing. Felix Madera,Este,ocasional,V003,Jacinto Rivero Valladares,Centro,P0091,Capturadora Elgato 4K,Gaming,1384.29,2.0,0.07,2574.78,25
VTA0077444,2022-11-28,11,2022,C03732,  Adela Puente  ,Este,Premium,V013,Alvaro Gaona Ocasio,Sur,P0121,Roomba j7 Plus,Hogar Inteligente,5947.83,2.0,0.05,11300.88,38
VTA0077445,2022-11-01,11,2022,C04862,Jesús Israel Barragán Figueroa,Este,Premium,V011,Clara Loera,Este,P0045,Marshall Emberton III,Audio,7477.37,4.0,0.1,26918.53,22
VTA0077446,2022-11-17,11,2022,C01442,Dr. Ignacio Gutiérrez,Sur,Premiun,V034,Rufino Rivera,Sur,P0001,iPhone 15 Pro,Celulares,20616.24,1.0,0.07,19173.1,37
VTA0077447,26/11/2022,11,2022,C04652,  Lic. Rodrigo Prado  ,Sur,Regular,V005,Aldo Adán Rodrígez Galarza,Este,P0009,Sony Xperia 1 VI,Celulares,22710.25,3.0,0.1,61317.68,24
VTA0077448,2022-11-12,11,2022,C04097,Graciela Navarro Sanches,Centro,Ocasional,V048,Ivonne Véliz,Centro,P0088,Teclado Razer Huntsman,Gaming,21132.13,3.0,0.04,60860.53,44
VTA0077449,2022-11-15,11,2022,C03604,Micaela Ayala Alcántar,Centro,Premiun,V003,Jacinto Rivero Valladares,Centro,P0041,Bang Olufsen H95,Audio,5857.51,3.0,0.2,14058.02,20
VTA0077450,24/11/2022,11,2022,C04916,Beatriz Cintrón,Norte,Premium,V015,Joaquín Benavides Meza,Norte,P0046,JBL Flip 6,Audio,2641.34,2.0,0.01,5229.85,40
VTA0077451,2022-11-29,11,2022,C01898,Abelardo Nájera,Sur,Regular,V028,Sofía Delia Gurule Cantú,Centro,P0111,Monitor Portátil 4K,Fotografía,6316.85,5.0,0.04,30320.88,41
VTA0077452,2022-11-05,11,2022,C04804,Dr. Porfirio Aguayo,Centro,Regular,V033,Jaime Gamez Maldonado,Centro,P0001,iPhone 15 Pro,Celulares,20066.51,4.0,0.08,73844.76,37
VTA0077453,2022-11-10,11,2022,C02952,Eva Beatriz Ríos,Norte,Premium,V004,Aurora Zelaya,Norte,P0051,Funda iPhone 15 Pro,Accesorios,1254.0,2.0,0.03,2432.76,40
VTA0077454,2022-11-24,11,2022,C02509,Ing. Alonso Toro,Este,Ocasional,V049,Ing. María Teresa Bétancourt,Este,P0072,Huawei MatePad Pro,Tablets,18710.64,3.0,0.14,-48273.45,43
VTA0077455,2022-11-26,11,2022,C01718,Jerónimo Fernando Archuleta,Este,REGULAR,V049,Ing. María Teresa Bétancourt,Este,P0108,Batería Canon LP-E6,celulares,15793.15,4.0,0.13,54960.16,32
VTA0077456,2022-11-03,11,2022,C01370,,Centro,Premium,V023,Fidel Negrete Domínguez,Sur,P0102,GoPro Hero 12,Fotografía,25879.04,3.0,0.14,-66767.92,45
VTA0077457,2022-11-16,11,2022,C00305,Georgina Úrsula Lucio Colunga,Oeste,Ocasional,V014,Ofelia Miriam Negrón,Oeste,P0065,iPad Pro M2 12.9,Tablets,6904.86,4.0,0.08,25409.88,21
VTA0077458,2022-11-07,11,2022,C02020,Paulina Raquel Ávalos Portillo,Oeste,Premium,V039,Sr. Modesto Guillen,Oeste,P0072,Huawei MatePad Pro,Tablets,17428.79,1.0,0.2,13943.03,43
VTA0077459,2022-11-22,11,2022,C01838,René Pablo Caldera Escobar,Oeste,Regular,V026,Ing. Elias Valdivia,Oeste,P0031,Acer Aspire 7,Laptops,8167.25,5.0,0.04,39202.8,38
VTA0077460,2022-11-08,11,2022,C03001,Jorge Echeverría,Norte,Premium,V002,Nelly Marrero Ortiz,Norte,P0040,Jabra Elite 85h,hogar inteligente,3226.27,3.0,0.13,8420.56,38
VTA0077461,2022-11-01,11,2022,C03567,Ana Farías,Sur,Regular,V013,Alvaro Gaona Ocasio,Sur,P0058,Mochila Techpack 30L,Accesorios,872.57,2.0,0.07,1622.98,23
VTA0077462,12/11/2022,11,2022,C04550,Ing. Iván Arguello,Centro,Premium,V033,Jaime Gamez Maldonado,Centro,P0068,Lenovo Tab P12,Tablets,13768.66,3.0,0.11,36762.32,21
VTA0077463,2022-11-01,11,2022,C01014,  Nancy Fierro  ,Sur,Ocasional,V025,Manuel Gerónimo Armas,Sur,P0065,iPad Pro M2 12.9,Tablets,7346.88,3.0,0.16,18514.14,21
VTA0077464,2022-11-27,11,2022,C01164,Mateo Jorge Luis Candelaria Franco,Oeste,Regular,V030,Gustavo Camilo Ochoa Gamboa,Oeste,P0058,Mochila Techpack 30L,Accesorios,911.11,1.0,0.09,829.11,23
VTA0077465,2022-11-06,11,2022,C03332,Sr. Andrés Armendáriz,Este,Ocasional,V049,Ing. María Teresa Bétancourt,Este,P0074,iPad Mini 6,Tablets,19795.52,5.0,0.0,98977.6,31
VTA0077466,2022-11-04,11,2022,C00751,Amelia Asunción Pedraza,Norte,premiun,V046,Hermelinda Josefina Rodarte Bahena,Norte,P0106,Mochila Lowepro Pro,Fotografía,17906.62,5.0,0.17,74312.47,40
VTA0077467,2022-11-23,11,2022,C00264,Jaime Ricardo Holguín Sierra,Norte,Premium,V042,  Srita. Sandra Escamilla  ,Norte,P0088,Teclado Razer Huntsman,Gaming,24508.26,2.0,0.04,47055.86,44
VTA0077468,2022-11-07,11,2022,C02141,Arturo Santiago Ocampo,Sur,Regular,V008,Irene Franco,Sur,P0102,GoPro Hero 12,audio ,27629.8,3.0,0.15,70455.99,45
VTA0077469,2022-11-19,11,2022,C01242,Rolando Leonel Chacón,Sur,Premium,V023,Fidel Negrete Domínguez,Sur,P0032,ASUS VivoBook 16,Laptops,10798.73,1.0,0.2,8638.98,38
VTA0077470,2022-11-03,11,2022,C01808,  Óscar Maldonado  ,Norte,premiun,V045,Marisela Vanesa Chapa Aranda,Norte,P0039,Sennheiser HD 450,Audio,976.58,1.0,0.19,791.03,24
VTA0077471,2022-11-08,11,2022,C00776,  Linda Villaseñor Rojo  ,Centro,Ocasional,V003,Jacinto Rivero Valladares,Centro,P0124,Sensor Movimiento Aqara,Hogar Inteligente,7391.13,2.0,0.2,11825.81,35
VTA0077472,2022-11-09,11,2022,C01088,Sr. Wilfrido Cazares,Centro,Premiun,V023,Fidel Negrete Domínguez,Sur,P0060,Adaptador HDMI 4K,Accesorios,1011.71,2.0,0.12,1780.61,29
VTA0077473,15/11/2022,11,2022,C03662,Gloria Cecilia Muñiz Tello,Sur,Premium,V012,Rubén Marco Antonio Orta Ramos,Sur,P0082,Xbox Series X,Gaming,11356.86,4.0,0.15,-38613.32,30
VTA0077474,2022-11-08,11,2022,C00206,Lourdes Fierro,Sur,Regular,V021,  Cristal Valdés Maya  ,Sur,P0065,iPad Pro M2 12.9,Tablets,6936.18,4.0,0.12,24415.35,21
VTA0077475,2022-11-08,11,2022,C04131,Alvaro Oswaldo Cortés,Norte,Ocasional,V015,Joaquín Benavides Meza,Norte,P0017,MacBook Pro M3,Laptops,14079.01,5.0,0.06,66171.35,43
VTA0077476,2022-11-08,11,2022,C04920,Octavio Chapa Barela,Sur,Ocasional,V025,Manuel Gerónimo Armas,Sur,P0064,Limpiador Pantallas Kit,Accesorios,1504.97,5.0,0.0,7524.85,44
VTA0077477,2022-11-22,11,2022,C02910,  Beatriz Zarate Tovar  ,Oeste,Ocasional,V047,  Estela Bianca Melgar Arias  ,Oeste,P0016,Tecno Spark 20,Celulares,14959.94,2.0,0.1,26927.89,20
VTA0077478,2022-11-17,11,2022,C02676,Alberto Alfredo del Río,Norte,Premium,V004,Aurora Zelaya,Norte,P0005,OnePlus 12,Celulares,5818.36,5.0,0.17,24146.19,40
VTA0077479,15/11/2022,11,2022,C03788,Silvia Ulibarri Arevalo,Norte,Ocasional,V016,Octavio Mario Rincón Marín,Norte,P0040,Jabra Elite 85h,Audio,2733.93,2.0,0.19,-4428.97,38
VTA0077480,2022-11-21,11,2022,C00495,Alberto Francisco Limón,Centro,Premium,V028,Sofía Delia Gurule Cantú,Centro,P0071,ASUS Zenpad 3S,LAPTOPS,12860.04,2.0,0.04,24691.28,20
VTA0077481,2022-11-12,11,2022,C03753,Noemí Asunción Valdez,Centro,Premium,V003,Jacinto Rivero Valladares,Centro,P0029,HP Pavilion 15,LAPTOPS,9150.87,5.0,0.05,43466.63,24
VTA0077482,2022-11-23,11,2022,C00210,Zacarías Bernardo Muñiz Castillo,Este,Premium,V003,Jacinto Rivero Valladares,Centro,P0048,Skullcandy Crusher,Audio,3850.74,2.0,0.19,6238.2,44
VTA0077483,2022-11-01,11,2022,C00283,Elvia Quiñones Tello,Centro,Regular,V024,Bernabé Guerra,Sur,P0053,Hub USB-C 7en1,Accesorios,391.46,2.0,0.04,751.6,20
VTA0077484,2022-11-10,11,2022,C01818,Jorge Luis Luis Miguel Urías Godínez,Oeste,Premium,V023,Fidel Negrete Domínguez,Sur,P0075,Samsung Galaxy Tab A9,Tablets,18946.28,4.0,0.13,65933.05,35
VTA0077485,15/11/2022,11,2022,C02447,Lic. Ramiro Tirado,Este,Premium,V011,Clara Loera,Este,P0008,OPPO Find X7,audio ,19774.56,3.0,0.17,49238.65,26
VTA0077486,2022-11-13,11,2022,C01926,Rosa Abril Rosas,Centro,Ocacional,V017,Abraham Apodaca Colunga,Centro,P0102,GoPro Hero 12,Fotografía,25807.04,2.0,0.14,44388.11,45
VTA0077487,20/11/2022,11,2022,C03705,Lic. Marco Antonio Matos,Este,Ocasional,V011,Clara Loera,Este,P0096,Cooling Noctua NH-D15,Gaming,9444.31,5.0,0.03,45804.9,41
VTA0077488,2022-11-25,11,2022,C04734,Andrea Cavazos Pabón,Este,Regular,V005,Aldo Adán Rodrígez Galarza,Este,P0104,Flash Godox V1,Fotografía,15545.88,1.0,0.06,14613.13,40
VTA0077489,2022-11-26,11,2022,C03136,Lic. Inés Jaime,Sur,REGULAR,V006,  Dr. Evelio Murillo  ,Sur,P0027,MacBook Air M2,Laptops,38509.3,5.0,0.0,192546.5,24
VTA0077490,30/11/2022,11,2022,C01210,Miguel Ángel Valdez,Este,Premium,V032,Nelly Barela Cardenas,Este,P0056,Webcam Logitech C920,Accesorios,2042.0,3.0,0.17,5084.58,43
VTA0077491,2022-11-04,11,2022,C02007,Georgina Reyes,Norte,Ocasional,V015,Joaquín Benavides Meza,Norte,P0039,Sennheiser HD 450,Audio,1056.48,5.0,0.0,5282.4,24
VTA0077492,2022-11-22,11,2022,C04516,Ing. Estela Mejía,Este,Ocasional,V038,Violeta Itzel Benavídez,Oeste,P0101,DJI Mavic 3 Pro,gaming,15774.05,,0.12,-41643.49,27
VTA0077493,2022-11-21,11,2022,C04023,Rufino Quiñónez,Este,Ocasional,V049,Ing. María Teresa Bétancourt,Este,P0014,Motorola G84,Celulares,5752.0,5.0,0.14,24733.6,20
VTA0077494,2022-11-15,11,2022,C02654,Cornelio Germán Canales Ruiz,Centro,Regular,V012,Rubén Marco Antonio Orta Ramos,Sur,P0089,Mouse Logitech G Pro X,Gaming,7360.62,1.0,0.13,6403.74,45
VTA0077495,2022-11-21,11,2022,C02097,Citlali Antonia Mireles Ávila,Centro,REGULAR,V017,Abraham Apodaca Colunga,Centro,P0032,ASUS VivoBook 16,Laptops,10813.96,4.0,0.01,42823.28,38
VTA0077496,2022-11-29,11,2022,C01390,Irma María Cristina Nevárez Leiva,Oeste,Regular,V014,Ofelia Miriam Negrón,Oeste,P0006,Motorola Edge 50,Celulares,9110.28,3.0,0.19,22137.98,32
VTA0077497,2022-11-06,11,2022,C00930,  Karla Mayte Herrera  ,Este,Premium,V005,Aldo Adán Rodrígez Galarza,Este,P0112,Estabilizador DJI OM6,Fotografía,15258.91,3.0,0.04,43945.66,33
VTA0077498,2022-11-01,11,2022,C00396,Ernesto Cotto,Este,Premium,V011,Clara Loera,Este,P0007,Realme GT5,Celulares,17028.23,3.0,0.11,45465.37,39
VTA0077499,12/11/2022,11,2022,C01584,Ramón Manuel Rosas,Oeste,Regular,V018,Lic. Gilberto Castellanos,Sur,P0052,Protector Pantalla S24,Accesorios,1039.77,2.0,0.0,2079.54,31
VTA0077500,25/11/2022,11,2022,C00675,Linda Canales Maldonado,Norte,Ocasional,V035,Estela Haro,Oeste,P0098,Sony Alpha 7 IV,Fotografía,19533.63,4.0,0.19,63288.96,34
VTA0077501,2022-11-16,11,2022,C00385,Lic. Juan Quintana,Norte,Ocasional,V009,Amanda María José Bravo,Norte,P0026,MSI Prestige 16,Laptops,9623.69,5.0,0.12,42344.24,44
VTA0077502,2022-11-24,11,2022,C01339,,Centro,Regular,V020,Dr. Arturo Angulo,Sur,P0108,Batería Canon LP-E6,Fotografía,17382.43,4.0,0.14,59795.56,32
VTA0077503,2022-11-30,11,2022,C04097,Graciela Navarro Sanches,Centro,Ocasional,V048,Ivonne Véliz,Centro,P0015,Nokia G42,Celulares,20469.3,3.0,0.07,57109.35,26
VTA0077504,19/11/2022,11,2022,C04535,Miguel Teodoro Chávez Cano,Oeste,Ocasional,V035,Estela Haro,Oeste,P0086,Silla Gamer DXRacer,Gaming,23435.19,2.0,0.12,41245.93,26
VTA0077505,2022-11-14,11,2022,C04418,Guillermina Daniela Sauceda,Centro,Premiun,V017,Abraham Apodaca Colunga,Centro,P0049,Cargador MagSafe 30W,Accesorios,1004.1,3.0,0.02,2952.05,37
VTA0077506,2022-11-09,11,2022,C01730,Abel Salvador Chavarría,Sur,Ocasional,V036,  Dr. Ignacio Aparicio  ,Sur,P0080,Honor Pad 8,tablets,9584.12,5.0,0.15,40732.51,19
VTA0077507,2022-11-24,11,2022,C00295,,Norte,premiun,V015,Joaquín Benavides Meza,Norte,P0005,OnePlus 12,Celulares,5750.46,4.0,0.08,21161.69,40
VTA0077508,05/11/2022,11,2022,C04880,Porfirio Griego Terán,Sur,Premium,V027,Claudio Andrés Gómez Sosa,Sur,P0087,Headset HyperX Cloud III,LAPTOPS,2088.45,2.0,0.17,3466.83,38
VTA0077509,2022-11-29,11,2022,C01176,Cristian José Carlos Bañuelos Navarrete,Centro,Ocasional,V031,  Bernabé César Salazar  ,Centro,P0063,Pad Mouse XL Gaming,Accesorios,1770.51,4.0,0.16,5948.91,42
VTA0077510,2022-11-10,11,2022,C00378,Lic. Leonor Santana,Norte,Premium,V002,Nelly Marrero Ortiz,Norte,P0093,GPU RTX 4070 Ti,tablets,29915.94,4.0,0.02,117270.48,29
VTA0077511,2022-11-30,11,2022,C00237,Carlota Lorena Soria,Oeste,Ocasional,V040,Karla Silvia Mireles Patiño,Oeste,P0033,Sony WH-1000XM5,Audio,6954.24,1.0,0.04,6676.07,25
VTA0077512,2022-11-10,11,2022,C02524,  Ing. Irene Ulloa  ,Norte,Regular,V046,Hermelinda Josefina Rodarte Bahena,Norte,P0068,Lenovo Tab P12,Tablets,15668.24,1.0,0.16,13161.32,21
VTA0077513,2022-11-21,11,2022,C03681,Anel Mercedes Alarcón,Sur,Premium,V027,Claudio Andrés Gómez Sosa,Sur,P0017,MacBook Pro M3,Laptops,13191.31,5.0,0.05,62658.72,43
VTA0077514,2022-11-04,11,2022,C04802,Ing. Andrea Gonzales,Centro,Premiun,V037,Victoria Caridad Concepción,Centro,P0115,Apple HomePod Mini,Hogar Inteligente,7573.63,2.0,0.04,14541.37,46
VTA0077515,2022-11-09,11,2022,C01673,Catalina Cabrera Castellanos,Este,Ocasional,V011,Clara Loera,Este,P0067,iPad Air M1,Tablets,16423.35,5.0,0.14,70620.4,39
VTA0077516,2022-11-23,11,2022,C03826,  Adela Saldaña  ,Norte,Regular,V042,  Srita. Sandra Escamilla  ,Norte,P0127,Router WiFi 6 Mesh,Hogar Inteligente,5330.01,3.0,0.18,-13111.82,44
VTA0077517,2022-11-20,11,2022,C00859,  Wilfrido Pascual Porras Fonseca  ,Sur,Ocasional,V020,Dr. Arturo Angulo,Sur,P0018,Dell XPS 15,Laptops,37643.76,1.0,0.03,36514.45,40
VTA0077518,2022-11-03,11,2022,C00352,Javier Pascual Gamez,Este,Premiun,V032,Nelly Barela Cardenas,Este,P0070,Amazon Fire HD 10,Tablets,18468.67,5.0,0.02,90496.48,33
VTA0077519,2022-11-28,11,2022,C03551,César Colón Apodaca,Sur,Premium,V008,Irene Franco,Sur,P0117,Cámara Nest Doorbell,Hogar Inteligente,9890.99,2.0,0.09,18001.6,34
VTA0077520,2022-11-17,11,2022,C03157,Lic. Lourdes Otero,Este,Ocasional,V027,Claudio Andrés Gómez Sosa,Sur,P0109,Filtro ND Variable,LAPTOPS,3255.01,5.0,0.14,13996.54,30
VTA0077521,2022-11-11,11,2022,C03937,Sra. María Robledo,Oeste,Regular,V025,Manuel Gerónimo Armas,Sur,P0015,Nokia G42,Celulares,20841.17,2.0,0.19,33762.7,26
VTA0077522,2022-11-25,11,2022,C03262,Espartaco Pichardo Carrero,Oeste,Ocasional,V030,Gustavo Camilo Ochoa Gamboa,Oeste,P0080,Honor Pad 8,Tablets,8615.84,5.0,0.18,35324.94,19
VTA0077523,2022-11-26,11,2022,C03341,José Manuél Villegas Mendoza,Norte,Regular,V002,Nelly Marrero Ortiz,Norte,P0025,Razer Blade 15,Laptops,28628.7,3.0,0.08,-79015.21,44
VTA0077524,2022-11-20,11,2022,C03860,José María Arriaga Dueñas,Norte,premiun,V004,Aurora Zelaya,Norte,P0049,Cargador MagSafe 30W,Accesorios,1036.8,1.0,0.12,912.38,37
VTA0077525,2022-11-20,11,2022,C04986,Lourdes Echeverría,Oeste,Regular,V026,Ing. Elias Valdivia,Oeste,P0085,Monitor LG 27GP950,Gaming,17285.75,1.0,0.08,15902.89,43
VTA0077526,2022-11-22,11,2022,C00701,Nicolás Ramón,Oeste,Regular,V026,Ing. Elias Valdivia,Oeste,P0108,Batería Canon LP-E6,Fotografía,18202.23,2.0,0.19,29487.61,32
VTA0077527,2022-11-15,11,2022,C01152,Luisa Alicia Cardona Matías,Norte,Ocasional,V041,Srita. Nadia Casas,Centro,P0095,SSD Samsung 980 Pro,Gaming,2828.77,1.0,0.05,2687.33,28
VTA0077528,2022-11-20,11,2022,C01973,Sra. Conchita Barrientos,Sur,REGULAR,V047,  Estela Bianca Melgar Arias  ,Oeste,P0094,RAM Corsair 32GB,Gaming,16256.6,3.0,0.14,41942.03,26
VTA0077529,22/11/2022,11,2022,C02213,María del Carmen Alarcón,Sur,Ocasional,V019,Jacinto Rodrigo Salazar Rolón,Sur,P0038,Beats Studio Pro,Audio,2464.04,3.0,0.16,6209.38,39
VTA0077530,2022-11-21,11,2022,C01879,Alma Granados Soria,Centro,premiun,V017,Abraham Apodaca Colunga,Centro,P0080,Honor Pad 8,Tablets,8994.17,1.0,0.0,8994.17,19
VTA0077531,2022-11-08,11,2022,C01237,  Jorge Luis Nieto Garica  ,Este,Regular,V005,Aldo Adán Rodrígez Galarza,Este,P0093,GPU RTX 4070 Ti,Gaming,29631.7,4.0,0.09,107859.39,29
VTA0077532,2022-11-23,11,2022,C01396,Bernardo Alonso Serrano Samaniego,Norte,Regular,V029,Francisco Ballesteros,Norte,P0047,Bose SoundLink,Audio,3631.6,3.0,0.08,10023.22,44
VTA0077533,2022-11-15,11,2022,C01173,Esperanza Minerva Baca,Este,Ocasional,V011,Clara Loera,Este,P0123,Cerradura Yale Smart,Hogar Inteligente,9752.65,1.0,0.16,8192.23,29
VTA0077534,2022-11-09,11,2022,C02679,Ernesto Medrano,Este,Regular,V028,Sofía Delia Gurule Cantú,Centro,P0100,Fujifilm X-T5,Fotografía,17488.33,,0.17,43545.94,42
VTA0077535,2022-11-24,11,2022,C03904,José Cristobal Miranda Villaseñor,Norte,Premium,V004,Aurora Zelaya,Norte,P0001,iPhone 15 Pro,Celulares,22355.51,5.0,0.17,92775.37,37
VTA0077536,2022-11-12,11,2022,C00385,Lic. Juan Quintana,Norte,Ocasional,V005,Aldo Adán Rodrígez Galarza,Este,P0069,Xiaomi Pad 6 Pro,gaming,6001.28,4.0,0.05,22804.86,37
VTA0077537,2022-11-03,11,2022,C00908,Catalina Guzmán Candelaria,Centro,Ocasional,V037,Victoria Caridad Concepción,Centro,P0058,Mochila Techpack 30L,Accesorios,894.01,3.0,0.07,2494.29,23
VTA0077538,2022-11-02,11,2022,C04895,Judith Esparta Reyes Ceballos,Este,Ocasional,V005,Aldo Adán Rodrígez Galarza,Este,P0006,Motorola Edge 50,fotografia,7631.96,2.0,0.18,12516.41,32
VTA0077539,2022-11-21,11,2022,C00122,Luis Manuel Arroyo,Este,Regular,V049,Ing. María Teresa Bétancourt,Este,P0053,Hub USB-C 7en1,Accesorios,460.08,,0.02,2254.39,20
VTA0077540,2022-11-20,11,2022,C01126,  Juan Tovar  ,Oeste,Premium,V035,Estela Haro,Oeste,P0110,Reflector 5en1 80cm,Fotografía,15406.95,1.0,0.1,13866.26,26
VTA0077541,2022-11-14,11,2022,C02857,Gerardo Iván Lugo,Oeste,Ocasional,V050,José María Gustavo Beltrán,Oeste,P0127,Router WiFi 6 Mesh,tablets,4924.67,2.0,0.16,8273.45,44
VTA0077542,2022-11-25,11,2022,C01411,Dr. Genaro Mercado,Sur,Regular,V023,Fidel Negrete Domínguez,Sur,P0085,Monitor LG 27GP950,Gaming,17635.67,5.0,0.16,74069.81,43
VTA0077543,08/11/2022,11,2022,C04130,Jonás Aguilera Mena,Este,Premium,V011,Clara Loera,Este,P0083,Nintendo Switch OLED,Gaming,15991.09,5.0,0.18,65563.47,39
VTA0077544,2022-11-26,11,2022,C04521,Jonás Canales,Este,Regular,V010,Sra. Guadalupe Llamas,Este,P0043,Sony WF-1000XM5,Audio,4508.61,5.0,0.1,20288.74,25
VTA0077545,02/11/2022,11,2022,C04771,Hugo Palomo Ramírez,Norte,REGULAR,V009,Amanda María José Bravo,Norte,P0090,Control Xbox Elite 2,Gaming,25014.01,4.0,0.14,86048.19,40
VTA0077546,2022-11-05,11,2022,C01836,Carla Sessa Carrillo,Oeste,Ocacional,V026,Ing. Elias Valdivia,Oeste,P0087,Headset HyperX Cloud III,Gaming,2108.08,3.0,0.03,6134.51,38
VTA0077547,28/11/2022,11,2022,C00671,Ricardo Morales Toro,Norte,Premium,V037,Victoria Caridad Concepción,Centro,P0063,Pad Mouse XL Gaming,Accesorios,1762.83,2.0,0.04,3384.63,42
VTA0077548,26/11/2022,11,2022,C03385,Zoé Valverde,Centro,Premium,V041,Srita. Nadia Casas,Centro,P0117,Cámara Nest Doorbell,celulares,10084.31,4.0,0.09,36706.89,34
VTA0077549,2022-11-17,11,2022,C04754,Gustavo Homero Preciado Sotelo,Oeste,ocasional,V045,Marisela Vanesa Chapa Aranda,Norte,P0107,Tarjeta SD SanDisk 256,LAPTOPS,10688.95,3.0,0.15,27256.82,27
VTA0077550,2022-11-17,11,2022,C02229,Diana Ceja Acosta,Norte,Ocasional,V015,Joaquín Benavides Meza,Norte,P0118,Termostato Nest 3,Hogar Inteligente,1409.67,2.0,0.01,2791.15,30
VTA0077551,11/11/2022,11,2022,C01035,  Sra. Linda Valadez  ,Norte,Regular,V015,Joaquín Benavides Meza,Norte,P0010,Huawei Pura 70,Celulares,10116.05,3.0,0.17,25188.96,27
VTA0077552,2022-11-14,11,2022,C04197,  Zeferino Páez  ,Oeste,Premium,V026,Ing. Elias Valdivia,Oeste,P0127,Router WiFi 6 Mesh,audio ,5616.29,5.0,0.16,23588.42,44
VTA0077553,2022-11-17,11,2022,C02098,Víctor Bruno Concepción,Sur,Regular,V024,Bernabé Guerra,Sur,P0127,Router WiFi 6 Mesh,Hogar Inteligente,4839.51,4.0,0.07,18002.98,44
VTA0077554,2022-11-02,11,2022,C02998,Estefanía Esquibel de la Rosa,Norte,Premium,V009,Amanda María José Bravo,Norte,P0030,Lenovo IdeaPad 5,Laptops,44645.02,1.0,0.18,36608.92,21
VTA0077555,2022-11-13,11,2022,C01366,Srita. Aurora Toro,Este,Regular,V049,Ing. María Teresa Bétancourt,Este,P0081,PlayStation 5,Gaming,10000.82,4.0,0.04,38403.15,46
VTA0077556,2022-11-09,11,2022,C00423,Ing. Guillermo Collado,Norte,Premium,V043,Homero Esquivel,Norte,P0052,Protector Pantalla S24,Accesorios,1065.86,5.0,0.15,4529.9,31
VTA0077557,2022-11-19,11,2022,C04268,Eugenio Silvano Flórez,Centro,Regular,V017,Abraham Apodaca Colunga,Centro,P0015,Nokia G42,Celulares,19782.28,2.0,0.04,37981.98,26
VTA0077558,2022-11-21,11,2022,C00698,Aldo Crespo Loera,Norte,Ocasional,V045,Marisela Vanesa Chapa Aranda,Norte,P0074,iPad Mini 6,Tablets,20150.13,2.0,0.12,35464.23,31
VTA0077559,2022-11-17,11,2022,C02761,Eduardo Federico Bravo Santillán,Este,Ocasional,V050,José María Gustavo Beltrán,Oeste,P0052,Protector Pantalla S24,Accesorios,1259.3,4.0,0.18,4130.5,31
VTA0077560,2022-11-25,11,2022,C02824,Oswaldo Israel Mata,Este,Ocasional,V010,Sra. Guadalupe Llamas,Este,P0084,Steam Deck 512GB,Gaming,11731.16,4.0,0.07,43639.92,26
VTA0077561,2022-11-18,11,2022,C01634,Ángel Archuleta,Norte,Regular,V045,Marisela Vanesa Chapa Aranda,Norte,P0044,Anker Q45,celulares,7312.41,2.0,0.18,11992.35,23
VTA0077562,2022-11-28,11,2022,C01046,Ana Cornejo,Este,ocasional,V018,Lic. Gilberto Castellanos,Sur,P0006,Motorola Edge 50,Celulares,9052.31,4.0,0.01,35847.15,32
VTA0077563,18/11/2022,11,2022,C02124,Bernabé Vaca,Oeste,Regular,V030,Gustavo Camilo Ochoa Gamboa,Oeste,P0096,Cooling Noctua NH-D15,Gaming,9443.68,4.0,0.18,30975.27,41
VTA0077564,2022-11-24,11,2022,C03223,Federico Estrada,Norte,premiun,V002,Nelly Marrero Ortiz,Norte,P0068,Lenovo Tab P12,Tablets,14145.95,4.0,0.15,48096.23,21
VTA0077565,2022-11-11,11,2022,C03503,,Oeste,Premium,V038,Violeta Itzel Benavídez,Oeste,P0124,Sensor Movimiento Aqara,Hogar Inteligente,7145.8,1.0,0.04,6859.97,35
VTA0077566,2022-11-22,11,2022,C02699,Tania Leyva Hernádez,Norte,Regular,V045,Marisela Vanesa Chapa Aranda,Norte,P0034,AirPods Pro 2,Audio,1161.21,3.0,0.11,3100.43,27
VTA0077567,2022-11-11,11,2022,C02955,Soledad Acevedo Barrientos,Este,Premium,V010,Sra. Guadalupe Llamas,Este,P0126,Proyector BenQ 4K,Hogar Inteligente,7232.54,4.0,0.08,26615.75,35
VTA0077568,2022-11-05,11,2022,C01595,Inés Nieto Padrón,Este,Ocasional,V005,Aldo Adán Rodrígez Galarza,Este,P0055,Teclado Keychron K2,Accesorios,1339.12,,0.11,2383.63,28
VTA0077569,2022-11-01,11,2022,C02257,,Sur,Ocasional,V006,  Dr. Evelio Murillo  ,Sur,P0067,iPad Air M1,Tablets,16838.41,3.0,0.03,48999.77,39
VTA0077570,2022-11-08,11,2022,C01773,Antonia Anaya,Sur,Premium,V027,Claudio Andrés Gómez Sosa,Sur,P0083,Nintendo Switch OLED, Accesorios,17089.78,2.0,0.1,30761.6,39
VTA0077571,2022-11-21,11,2022,C02166,Violeta Cecilia Verduzco,Norte,Regular,V045,Marisela Vanesa Chapa Aranda,Norte,P0080,Honor Pad 8,Tablets,8611.07,1.0,0.18,7061.08,19
VTA0077572,2022-11-16,11,2022,C00354,Alejandra Cynthia de la Garza,Sur,Premiun,V012,Rubén Marco Antonio Orta Ramos,Sur,P0097,Canon EOS R6 Mark II,Fotografía,33305.31,5.0,0.13,144878.1,38
VTA0077573,2022-11-05,11,2022,C04931,Jerónimo Víctor Fernández,Oeste,Premium,V032,Nelly Barela Cardenas,Este,P0024,LG Gram 17,Laptops,40886.45,3.0,0.05,-116526.38,26
VTA0077574,2022-11-19,11,2022,C04169,Ing. Marco Antonio Marín,Oeste,Regular,V001,Fernando Casares Jimínez,Oeste,P0090,Control Xbox Elite 2,Gaming,27936.45,2.0,0.1,50285.61,40
VTA0077575,2022-11-02,11,2022,C04686,Srita. Mitzy Solís,Este,Ocasional,V010,Sra. Guadalupe Llamas,Este,P0002,Samsung Galaxy S24,Celulares,8420.79,4.0,0.13,29304.35,19
VTA0077576,2022-11-15,11,2022,C02518,Tania Treviño Pérez,Este,Regular,V011,Clara Loera,Este,P0012,Samsung A55,Celulares,20367.69,1.0,0.1,18330.92,36
VTA0077577,2022-11-08,11,2022,C04512,Oswaldo Esteban Apodaca Terrazas,Este,ocasional,V011,Clara Loera,Este,P0094,RAM Corsair 32GB,Gaming,17976.35,1.0,0.08,16538.24,26
VTA0077578,03/11/2022,11,2022,C01879,Alma Granados Soria,Centro,premiun,V037,Victoria Caridad Concepción,Centro,P0110,Reflector 5en1 80cm,Fotografía,13869.02,4.0,0.09,50483.23,26
VTA0077579,2022-11-02,11,2022,C04810,Ana Regalado,Oeste,Regular,V001,Fernando Casares Jimínez,Oeste,P0058,Mochila Techpack 30L,Accesorios,764.84,3.0,0.01,2271.57,23
VTA0077580,2022-11-05,11,2022,C00025,Jos Manzanares,Norte,Ocasional,V043,Homero Esquivel,Norte,P0079,Realme Pad 2,celulares,9247.16,3.0,0.09,25244.75,20
VTA0077581,2022-11-26,11,2022,C02512,Estela Ofelia Herrera,Centro,Premium,V031,  Bernabé César Salazar  ,Centro,P0040,Jabra Elite 85h,Audio,2725.75,4.0,0.08,10030.76,38
VTA0077582,2022-11-12,11,2022,C00085,Srita. Isabel Mora,Centro,Premium,V017,Abraham Apodaca Colunga,Centro,P0027,MacBook Air M2,celulares,38723.84,3.0,0.08,106877.8,24
VTA0077583,2022-11-23,11,2022,C00028,,Sur,Ocasional,V019,Jacinto Rodrigo Salazar Rolón,Sur,P0043,Sony WF-1000XM5,Audio,4539.68,5.0,0.17,18839.67,25
VTA0077584,2022-11-05,11,2022,C03673,Emilia Osorio Mesa,Norte,Ocasional,V029,Francisco Ballesteros,Norte,P0076,TCL Tab 10,Tablets,15982.48,5.0,0.11,71122.04,24
VTA0077585,2022-11-15,11,2022,C04147,Lic. Ramiro Porras,Norte,Premium,V045,Marisela Vanesa Chapa Aranda,Norte,P0099,Nikon Z6 III,Fotografía,25748.35,2.0,0.07,47891.93,21
VTA0077586,2022-11-29,11,2022,C03520,Sr. Zacarías Carrera,Este,Premium,V032,Nelly Barela Cardenas,Este,P0027,MacBook Air M2,Laptops,33658.84,4.0,0.0,134635.36,24
VTA0077587,01/11/2022,11,2022,C02801,Margarita Perla Pabón,Oeste,Regular,V040,Karla Silvia Mireles Patiño,Oeste,P0110,Reflector 5en1 80cm,Fotografía,14314.19,5.0,0.15,60835.31,26
VTA0077588,2022-11-17,11,2022,C01594,Dr. Gerardo Prieto,Sur,Premium,V020,Dr. Arturo Angulo,Sur,P0042,Audio Technica ATH,Audio,6686.58,4.0,0.05,25409.0,31
VTA0077589,2022-11-25,11,2022,C04213,Timoteo Olivárez,Norte,Regular,V043,Homero Esquivel,Norte,P0071,ASUS Zenpad 3S,Tablets,14891.31,3.0,0.11,39759.8,20
VTA0077590,2022-11-13,11,2022,C01283,Elias Jerónimo Arredondo Centeno,Este,Premium,V016,Octavio Mario Rincón Marín,Norte,P0116,Foco Philips Hue,Hogar Inteligente,4168.16,3.0,0.04,12004.3,44
VTA0077591,2022-11-27,11,2022,C02540,Delia Durán Toledo,Este,Premium,V010,Sra. Guadalupe Llamas,Este,P0110,Reflector 5en1 80cm,Fotografía,15101.47,4.0,0.18,49532.82,26
VTA0077592,2022-11-05,11,2022,C03756,Ing. Vanesa Valadez,Este,Premium,V005,Aldo Adán Rodrígez Galarza,Este,P0123,Cerradura Yale Smart,Hogar Inteligente,8930.83,5.0,0.19,36169.86,29
VTA0077593,2022-11-11,11,2022,C01619,Lic. Ricardo Candelaria,Centro,premiun,V017,Abraham Apodaca Colunga,Centro,P0105,Tripié Joby GorillaPod,Fotografía,9580.38,2.0,0.05,18202.72,41
VTA0077594,2022-11-28,11,2022,C00479,José María Sierra Miranda,Centro,Ocasional,V017,Abraham Apodaca Colunga,Centro,P0069,Xiaomi Pad 6 Pro,Tablets,6061.19,4.0,0.17,20123.15,37
VTA0077595,2022-11-09,11,2022,C03841,Porfirio Armando Cornejo Torres,Norte,Ocasional,V019,Jacinto Rodrigo Salazar Rolón,Sur,P0079,Realme Pad 2,tablets,8843.81,4.0,0.04,33960.23,20
VTA0077596,2022-11-20,11,2022,C02535,Oswaldo Carreón Valentín,Sur,Premium,V045,Marisela Vanesa Chapa Aranda,Norte,P0091,Capturadora Elgato 4K,Gaming,1531.44,2.0,0.11,2725.96,25
VTA0077597,2022-11-07,11,2022,C00113,María Elena Ocampo,Sur,Premium,V025,Manuel Gerónimo Armas,Sur,P0099,Nikon Z6 III,Fotografía,25995.45,2.0,0.16,43672.36,21
VTA0077598,01/11/2022,11,2022,C00888,Ing. Samuel Saavedra,Oeste,Ocasional,V026,Ing. Elias Valdivia,Oeste,P0048,Skullcandy Crusher,Audio,3530.08,4.0,0.07,13131.9,44
VTA0077599,2022-11-09,11,2022,C00330,,Centro,Ocasional,V018,Lic. Gilberto Castellanos,Sur,P0050,Cable USB-C 2m,Accesorios,1351.31,5.0,0.12,5945.76,32
VTA0077600,2022-11-06,11,2022,C03982,Gonzalo Fajardo Ocasio,Oeste,Premium,V038,Violeta Itzel Benavídez,Oeste,P0023,Microsoft Surface Pro 9,Laptops,34630.9,4.0,0.02,135753.13,27
VTA0077601,2022-11-16,11,2022,C04681,Camila Ramírez,Norte,Regular,V004,Aurora Zelaya,Norte,P0023,Microsoft Surface Pro 9,Laptops,33112.34,,0.18,135760.59,27
VTA0077602,01/11/2022,11,2022,C01005,Laura Susana Lira Urbina,Sur,Premium,V012,Rubén Marco Antonio Orta Ramos,Sur,P0024,LG Gram 17,Laptops,45371.75,4.0,0.14,156078.82,26
VTA0077603,2022-11-04,11,2022,C01131,Francisco Castillo,Centro,Premium,V044,Julia Esther Solorio,Centro,P0002,Samsung Galaxy S24,Celulares,8084.0,4.0,0.06,30395.84,19
VTA0077604,08/11/2022,11,2022,C03777,Octavio Fuentes,Norte,Ocasional,V042,  Srita. Sandra Escamilla  ,Norte,P0090,Control Xbox Elite 2,Gaming,26200.66,3.0,0.02,-77029.94,40
VTA0077605,2022-11-16,11,2022,C04542,Leonardo Hugo Macías,Norte,Ocasional,V042,  Srita. Sandra Escamilla  ,Norte,P0072,Huawei MatePad Pro,gaming,16927.56,1.0,0.06,15911.91,43
VTA0077606,2022-11-21,11,2022,C04974,Irma Leonor Acosta,Sur,ocasional,V027,Claudio Andrés Gómez Sosa,Sur,P0039,Sennheiser HD 450,Audio,1125.77,4.0,0.1,4052.77,24
VTA0077607,07/11/2022,11,2022,C01815,Ing. Camila Pacheco,Oeste,Regular,V038,Violeta Itzel Benavídez,Oeste,P0071,ASUS Zenpad 3S,Tablets,14381.78,5.0,0.14,61841.65,20
VTA0077608,2022-11-10,11,2022,C01836,,Oeste,Ocacional,V026,Ing. Elias Valdivia,Oeste,P0004,Google Pixel 8,Celulares,4977.59,3.0,0.04,14335.46,34
VTA0077609,2022-11-14,11,2022,C03661,Caridad Micaela Mares Ozuna,Centro,Ocacional,V017,Abraham Apodaca Colunga,Centro,P0022,Acer Swift 5,fotografia,34874.96,1.0,0.02,34177.46,41
VTA0077610,2022-11-17,11,2022,C03886,Sr. Luis Miguel Pineda,Este,Premium,V049,Ing. María Teresa Bétancourt,Este,P0072,Huawei MatePad Pro,Tablets,18372.31,5.0,0.19,74407.86,43
VTA0077611,2022-11-14,11,2022,C02049,Lic. Silvia Lovato,Sur,Premium,V027,Claudio Andrés Gómez Sosa,Sur,P0074,iPad Mini 6,Tablets,19109.35,2.0,0.17,31721.52,31
VTA0077612,2022-11-16,11,2022,C04725,Cecilia Alma Medina,Centro,Premiun,V033,Jaime Gamez Maldonado,Centro,P0052,Protector Pantalla S24,Accesorios,1236.52,5.0,0.14,5317.04,31
VTA0077613,2022-11-12,11,2022,C00550,  Verónica Medrano Girón  ,Sur,Ocasional,V014,Ofelia Miriam Negrón,Oeste,P0005,OnePlus 12,fotografia,5884.84,1.0,0.09,5355.2,40
VTA0077614,2022-11-08,11,2022,C03105,Citlali Samaniego,Centro,Premium,V022,Bernardo Lemus Caballero,Oeste,P0080,Honor Pad 8,Tablets,9091.42,2.0,0.01,18001.01,19
VTA0077615,2022-11-13,11,2022,C02076,Victoria Ángela Ramos,Este,Premium,V049,Ing. María Teresa Bétancourt,Este,P0117,Cámara Nest Doorbell,Hogar Inteligente,9869.28,1.0,0.01,9770.59,34
VTA0077616,2022-11-24,11,2022,C04001,Jorge Salgado,Centro,Premium,V044,Julia Esther Solorio,Centro,P0030,Lenovo IdeaPad 5,Laptops,44091.87,1.0,0.15,37478.09,21
VTA0077617,2022-11-07,11,2022,C02038,Isabel Ana María de la Torre,Oeste,Regular,V035,Estela Haro,Oeste,P0118,Termostato Nest 3,Hogar Inteligente,1579.32,4.0,0.15,5369.69,30
VTA0077618,2022-11-26,11,2022,C03540,Sra. Estela Báez,Centro,Ocacional,V028,Sofía Delia Gurule Cantú,Centro,P0003,Xiaomi 14 Pro,fotografia,21272.62,4.0,0.14,73177.81,36
VTA0077619,2022-11-22,11,2022,C00284,,Este,Regular,V011,Clara Loera,Este,P0039,Sennheiser HD 450,Audio,1016.9,2.0,0.18,1667.72,24
VTA0077620,2022-11-24,11,2022,C02300,Estela Candelaria,Oeste,Ocacional,V050,José María Gustavo Beltrán,Oeste,P0083,Nintendo Switch OLED,Gaming,14650.0,1.0,0.05,13917.5,39
VTA0077621,2022-11-10,11,2022,C02515,David Augusto Olivas Acevedo,Oeste,Ocasional,V014,Ofelia Miriam Negrón,Oeste,P0052,Protector Pantalla S24,Accesorios,1147.7,4.0,0.17,3810.36,31
VTA0077622,2022-11-19,11,2022,C01387,Eloisa Lovato Gollum,Centro,Premium,V041,Srita. Nadia Casas,Centro,P0075,Samsung Galaxy Tab A9,Tablets,19071.47,3.0,0.14,49204.39,35
VTA0077623,2022-11-24,11,2022,C04276,José Angulo,Oeste,ocasional,V038,Violeta Itzel Benavídez,Oeste,P0077,Blackview Tab 16,Tablets,10773.02,5.0,0.05,51171.84,21
VTA0077624,2022-11-07,11,2022,C03386,Salma Yeni Cadena,Oeste,Premium,V030,Gustavo Camilo Ochoa Gamboa,Oeste,P0003,Xiaomi 14 Pro, Accesorios,23499.05,5.0,0.02,115145.34,36
VTA0077625,2022-11-21,11,2022,C00450,Abelardo Carmona Gurule,Centro,Regular,V044,Julia Esther Solorio,Centro,P0066,Samsung Galaxy Tab S9,Tablets,12133.43,2.0,0.17,20141.49,24
VTA0077626,22/11/2022,11,2022,C04314,  Ing. Vicente Bustos  ,Oeste,Regular,V001,Fernando Casares Jimínez,Oeste,P0042,Audio Technica ATH, Accesorios,6591.35,3.0,0.01,19576.31,31
VTA0077627,2022-11-09,11,2022,C01143,Oswaldo Báez,Centro,Ocasional,V017,Abraham Apodaca Colunga,Centro,P0001,iPhone 15 Pro,Celulares,20551.97,5.0,0.1,92483.86,37
VTA0077628,2022-11-28,11,2022,C01470,Ángel Ramón Lara Mena,Norte,Regular,V041,Srita. Nadia Casas,Centro,P0040,Jabra Elite 85h,Audio,3058.34,3.0,0.02,8991.52,38
VTA0077629,2022-11-02,11,2022,C02906,Óliver Abel Chavarría de la Crúz,Este,Premium,V010,Sra. Guadalupe Llamas,Este,P0059,Audífonos USB-C,Accesorios,1539.89,2.0,0.09,2802.6,43
VTA0077630,2022-11-23,11,2022,C00887,Adriana Candelaria Bétancourt,Oeste,Regular,V001,Fernando Casares Jimínez,Oeste,P0065,iPad Pro M2 12.9,fotografia,8140.05,,0.2,32560.2,21
VTA0077631,2022-11-06,11,2022,C02778,  Reina Alonzo Saldaña  ,Sur,Premium,V034,Rufino Rivera,Sur,P0066,Samsung Galaxy Tab S9,Tablets,13432.49,1.0,0.11,11954.92,24
VTA0077632,15/11/2022,11,2022,C03965,Francisco Javier Evelio Abreu,Norte,Ocasional,V015,Joaquín Benavides Meza,Norte,P0010,Huawei Pura 70,Celulares,9645.24,5.0,0.13,41956.79,27
VTA0077633,2022-11-11,11,2022,C01826,Eva Matos,Oeste,Premiun,V039,Sr. Modesto Guillen,Oeste,P0126,Proyector BenQ 4K,Hogar Inteligente,8226.48,2.0,0.05,15630.31,35
VTA0077634,2022-11-25,11,2022,C03593,Eloy Jáquez,Este,Ocacional,V005,Aldo Adán Rodrígez Galarza,Este,P0118,Termostato Nest 3,celulares,1495.26,3.0,0.09,4082.06,30
VTA0077635,2022-11-24,11,2022,C02395,Inés Leal Ramírez,Sur,Regular,V025,Manuel Gerónimo Armas,Sur,P0052,Protector Pantalla S24,Accesorios,1128.51,3.0,0.17,2809.99,31
VTA0077636,2022-11-27,11,2022,C03255,Citlali Marisol Lomeli Flores,Centro,Regular,V028,Sofía Delia Gurule Cantú,Centro,P0062,Reloj Smartwatch Band,LAPTOPS,1361.37,5.0,0.07,6330.37,38
VTA0077637,08/11/2022,11,2022,C00414,Cristian Benjamín Corrales Peña,Este,Regular,V049,Ing. María Teresa Bétancourt,Este,P0041,Bang Olufsen H95,Audio,6640.29,4.0,0.11,23639.43,20
VTA0077638,2022-11-11,11,2022,C00483,Itzel Adriana Aguilera Casillas,Oeste,Regular,V014,Ofelia Miriam Negrón,Oeste,P0104,Flash Godox V1,Fotografía,16930.4,5.0,0.15,71954.2,40
VTA0077639,2022-11-07,11,2022,C00567,Daniela Carreón Rodríguez,Este,Regular,V010,Sra. Guadalupe Llamas,Este,P0121,Roomba j7 Plus,Hogar Inteligente,6828.61,3.0,0.18,16798.38,38
VTA0077640,2022-11-23,11,2022,C04216,Dr. Alfonso Miranda,Oeste,REGULAR,V007,Conchita Leticia Gastélum Corral,Oeste,P0022,Acer Swift 5,Laptops,34317.1,4.0,0.01,135895.72,41
VTA0077641,10/11/2022,11,2022,C04274,Ing. Darío Tapia,Centro,Premium,V037,Victoria Caridad Concepción,Centro,P0043,Sony WF-1000XM5,Audio,4388.3,2.0,0.19,-7109.05,25
VTA0077642,24/11/2022,11,2022,C02483,Abril Dalia Cruz,Este,Ocasional,V005,Aldo Adán Rodrígez Galarza,Este,P0048,Skullcandy Crusher,Audio,3512.17,5.0,0.01,17385.24,44
VTA0077643,2022-11-26,11,2022,C04006,Amelia Yeni Durán Tirado,Oeste,Premium,V050,José María Gustavo Beltrán,Oeste,P0120,Timbre Ring Video Pro,Hogar Inteligente,8158.37,,0.05,23251.35,21
VTA0077644,2022-11-25,11,2022,C03905,  Rafaél José Carlos Santiago  ,Oeste,Regular,V040,Karla Silvia Mireles Patiño,Oeste,P0012,Samsung A55,Celulares,21293.9,2.0,0.03,41310.17,36
VTA0077645,2022-11-06,11,2022,C02434,Esther Trujillo,Este,ocasional,V049,Ing. María Teresa Bétancourt,Este,P0040,Jabra Elite 85h,Audio,2779.2,3.0,0.15,7086.96,38
VTA0077646,2022-11-10,11,2022,C03472,José Carlos Daniel Guajardo,Sur,Premium,V018,Lic. Gilberto Castellanos,Sur,P0111,Monitor Portátil 4K,Fotografía,6276.52,2.0,0.12,-11046.68,41
VTA0077647,2022-11-28,11,2022,C02393,Ana María Arreola Calderón,Oeste,Premium,V039,Sr. Modesto Guillen,Oeste,P0123,Cerradura Yale Smart,Hogar Inteligente,8988.38,4.0,0.1,32358.17,29
VTA0077648,2022-11-24,11,2022,C01043,Ing. Gabino Varela,Centro,Premium,V037,Victoria Caridad Concepción,Centro,P0073,Microsoft Surface Go 3,Tablets,12076.78,1.0,0.14,10386.03,22
VTA0077649,2022-11-14,11,2022,C01094,  Felipe Segovia Vaca  ,Este,Regular,V002,Nelly Marrero Ortiz,Norte,P0092,Micrófono Blue Yeti,Gaming,13015.83,1.0,0.18,10672.98,47
VTA0077650,2022-11-26,11,2022,C00021,Lic. Cristian Yáñez,Este,Premium,V011,Clara Loera,Este,P0123,Cerradura Yale Smart,Hogar Inteligente,8410.24,3.0,0.12,22203.03,29
VTA0077651,2022-11-10,11,2022,C02509,Ing. Alonso Toro,Este,Ocasional,V005,Aldo Adán Rodrígez Galarza,Este,P0016,Tecno Spark 20,Celulares,14827.55,5.0,0.07,68948.11,20
VTA0077652,2022-11-04,11,2022,C04478,Lic. Aurora Crespo,Centro,Ocasional,V003,Jacinto Rivero Valladares,Centro,P0104,Flash Godox V1,Fotografía,16560.13,1.0,0.11,14738.52,40
VTA0077653,2022-11-16,11,2022,C01260,Violeta Garibay,Sur,Ocasional,V020,Dr. Arturo Angulo,Sur,P0030,Lenovo IdeaPad 5,Laptops,46510.29,5.0,0.02,227900.42,21
VTA0077654,2022-11-06,11,2022,C02419,Patricio Palomino Guillen,Norte,Premium,V016,Octavio Mario Rincón Marín,Norte,P0003,Xiaomi 14 Pro,Celulares,22207.32,5.0,0.15,94381.11,36
VTA0077655,2022-11-17,11,2022,C02299,Srita. Berta Valentín,Sur,Regular,V013,Alvaro Gaona Ocasio,Sur,P0077,Blackview Tab 16,Tablets,10860.76,2.0,0.09,19766.58,21
VTA0077656,2022-11-01,11,2022,C03648,Srita. Inés Díaz,Oeste,Ocasional,V035,Estela Haro,Oeste,P0009,Sony Xperia 1 VI,Celulares,25336.15,5.0,0.15,107678.64,24
VTA0077657,2022-11-30,11,2022,C02014,Asunción María del Carmen Sánchez Jasso,Norte,Premium,V043,Homero Esquivel,Norte,P0099,Nikon Z6 III,celulares,27963.47,5.0,0.15,118844.75,21
VTA0077658,2022-11-19,11,2022,C04909,José Eduardo Francisco Rivera Gollum,Norte,Ocasional,V012,Rubén Marco Antonio Orta Ramos,Sur,P0059,Audífonos USB-C,Accesorios,1434.97,1.0,0.09,1305.82,43
VTA0077659,2022-11-18,11,2022,C00139,Cristian José Menchaca,Norte,Regular,V015,Joaquín Benavides Meza,Norte,P0121,Roomba j7 Plus,Hogar Inteligente,6681.7,3.0,0.11,17840.14,38
VTA0077660,2022-11-21,11,2022,C02428,Sr. Gustavo Domínguez,Norte,Regular,V046,Hermelinda Josefina Rodarte Bahena,Norte,P0002,Samsung Galaxy S24,Celulares,7329.21,3.0,0.02,21547.88,19
VTA0077661,05/11/2022,11,2022,C04224,Berta Débora Gaytán,Este,Premium,V049,Ing. María Teresa Bétancourt,Este,P0058,Mochila Techpack 30L,fotografia,861.27,5.0,0.18,3531.21,23
VTA0077662,2022-11-28,11,2022,C04279,Socorro Carmen Gracia,Este,Regular,V005,Aldo Adán Rodrígez Galarza,Este,P0013,Xiaomi Redmi Note 13,Celulares,13314.78,1.0,0.16,11184.42,30
VTA0077663,2022-11-15,11,2022,C02947,Catalina Rael,Oeste,Regular,V026,Ing. Elias Valdivia,Oeste,P0022,Acer Swift 5,Laptops,36808.12,5.0,0.13,160115.32,41
VTA0077664,2022-11-02,11,2022,C02381,Mateo Borrego Heredia,Centro,premiun,V048,Ivonne Véliz,Centro,P0086,Silla Gamer DXRacer,Gaming,19607.24,5.0,0.12,86271.86,26
VTA0077665,2022-11-23,11,2022,C01706,Hermelinda Barajas,Norte,Ocasional,V045,Marisela Vanesa Chapa Aranda,Norte,P0027,MacBook Air M2,Laptops,33041.7,4.0,0.11,117628.45,24
VTA0077666,2022-11-29,11,2022,C04531,Isaac Luis Manuel Olivera Quiroz,Sur,Ocasional,V019,Jacinto Rodrigo Salazar Rolón,Sur,P0055,Teclado Keychron K2,hogar inteligente,1286.32,4.0,0.06,4836.56,28
VTA0077667,2022-11-06,11,2022,C01114,Guillermo Meraz,Oeste,Ocasional,V014,Ofelia Miriam Negrón,Oeste,P0037,JBL Charge 5,Audio,8050.07,1.0,0.16,6762.06,21
VTA0077668,2022-11-21,11,2022,C01920,Sra. Ivonne Carranza,Este,Premium,V032,Nelly Barela Cardenas,Este,P0081,PlayStation 5,Gaming,10656.04,1.0,0.11,9483.88,46
VTA0077669,2022-11-18,11,2022,C00307,Sara Elena Mascareñas,Sur,Premium,V034,Rufino Rivera,Sur,P0068,Lenovo Tab P12,Tablets,14238.61,2.0,0.09,25914.27,21
VTA0077670,2022-11-06,11,2022,C01229,Adán Bustamante Roldán,Centro,Ocacional,V031,  Bernabé César Salazar  ,Centro,P0061,Batería Portátil 20000,Accesorios,1934.02,1.0,0.2,1547.22,32
VTA0077671,2022-11-16,11,2022,C02573,Julia Indira Rascón Sanabria,Centro,Ocasional,V033,Jaime Gamez Maldonado,Centro,P0050,Cable USB-C 2m,Accesorios,1420.86,3.0,0.09,3878.95,32
VTA0077672,24/11/2022,11,2022,C02495,Fabiola Quintero del Valle,Oeste,Ocasional,V001,Fernando Casares Jimínez,Oeste,P0119,Enchufe Inteligente TP,Hogar Inteligente,4738.9,2.0,0.08,8719.58,27
VTA0077673,2022-11-12,11,2022,C03221,Felix Vargas,Sur,Premium,V012,Rubén Marco Antonio Orta Ramos,Sur,P0017,MacBook Pro M3,Laptops,12060.67,2.0,0.05,22915.27,43
VTA0077674,2022-11-16,11,2022,C00897,Dr. Daniel Medrano,Centro,Ocasional,V044,Julia Esther Solorio,Centro,P0060,Adaptador HDMI 4K,Accesorios,1109.0,1.0,0.18,-909.38,29
VTA0077675,2022-11-18,11,2022,C04705,Dr. Hernán Aparicio,Norte,Ocasional,V002,Nelly Marrero Ortiz,Norte,P0014,Motorola G84,Celulares,5842.21,4.0,0.18,19162.45,20
VTA0077676,2022-11-26,11,2022,C02400,Clara Viera Sevilla,Este,Premium,V049,Ing. María Teresa Bétancourt,Este,P0076,TCL Tab 10,Tablets,16516.79,3.0,0.0,49550.37,24
VTA0077677,10/11/2022,11,2022,C04166,Pilar Roybal Valenzuela,Norte,Premium,V015,Joaquín Benavides Meza,Norte,P0048,Skullcandy Crusher,Audio,3218.48,1.0,0.0,-3218.48,44
VTA0077678,2022-11-27,11,2022,C02310,Sr. Samuel Mireles,Centro,Premium,V048,Ivonne Véliz,Centro,P0042,Audio Technica ATH,Audio,7025.0,4.0,0.12,24728.0,31
VTA0077679,2022-11-22,11,2022,C00242,Adriana Conchita Medrano,Sur,Regular,V012,Rubén Marco Antonio Orta Ramos,Sur,P0066,Samsung Galaxy Tab S9,Tablets,12295.39,5.0,0.01,60862.18,24
VTA0077680,2022-11-26,11,2022,C01506,  Eva Esquivel  ,Centro,Premium,V003,Jacinto Rivero Valladares,Centro,P0017,MacBook Pro M3,Laptops,14049.96,3.0,0.1,37934.89,43
VTA0077681,2022-11-12,11,2022,C02963,Arturo Romero,Norte,premiun,V004,Aurora Zelaya,Norte,P0062,Reloj Smartwatch Band,Accesorios,1189.42,3.0,0.02,3496.89,38
VTA0077682,2022-11-18,11,2022,C01425,Dr. Cristian Vera,Centro,Ocasional,V033,Jaime Gamez Maldonado,Centro,P0125,TV Samsung QLED 55,Hogar Inteligente,2740.46,5.0,0.11,12195.05,20
VTA0077683,2022-11-14,11,2022,C00780,Zeferino Barragán,Oeste,Ocasional,V007,Conchita Leticia Gastélum Corral,Oeste,P0099,Nikon Z6 III,tablets,29746.0,3.0,0.11,79421.82,21
VTA0077684,2022-11-03,11,2022,C03656,  Ing. Andrés Carvajal  ,Norte,Premiun,V016,Octavio Mario Rincón Marín,Norte,P0112,Estabilizador DJI OM6,Fotografía,16615.82,1.0,0.05,15785.03,33
VTA0077685,2022-11-27,11,2022,C04097,Graciela Navarro Sanches,Centro,Ocasional,V033,Jaime Gamez Maldonado,Centro,P0012,Samsung A55,tablets,19165.83,2.0,0.19,31048.64,36
VTA0077686,16/11/2022,11,2022,C02238,Armando Renato Espinoza Miranda,Centro,Regular,V017,Abraham Apodaca Colunga,Centro,P0114,Google Nest Hub 2,Hogar Inteligente,6012.23,1.0,0.02,5891.99,45
VTA0077687,29/11/2022,11,2022,C01342,Ignacio Salinas Tejada,Oeste,Ocasional,V039,Sr. Modesto Guillen,Oeste,P0058,Mochila Techpack 30L,Accesorios,767.03,5.0,0.18,3144.82,23
VTA0077688,2022-11-12,11,2022,C02470,Ángela Anel Montero de León,Centro,Ocasional,V037,Victoria Caridad Concepción,Centro,P0018,Dell XPS 15,Laptops,39238.53,2.0,0.02,76907.52,40
VTA0077689,2022-11-29,11,2022,C03198,Fidel Ángel Castro Serna,Centro,REGULAR,V033,Jaime Gamez Maldonado,Centro,P0043,Sony WF-1000XM5,Audio,4315.94,2.0,0.01,8545.56,25
VTA0077690,2022-11-14,11,2022,C02349,Lic. Aida Mayorga,Sur,Ocasional,V011,Clara Loera,Este,P0102,GoPro Hero 12,Fotografía,24779.45,5.0,0.16,104073.69,45
VTA0077691,2022-11-21,11,2022,C03203,Adela Toledo Vargas,Sur,Regular,V025,Manuel Gerónimo Armas,Sur,P0029,HP Pavilion 15,Laptops,9352.25,1.0,0.01,9258.73,24
VTA0077692,2022-11-17,11,2022,C01962,  Ing. Pamela Henríquez  ,Oeste,Regular,V050,José María Gustavo Beltrán,Oeste,P0087,Headset HyperX Cloud III,Gaming,2202.45,1.0,0.09,2004.23,38
VTA0077693,2022-11-21,11,2022,C01793,Dulce Galindo Gil,Sur,Ocasional,V034,Rufino Rivera,Sur,P0101,DJI Mavic 3 Pro,Fotografía,13893.19,2.0,0.09,25285.61,27
VTA0077694,2022-11-25,11,2022,C02617,Lic. Susana Cardona,Norte,Premium,V029,Francisco Ballesteros,Norte,P0076,TCL Tab 10,Tablets,16055.04,2.0,0.03,31146.78,24
VTA0077695,2022-11-06,11,2022,C04735,Rosario Pamela Baca,Centro,Regular,V041,Srita. Nadia Casas,Centro,P0034,AirPods Pro 2,Audio,1383.04,3.0,0.02,4066.14,27
VTA0077696,2022-11-13,11,2022,C04213,Timoteo Olivárez,Norte,Regular,V042,  Srita. Sandra Escamilla  ,Norte,P0021,ASUS ROG Zephyrus,Laptops,12536.04,1.0,0.02,12285.32,36
VTA0077697,2022-11-21,11,2022,C02629,Silvano Jáquez,Norte,Regular,V009,Amanda María José Bravo,Norte,P0124,Sensor Movimiento Aqara,Hogar Inteligente,7026.28,3.0,0.01,20868.05,35
VTA0077698,2022-11-19,11,2022,C02551,Alberto Marco Antonio Saiz,Norte,Ocasional,V042,  Srita. Sandra Escamilla  ,Norte,P0103,Lente Canon RF 50mm,gaming,14321.75,3.0,0.16,36090.81,31
VTA0077699,2022-11-02,11,2022,C00639,Sonia Yuridia Heredia Jaimes,Oeste,Regular,V047,  Estela Bianca Melgar Arias  ,Oeste,P0084,Steam Deck 512GB,Gaming,11039.96,5.0,0.0,55199.8,26
VTA0077700,2022-11-07,11,2022,C00623,Wilfrido Saucedo Carrasco,Centro,premiun,V037,Victoria Caridad Concepción,Centro,P0045,Marshall Emberton III,Audio,6789.45,5.0,0.03,32928.83,22
VTA0077701,2022-11-14,11,2022,C01837,  Maximiliano Enrique Vela Ballesteros  ,Este,Premium,V032,Nelly Barela Cardenas,Este,P0038,Beats Studio Pro,Audio,2529.11,3.0,0.03,7359.71,39
VTA0077702,2022-11-04,11,2022,C02556,Dra. Paulina Ocampo,Sur,Ocasional,V027,Claudio Andrés Gómez Sosa,Sur,P0038,Beats Studio Pro,Audio,2514.4,1.0,0.19,2036.66,39
VTA0077703,2022-11-27,11,2022,C04386,,Norte,Premium,V015,Joaquín Benavides Meza,Norte,P0031,Acer Aspire 7,Laptops,8510.69,3.0,0.08,23489.5,38
VTA0077704,2022-11-19,11,2022,C04769,Sr. Aldo Mojica,Sur,Ocacional,V027,Claudio Andrés Gómez Sosa,Sur,P0107,Tarjeta SD SanDisk 256,Fotografía,12011.26,5.0,0.03,58254.61,27
VTA0077705,2022-11-20,11,2022,C02495,Fabiola Quintero del Valle,Oeste,Ocasional,V038,Violeta Itzel Benavídez,Oeste,P0032,ASUS VivoBook 16,Laptops,11230.02,3.0,0.19,-27288.95,38
VTA0077706,19/11/2022,11,2022,C02934,Lic. Darío Vázquez,Sur,Ocasional,V020,Dr. Arturo Angulo,Sur,P0067,iPad Air M1,Tablets,16671.09,4.0,0.17,55348.02,39
VTA0077707,2022-11-10,11,2022,C02873,Ing. Felix Madera,Este,Regular,V039,Sr. Modesto Guillen,Oeste,P0042,Audio Technica ATH,Audio,6383.26,5.0,0.14,27448.02,31
VTA0077708,23/11/2022,11,2022,C04474,Flavio José María Soto,Este,Premium,V011,Clara Loera,Este,P0100,Fujifilm X-T5,Fotografía,16783.72,3.0,0.01,49847.65,42
VTA0077709,2022-11-26,11,2022,C03499,Lic. Jos Leal,Centro,Regular,V050,José María Gustavo Beltrán,Oeste,P0049,Cargador MagSafe 30W,celulares,912.31,1.0,0.14,784.59,37
VTA0077710,2022-11-20,11,2022,C01644,Pedro Daniel Santana Pelayo,Centro,Ocasional,V037,Victoria Caridad Concepción,Centro,P0033,Sony WH-1000XM5,audio ,7683.37,2.0,0.05,14598.4,25
VTA0077711,2022-11-09,11,2022,C04526,Norma Garica Maestas,Sur,Ocasional,V034,Rufino Rivera,Sur,P0128,Panel Solar Portátil,Hogar Inteligente,3935.29,1.0,0.1,3541.76,39
VTA0077712,2022-11-06,11,2022,C01513,Dalia Almonte Quintana,Este,Premium,V005,Aldo Adán Rodrígez Galarza,Este,P0125,TV Samsung QLED 55,Hogar Inteligente,2785.51,1.0,0.2,2228.41,20
VTA0077713,01/11/2022,11,2022,C01254,,Oeste,Premium,V030,Gustavo Camilo Ochoa Gamboa,Oeste,P0008,OPPO Find X7,Celulares,21011.65,3.0,0.0,63034.95,26
VTA0077714,2022-11-20,11,2022,C01581,Sr. Eugenio Malave,Oeste,Premium,V043,Homero Esquivel,Norte,P0076,TCL Tab 10,Tablets,15746.48,3.0,0.14,40625.92,24
VTA0077715,2022-11-23,11,2022,C00061,Ing. Rodolfo Menchaca,Oeste,Regular,V035,Estela Haro,Oeste,P0075,Samsung Galaxy Tab A9,Tablets,19081.57,3.0,0.04,54954.92,35
VTA0077716,2022-11-25,11,2022,C03932,Isabela Eloisa Pelayo,Este,Regular,V018,Lic. Gilberto Castellanos,Sur,P0047,Bose SoundLink,Audio,3766.13,5.0,0.05,-17889.12,44
VTA0077717,2022-11-16,11,2022,C01367,Lic. Esparta Cuellar,Norte,Regular,V016,Octavio Mario Rincón Marín,Norte,P0092,Micrófono Blue Yeti,Gaming,13572.07,4.0,0.09,49402.33,47
VTA0077718,2022-11-25,11,2022,C02973,Augusto Andrés Díaz,Sur,Premium,V020,Dr. Arturo Angulo,Sur,P0107,Tarjeta SD SanDisk 256,LAPTOPS,11665.47,4.0,0.11,41529.07,27
VTA0077719,2022-11-22,11,2022,C01086,  José Emilio Garza Zaragoza  ,Norte,Regular,V016,Octavio Mario Rincón Marín,Norte,P0080,Honor Pad 8,Tablets,8502.83,1.0,0.14,7312.43,19
VTA0077720,2022-11-27,11,2022,C02609,Lourdes Natividad Ríos,Centro,Ocacional,V031,  Bernabé César Salazar  ,Centro,P0038,Beats Studio Pro,Audio,2379.83,4.0,0.06,8948.16,39
VTA0077721,2022-11-05,11,2022,C01228,Ángel Briones Barrientos,Oeste,premiun,V035,Estela Haro,Oeste,P0064,Limpiador Pantallas Kit,Accesorios,1292.43,5.0,0.15,5492.83,44
VTA0077722,2022-11-23,11,2022,C04671,Israel Emiliano Reyes,Sur,Premium,V021,  Cristal Valdés Maya  ,Sur,P0035,Bose QC45,Audio,2641.74,2.0,0.2,4226.78,19
VTA0077723,08/11/2022,11,2022,C02325,Natividad Alonso Salazar,Centro,Ocasional,V048,Ivonne Véliz,Centro,P0001,iPhone 15 Pro,LAPTOPS,21208.77,3.0,0.12,55991.15,37
VTA0077724,2022-11-22,11,2022,C02400,Clara Viera Sevilla,Este,Premium,V011,Clara Loera,Este,P0084,Steam Deck 512GB,Gaming,11817.18,2.0,0.02,23161.67,26
VTA0077725,10/11/2022,11,2022,C03712,Aldonza Sandra Solano Quintanilla,Norte,Regular,V004,Aurora Zelaya,Norte,P0124,Sensor Movimiento Aqara,Hogar Inteligente,7301.9,1.0,0.0,7301.9,35
VTA0077726,2022-11-19,11,2022,C00517,José María Rolando Urías,Sur,Premium,V018,Lic. Gilberto Castellanos,Sur,P0080,Honor Pad 8,Tablets,9535.43,4.0,0.17,31657.63,19
VTA0077727,2022-11-23,11,2022,C01073,Gloria Vigil Niño,Oeste,Premium,V007,Conchita Leticia Gastélum Corral,Oeste,P0066,Samsung Galaxy Tab S9,Tablets,14013.27,3.0,0.1,37835.83,24
VTA0077728,2022-11-17,11,2022,C03247,Dr. Ramón Quesada,Este,Premium,V032,Nelly Barela Cardenas,Este,P0102,GoPro Hero 12,Fotografía,27423.0,4.0,0.19,88850.52,45
VTA0077729,24/11/2022,11,2022,C04083,Sr. Amador Rolón,Sur,Ocasional,V036,  Dr. Ignacio Aparicio  ,Sur,P0007,Realme GT5,Celulares,16343.58,3.0,0.14,42166.44,39
VTA0077730,2022-11-04,11,2022,C03433,Reynaldo Martínez Robles,Este,Ocasional,V005,Aldo Adán Rodrígez Galarza,Este,P0065,iPad Pro M2 12.9,Tablets,7733.71,5.0,0.1,34801.7,21
VTA0077731,13/11/2022,11,2022,C02604,Nancy Trinidad Padrón,Norte,Ocasional,V004,Aurora Zelaya,Norte,P0046,JBL Flip 6,Audio,2236.67,3.0,0.02,6575.81,40
VTA0077732,2022-11-23,11,2022,C00078,Marisol Raya Moya,Sur,Premium,V006,  Dr. Evelio Murillo  ,Sur,P0079,Realme Pad 2,Tablets,8498.89,1.0,0.1,-7649.0,20
VTA0077733,2022-11-26,11,2022,C02131,Darío Eric Valdez Serrano,Norte,Ocasional,V015,Joaquín Benavides Meza,Norte,P0094,RAM Corsair 32GB,Gaming,16797.42,,0.05,15957.55,26
VTA0077734,2022-11-25,11,2022,C00631,,Este,Premium,V032,Nelly Barela Cardenas,Este,P0117,Cámara Nest Doorbell,Hogar Inteligente,9781.2,1.0,0.08,8998.7,34
VTA0077735,2022-11-26,11,2022,C01772,,Sur,Regular,V008,Irene Franco,Sur,P0120,Timbre Ring Video Pro,LAPTOPS,7950.07,3.0,0.13,20749.68,21
VTA0077736,2022-11-27,11,2022,C02848,Sr. Camilo Olvera,Este,Regular,V049,Ing. María Teresa Bétancourt,Este,P0104,Flash Godox V1,Fotografía,15950.13,5.0,0.07,74168.1,40
VTA0077737,15/11/2022,11,2022,C00568,Porfirio Amador Bañuelos Jurado,Oeste,Ocasional,V026,Ing. Elias Valdivia,Oeste,P0014,Motorola G84,Celulares,5669.08,1.0,0.08,5215.55,20
VTA0077738,28/11/2022,11,2022,C02683,Aldonza Isabela Rojas,Norte,Premium,V041,Srita. Nadia Casas,Centro,P0086,Silla Gamer DXRacer,Gaming,21090.12,2.0,0.04,40493.03,26
VTA0077739,2022-11-05,11,2022,C00300,Jaqueline Rosado Orellana,Oeste,Regular,V022,Bernardo Lemus Caballero,Oeste,P0028,Dell Inspiron 15,Laptops,27520.37,1.0,0.17,22841.91,37
VTA0077740,27/11/2022,11,2022,C03412,Eduardo Juan Carlos Orta,Oeste,Regular,V014,Ofelia Miriam Negrón,Oeste,P0043,Sony WF-1000XM5,Audio,4462.5,2.0,0.06,8389.5,25
VTA0077741,2022-11-14,11,2022,C03782,Israel Ceballos,Oeste,Regular,V047,  Estela Bianca Melgar Arias  ,Oeste,P0049,Cargador MagSafe 30W,audio ,901.46,4.0,0.12,3173.14,37
VTA0077742,2022-11-11,11,2022,C03565,Diego Bruno Soto Rendón,Oeste,Premium,V022,Bernardo Lemus Caballero,Oeste,P0061,Batería Portátil 20000,Accesorios,1698.36,4.0,0.09,6182.03,32
VTA0077743,2022-11-28,11,2022,C03380,Silvia Rosario Tirado,Sur,Ocasional,V025,Manuel Gerónimo Armas,Sur,P0005,OnePlus 12,Celulares,5147.9,5.0,0.1,23165.55,40
VTA0077744,02/11/2022,11,2022,C00312,Trinidad Fabiola Ruiz Ramos,Oeste,Ocasional,V035,Estela Haro,Oeste,P0122,Aspiradora Dyson V15,Hogar Inteligente,3176.9,2.0,0.16,5337.19,28
VTA0077745,2022-11-24,11,2022,C04444,Aurelio Gabriel Cantú Espinal,Este,Premium,V049,Ing. María Teresa Bétancourt,Este,P0048,Skullcandy Crusher,Audio,3258.95,1.0,0.02,3193.77,44
VTA0077746,2022-11-09,11,2022,C04795,Pascual Federico Lerma Madrigal,Sur,Ocacional,V027,Claudio Andrés Gómez Sosa,Sur,P0108,Batería Canon LP-E6,Fotografía,16966.83,3.0,0.11,45301.44,32
VTA0077747,2022-11-01,11,2022,C00955,Dr. Renato Cepeda,Este,Regular,V010,Sra. Guadalupe Llamas,Este,P0118,Termostato Nest 3,Hogar Inteligente,1440.75,5.0,0.18,5907.08,30
VTA0077748,2022-11-05,11,2022,C02958,Javier Carrillo Loera,Este,Regular,V049,Ing. María Teresa Bétancourt,Este,P0043,Sony WF-1000XM5,Audio,4286.85,4.0,0.18,14060.87,25
VTA0077749,17/11/2022,11,2022,C01418,  Juana Almaraz  ,Centro,Ocasional,V028,Sofía Delia Gurule Cantú,Centro,P0017,MacBook Pro M3,Laptops,13863.43,1.0,0.19,11229.38,43
VTA0077750,2022-11-01,11,2022,C01096,Daniela Velásquez,Sur,Premiun,V019,Jacinto Rodrigo Salazar Rolón,Sur,P0026,MSI Prestige 16,Laptops,9105.3,1.0,0.09,8285.82,44
VTA0077751,2022-11-04,11,2022,C03996,Rafaél Solano,Oeste,Premium,V022,Bernardo Lemus Caballero,Oeste,P0059,Audífonos USB-C,Accesorios,1522.73,4.0,0.12,5360.01,43
VTA0077752,2022-11-09,11,2022,C00414,Cristian Benjamín Corrales Peña,Este,Regular,V013,Alvaro Gaona Ocasio,Sur,P0114,Google Nest Hub 2,celulares,5905.39,2.0,0.12,10393.49,45
VTA0077753,14/11/2022,11,2022,C03272,  Leonel Alonso Cadena Echeverría  ,Oeste,Premium,V050,José María Gustavo Beltrán,Oeste,P0025,Razer Blade 15,Laptops,28008.83,3.0,0.03,81505.7,44
VTA0077754,2022-11-01,11,2022,C03645,José Sierra,Este,Premium,V032,Nelly Barela Cardenas,Este,P0016,Tecno Spark 20,Celulares,15681.69,4.0,0.03,60844.96,20
VTA0077755,2022-11-03,11,2022,C01578,Timoteo Bernal Lugo,Este,Premium,V010,Sra. Guadalupe Llamas,Este,P0030,Lenovo IdeaPad 5,Laptops,46396.57,5.0,0.09,211104.39,21
VTA0077756,2022-11-08,11,2022,C03657,Alma Ariadna Valdés Bermúdez,Norte,Ocasional,V002,Nelly Marrero Ortiz,Norte,P0090,Control Xbox Elite 2,Gaming,25309.42,5.0,0.16,106299.56,40
VTA0077757,2022-11-24,11,2022,C00715,Jacobo Nevárez,Este,premiun,V011,Clara Loera,Este,P0051,Funda iPhone 15 Pro,Accesorios,1272.87,3.0,0.06,3589.49,40
VTA0077758,2022-11-02,11,2022,C00408,Lic. Omar Lerma,Oeste,Premium,V014,Ofelia Miriam Negrón,Oeste,P0116,Foco Philips Hue,Hogar Inteligente,4150.82,3.0,0.18,10211.02,44
VTA0077759,2022-11-16,11,2022,C03485,Ricardo Lovato Laboy,Norte,premiun,V002,Nelly Marrero Ortiz,Norte,P0033,Sony WH-1000XM5,audio ,6661.32,2.0,0.02,13056.19,25
VTA0077760,23/11/2022,11,2022,C04966,,Norte,REGULAR,V042,  Srita. Sandra Escamilla  ,Norte,P0121,Roomba j7 Plus,Hogar Inteligente,6195.49,3.0,0.12,16356.09,38
VTA0077761,2022-11-04,11,2022,C02269,Ing. Ramón Alvarado,Centro,Regular,V037,Victoria Caridad Concepción,Centro,P0064,Limpiador Pantallas Kit,Accesorios,1506.1,1.0,0.02,1475.98,44
VTA0077762,25/11/2022,11,2022,C01573,Gustavo Terrazas,Oeste,Regular,V038,Violeta Itzel Benavídez,Oeste,P0072,Huawei MatePad Pro,Tablets,16821.93,4.0,0.11,59886.07,43
VTA0077763,2022-11-21,11,2022,C04510,Sara Sosa,Este,Premium,V010,Sra. Guadalupe Llamas,Este,P0054,Mouse Logitech MX Master,Accesorios,1444.86,1.0,0.04,1387.07,25
VTA0077764,2022-11-04,11,2022,C01544,  Mitzy Rocío Arredondo  ,Oeste,Ocasional,V026,Ing. Elias Valdivia,Oeste,P0105,Tripié Joby GorillaPod,Fotografía,9767.38,1.0,0.08,8985.99,41
VTA0077765,2022-11-20,11,2022,C04796,Ramón Marrero Reynoso,Este,Premium,V032,Nelly Barela Cardenas,Este,P0037,JBL Charge 5,gaming,8201.68,4.0,0.08,30182.18,21
VTA0077766,2022-11-25,11,2022,C03516,Indira Karla Vela Nieves,Centro,Premium,V048,Ivonne Véliz,Centro,P0062,Reloj Smartwatch Band,Accesorios,1289.26,4.0,0.08,4744.48,38
VTA0077767,2022-11-15,11,2022,C00119,Ing. Ricardo Lozada,Sur,Regular,V036,  Dr. Ignacio Aparicio  ,Sur,P0088,Teclado Razer Huntsman,Gaming,23446.38,5.0,0.05,111370.3,44
VTA0077768,2022-11-02,11,2022,C04135,Elias Alejandro Robles,Sur,Regular,V004,Aurora Zelaya,Norte,P0054,Mouse Logitech MX Master,Accesorios,1297.25,2.0,0.11,2309.1,25
VTA0077769,2022-11-10,11,2022,C02747,Inés Abigail Moya,Este,Regular,V049,Ing. María Teresa Bétancourt,Este,P0070,Amazon Fire HD 10,Tablets,15866.69,3.0,0.05,45220.07,33
VTA0077770,26/11/2022,11,2022,C00531,Perla Violeta Estrada,Oeste,Ocasional,V029,Francisco Ballesteros,Norte,P0036,Samsung Galaxy Buds2,Audio,6608.01,1.0,0.07,6145.45,43
VTA0077771,2022-11-29,11,2022,C04438,Cristobal Limón,Norte,Premium,V046,Hermelinda Josefina Rodarte Bahena,Norte,P0049,Cargador MagSafe 30W,Accesorios,999.6,4.0,0.07,3718.51,37
VTA0077772,2022-11-02,11,2022,C03227,Timoteo Dávila Castro,Sur,Ocasional,V012,Rubén Marco Antonio Orta Ramos,Sur,P0013,Xiaomi Redmi Note 13,Celulares,13306.14,5.0,0.13,57881.71,30
VTA0077773,2022-11-22,11,2022,C02328,Lic. Carolina Orosco,Oeste,Ocasional,V014,Ofelia Miriam Negrón,Oeste,P0049,Cargador MagSafe 30W,Accesorios,943.75,2.0,0.08,1736.5,37
VTA0077774,2022-11-20,11,2022,C04018,Ofelia Noemí Espinal Colunga,Centro,Premium,V041,Srita. Nadia Casas,Centro,P0029,HP Pavilion 15,Laptops,8996.72,2.0,0.13,15654.29,24
VTA0077775,30/11/2022,11,2022,C01642,Rocío Roybal Olivo,Este,Ocasional,V005,Aldo Adán Rodrígez Galarza,Este,P0128,Panel Solar Portátil,fotografia,3752.97,1.0,0.04,3602.85,39
VTA0077776,2022-11-11,11,2022,C00373,Felix Renato Garza Meza,Oeste,Regular,V025,Manuel Gerónimo Armas,Sur,P0020,Lenovo ThinkPad X1,Laptops,26080.53,5.0,0.12,114754.33,42
VTA0077777,2022-11-01,11,2022,C02756,,Centro,Premium,V048,Ivonne Véliz,Centro,P0015,Nokia G42,Celulares,18392.2,4.0,0.18,60326.42,26
VTA0077778,2022-11-19,11,2022,C02408,Sandra Nadia Rael Aguirre,Este,Premium,V010,Sra. Guadalupe Llamas,Este,P0116,Foco Philips Hue,Hogar Inteligente,3933.05,2.0,0.12,6922.17,44
VTA0077779,2022-11-27,11,2022,C01951,Asunción Josefina Figueroa,Este,Ocasional,V002,Nelly Marrero Ortiz,Norte,P0073,Microsoft Surface Go 3,Tablets,11429.26,2.0,0.14,19658.33,22
VTA0077780,23/11/2022,11,2022,C03149,Camilo Zamora Ornelas,Este,Premium,V011,Clara Loera,Este,P0057,Soporte Laptop Adjustable,Accesorios,527.5,5.0,0.04,2532.0,39
VTA0077781,2022-11-06,11,2022,C02211,  Berta Loera Mondragón  ,Este,Regular,V049,Ing. María Teresa Bétancourt,Este,P0017,MacBook Pro M3,Laptops,13565.48,3.0,0.13,35405.9,43
VTA0077782,21/11/2022,11,2022,C00025,Jos Manzanares,Norte,Ocasional,V002,Nelly Marrero Ortiz,Norte,P0056,Webcam Logitech C920,Accesorios,1914.35,3.0,0.09,5226.18,43
VTA0077783,2022-11-07,11,2022,C04230,  Dra. Zoé Griego  ,Este,Premium,V031,  Bernabé César Salazar  ,Centro,P0054,Mouse Logitech MX Master,Accesorios,1299.19,1.0,0.18,1065.34,25
VTA0077784,2022-11-06,11,2022,C03410,Adela del Río,Oeste,Ocasional,V039,Sr. Modesto Guillen,Oeste,P0018,Dell XPS 15,Laptops,37665.88,1.0,0.09,34275.95,40
VTA0077785,2022-11-21,11,2022,C03177,Norma Elvira Canales,Este,Premium,V011,Clara Loera,Este,P0006,Motorola Edge 50,Celulares,7812.02,5.0,0.07,36325.89,32
VTA0077786,2022-11-19,11,2022,C04745,Ing. Abraham Mora,Oeste,Regular,V001,Fernando Casares Jimínez,Oeste,P0120,Timbre Ring Video Pro,audio ,7418.57,3.0,0.0,22255.71,21
VTA0077787,12/11/2022,11,2022,C02671,Yeni Marisol Tirado,Oeste,Ocasional,V022,Bernardo Lemus Caballero,Oeste,P0080,Honor Pad 8,Tablets,9354.49,4.0,0.05,35547.06,19
VTA0077788,2022-11-22,11,2022,C03472,José Carlos Daniel Guajardo,Sur,Premium,V021,  Cristal Valdés Maya  ,Sur,P0102,GoPro Hero 12, Accesorios,24146.93,5.0,0.15,102624.45,45
VTA0077789,2022-11-18,11,2022,C01810,Srita. María Enríquez,Sur,Ocacional,V018,Lic. Gilberto Castellanos,Sur,P0035,Bose QC45,audio ,2560.07,5.0,0.17,10624.29,19
VTA0077790,2022-11-03,11,2022,C00319,Sra. Pamela Arevalo,Oeste,Ocasional,V050,José María Gustavo Beltrán,Oeste,P0102,GoPro Hero 12,Fotografía,26795.81,3.0,0.11,71544.81,45
VTA0077791,2022-11-01,11,2022,C04178,Guillermina Débora Barela,Norte,Premium,V043,Homero Esquivel,Norte,P0001,iPhone 15 Pro,Celulares,19588.09,4.0,0.07,72867.69,37
VTA0077792,2022-11-03,11,2022,C02929,Reynaldo Gustavo Castro Jasso,Norte,REGULAR,V002,Nelly Marrero Ortiz,Norte,P0052,Protector Pantalla S24,Accesorios,1077.02,,0.02,3166.44,31
VTA0077793,2022-11-06,11,2022,C04073,  Rodolfo Melgar Romo  ,Norte,Premium,V046,Hermelinda Josefina Rodarte Bahena,Norte,P0040,Jabra Elite 85h,Audio,3141.04,5.0,0.1,14134.68,38
VTA0077794,22/11/2022,11,2022,C00006,Modesto Miguel Ángel Pelayo,Este,Ocasional,V036,  Dr. Ignacio Aparicio  ,Sur,P0016,Tecno Spark 20,Celulares,15989.02,2.0,0.01,31658.26,20
VTA0077795,30/11/2022,11,2022,C01187,Dr. Jacinto Jaramillo,Este,Ocasional,V010,Sra. Guadalupe Llamas,Este,P0118,Termostato Nest 3,Hogar Inteligente,1565.76,5.0,0.18,6419.62,30
VTA0077796,2022-11-04,11,2022,C00991,María Eugenia Batista,Norte,premiun,V002,Nelly Marrero Ortiz,Norte,P0019,HP Spectre x360,Laptops,39471.51,1.0,0.14,33945.5,26
VTA0077797,2022-11-10,11,2022,C02923,Francisca Oquendo,Oeste,Premium,V020,Dr. Arturo Angulo,Sur,P0019,HP Spectre x360,Laptops,37782.6,5.0,0.2,151130.4,26
VTA0077798,2022-11-03,11,2022,C04942,Juan Carlos Darío Orta,Oeste,Ocasional,V007,Conchita Leticia Gastélum Corral,Oeste,P0100,Fujifilm X-T5,Fotografía,16235.23,3.0,0.0,48705.69,42
VTA0077799,2022-11-09,11,2022,C03636,Jaime Fonseca Ruelas,Este,Regular,V019,Jacinto Rodrigo Salazar Rolón,Sur,P0032,ASUS VivoBook 16,fotografia,11057.57,4.0,0.17,36711.13,38
VTA0077800,29/11/2022,11,2022,C03404,César Valadez Girón,Centro,Regular,V031,  Bernabé César Salazar  ,Centro,P0031,Acer Aspire 7,Laptops,8688.91,1.0,0.06,8167.58,38
VTA0077801,2022-11-16,11,2022,C03264,Sr. Aurelio Santacruz,Este,Regular,V011,Clara Loera,Este,P0008,OPPO Find X7,audio ,20377.85,5.0,0.15,86605.86,26
VTA0077802,2022-11-18,11,2022,C00778,Srita. Salma Feliciano,Norte,Premium,V043,Homero Esquivel,Norte,P0011,iPhone 14,Celulares,9438.59,4.0,0.18,30958.58,43
VTA0077803,2022-11-06,11,2022,C04384,Dra. Tania Vergara,Sur,Regular,V025,Manuel Gerónimo Armas,Sur,P0047,Bose SoundLink,Audio,3953.47,3.0,0.2,9488.33,44
VTA0077804,2022-11-04,11,2022,C03563,Pamela Zapata,Sur,premiun,V034,Rufino Rivera,Sur,P0003,Xiaomi 14 Pro,Celulares,23374.59,1.0,0.07,21738.37,36
VTA0077805,2022-11-14,11,2022,C02758,Ing. Julio Gallegos,Norte,Ocasional,V002,Nelly Marrero Ortiz,Norte,P0053,Hub USB-C 7en1,Accesorios,433.73,5.0,0.15,1843.35,20
VTA0077806,2022-11-03,11,2022,C00441,Andrea Irma Galindo,Centro,Premium,V026,Ing. Elias Valdivia,Oeste,P0002,Samsung Galaxy S24,Celulares,7888.68,4.0,0.05,29976.98,19
VTA0077807,2022-11-05,11,2022,C03914,Ing. Sofía Rosas,Oeste,Ocasional,V030,Gustavo Camilo Ochoa Gamboa,Oeste,P0102,GoPro Hero 12,Fotografía,25072.54,2.0,0.2,40116.06,45
VTA0077808,2022-11-18,11,2022,C02835,Jaqueline Ariadna Franco Jurado,Oeste,Ocasional,V047,  Estela Bianca Melgar Arias  ,Oeste,P0055,Teclado Keychron K2,Accesorios,1499.64,,0.18,4918.82,28
VTA0077809,2022-11-10,11,2022,C04757,Aldo Gerardo Peres Carvajal,Este,Regular,V011,Clara Loera,Este,P0113,Alexa Echo Dot 5,Hogar Inteligente,10915.53,5.0,0.19,44207.9,20
VTA0077810,27/11/2022,11,2022,C01450,Blanca Véliz,Centro,Regular,V041,Srita. Nadia Casas,Centro,P0107,Tarjeta SD SanDisk 256,Fotografía,10936.07,1.0,0.17,9076.94,27
VTA0077811,27/11/2022,11,2022,C01193,,Norte,Ocasional,V002,Nelly Marrero Ortiz,Norte,P0007,Realme GT5,tablets,19418.99,2.0,0.14,33400.66,39
VTA0077812,2022-11-14,11,2022,C03571,Patricio Pizarro Cruz,Norte,Premium,V009,Amanda María José Bravo,Norte,P0084,Steam Deck 512GB, Accesorios,12222.11,2.0,0.15,20777.59,26
VTA0077813,15/11/2022,11,2022,C01261,Emilia Rosario Miramontes Montañez,Oeste,Premiun,V014,Ofelia Miriam Negrón,Oeste,P0038,Beats Studio Pro,Audio,2161.99,5.0,0.09,9837.05,39
VTA0077814,2022-11-28,11,2022,C02404,Uriel Javier Cazares Ávalos,Sur,Premium,V018,Lic. Gilberto Castellanos,Sur,P0028,Dell Inspiron 15,Laptops,27202.13,5.0,0.09,123769.69,37
VTA0077815,2022-11-29,11,2022,C02653,Zacarías Bernardo Ulibarri Quiroz,Oeste,Regular,V043,Homero Esquivel,Norte,P0040,Jabra Elite 85h,Audio,3291.67,2.0,0.14,5661.67,38
VTA0077816,2022-11-05,11,2022,C03234,Dr. Rafaél Palomo,Sur,Premium,V025,Manuel Gerónimo Armas,Sur,P0061,Batería Portátil 20000,Accesorios,1813.59,2.0,0.12,3191.92,32
VTA0077817,2022-11-20,11,2022,C00162,Marco Antonio Lovato,Centro,Premium,V041,Srita. Nadia Casas,Centro,P0021,ASUS ROG Zephyrus,Laptops,12980.85,1.0,0.19,10514.49,36
VTA0077818,12/11/2022,11,2022,C03880,Sr. René Cervantes,Este,Regular,V024,Bernabé Guerra,Sur,P0084,Steam Deck 512GB,Gaming,13297.56,5.0,0.08,61168.78,26
VTA0077819,16/11/2022,11,2022,C00514,Lorenzo Jonás Altamirano Pabón,Norte,Regular,V016,Octavio Mario Rincón Marín,Norte,P0086,Silla Gamer DXRacer,Gaming,21481.54,2.0,0.04,41244.56,26
VTA0077820,2022-11-14,11,2022,C02605,Alberto Rolando Valdés,Centro,ocasional,V018,Lic. Gilberto Castellanos,Sur,P0068,Lenovo Tab P12,Tablets,14643.14,3.0,0.0,43929.42,21
VTA0077821,2022-11-22,11,2022,C00458,Mitzy Noelia Burgos Vázquez,Oeste,Premium,V035,Estela Haro,Oeste,P0111,Monitor Portátil 4K,Fotografía,6120.69,1.0,0.14,5263.79,41
VTA0077822,2022-11-28,11,2022,C03929,Helena Verduzco,Oeste,Premium,V030,Gustavo Camilo Ochoa Gamboa,Oeste,P0040,Jabra Elite 85h,Audio,3239.17,3.0,0.14,8357.06,38
VTA0077823,2022-11-17,11,2022,C00426,Dra. Victoria Terán,Oeste,Ocasional,V023,Fidel Negrete Domínguez,Sur,P0062,Reloj Smartwatch Band,Accesorios,1441.34,1.0,0.06,1354.86,38
VTA0077824,2022-11-22,11,2022,C02499,Marcos Lucio,Norte,Regular,V002,Nelly Marrero Ortiz,Norte,P0088,Teclado Razer Huntsman,Gaming,25397.7,4.0,0.1,91431.72,44
VTA0077825,2022-11-02,11,2022,C04035,Dr. Marco Antonio Terrazas,Este,Ocasional,V049,Ing. María Teresa Bétancourt,Este,P0107,Tarjeta SD SanDisk 256,Fotografía,10442.6,2.0,0.2,16708.16,27
VTA0077826,2022-11-29,11,2022,C03134,Dr. Jacobo Puente,Oeste,Premium,V042,  Srita. Sandra Escamilla  ,Norte,P0097,Canon EOS R6 Mark II,gaming,30556.24,3.0,0.13,-79751.79,38
VTA0077827,2022-11-24,11,2022,C02474,Lic. Arturo Santacruz,Este,Premium,V011,Clara Loera,Este,P0102,GoPro Hero 12,Fotografía,26232.8,4.0,0.19,84994.27,45
VTA0077828,2022-11-01,11,2022,C02865,Dolores Wendolin Madrigal,Este,REGULAR,V011,Clara Loera,Este,P0102,GoPro Hero 12,Fotografía,25642.08,1.0,0.03,24872.82,45
VTA0077829,2022-11-15,11,2022,C01648,Darío Maximiliano Rojo,Este,Ocasional,V010,Sra. Guadalupe Llamas,Este,P0061,Batería Portátil 20000,Accesorios,1863.4,2.0,0.15,3167.78,32
VTA0077830,2022-11-10,11,2022,C04399,Jorge Salcido,Sur,Regular,V008,Irene Franco,Sur,P0080,Honor Pad 8,Tablets,9434.43,3.0,0.01,28020.26,19
VTA0077831,2022-11-03,11,2022,C01750,Abraham Gutiérrez Cuellar,Este,Premiun,V049,Ing. María Teresa Bétancourt,Este,P0043,Sony WF-1000XM5,Audio,4233.09,1.0,0.03,4106.1,25
VTA0077832,16/11/2022,11,2022,C04799,Augusto Pascual Arellano,Este,Regular,V005,Aldo Adán Rodrígez Galarza,Este,P0084,Steam Deck 512GB,Gaming,12839.0,4.0,0.05,48788.2,26
VTA0077833,2022-11-06,11,2022,C01782,Clemente Molina Quesada,Centro,ocasional,V017,Abraham Apodaca Colunga,Centro,P0075,Samsung Galaxy Tab A9,celulares,18797.79,3.0,0.07,52445.83,35
VTA0077834,17/11/2022,11,2022,C00147,Carla Micaela Feliciano Velasco,Sur,ocasional,V018,Lic. Gilberto Castellanos,Sur,P0053,Hub USB-C 7en1,Accesorios,420.13,2.0,0.05,798.25,20
VTA0077835,2022-11-11,11,2022,C02150,,Norte,Regular,V004,Aurora Zelaya,Norte,P0051,Funda iPhone 15 Pro,Accesorios,1228.26,1.0,0.02,1203.69,40
VTA0077836,2022-11-09,11,2022,C02162,Nancy Balderas,Sur,Premiun,V021,  Cristal Valdés Maya  ,Sur,P0026,MSI Prestige 16,Laptops,9690.96,3.0,0.06,27328.51,44
VTA0077837,2022-11-02,11,2022,C04464,Francisco Salinas,Este,Regular,V005,Aldo Adán Rodrígez Galarza,Este,P0069,Xiaomi Pad 6 Pro,Tablets,5040.74,5.0,0.18,20667.03,37
VTA0077838,2022-11-29,11,2022,C04261,  Úrsula Velásquez  ,Norte,Regular,V036,  Dr. Ignacio Aparicio  ,Sur,P0045,Marshall Emberton III,Audio,6929.02,3.0,0.04,-19955.58,22
VTA0077839,2022-11-03,11,2022,C02767,  Sr. Alfredo Cabrera  ,Este,Ocasional,V010,Sra. Guadalupe Llamas,Este,P0120,Timbre Ring Video Pro,Hogar Inteligente,7454.74,1.0,0.01,7380.19,21
VTA0077840,2022-11-23,11,2022,C03221,Felix Vargas,Sur,Premium,V006,  Dr. Evelio Murillo  ,Sur,P0045,Marshall Emberton III,Audio,6784.22,3.0,0.02,19945.61,22
VTA0077841,2022-11-28,11,2022,C03785,Julio César Arias Madrigal,Sur,Premium,V019,Jacinto Rodrigo Salazar Rolón,Sur,P0082,Xbox Series X,hogar inteligente,11035.94,5.0,0.16,46350.95,30
VTA0077842,2022-11-02,11,2022,C00711,Leticia María Cristina Tafoya Vélez,Oeste,Ocasional,V050,José María Gustavo Beltrán,Oeste,P0121,Roomba j7 Plus,Hogar Inteligente,5992.73,2.0,0.05,11386.19,38
VTA0077843,2022-11-16,11,2022,C00283,Elvia Quiñones Tello,Centro,Regular,V048,Ivonne Véliz,Centro,P0066,Samsung Galaxy Tab S9,Tablets,13625.51,1.0,0.06,12807.98,24
VTA0077844,2022-11-10,11,2022,C04811,Armando Eugenio Arreola,Sur,Regular,V024,Bernabé Guerra,Sur,P0030,Lenovo IdeaPad 5,Laptops,40863.58,3.0,0.11,109105.76,21
VTA0077845,2022-11-28,11,2022,C03789,Gabriel Godoy,Este,REGULAR,V010,Sra. Guadalupe Llamas,Este,P0076,TCL Tab 10,Tablets,16357.55,2.0,0.05,31079.34,24
VTA0077846,2022-11-03,11,2022,C03173,Carmen Irene Ulibarri,Sur,Premium,V023,Fidel Negrete Domínguez,Sur,P0038,Beats Studio Pro, Accesorios,2397.18,4.0,0.03,9301.06,39
VTA0077847,2022-11-23,11,2022,C03139,Sessa Urbina Gonzales,Oeste,Ocasional,V030,Gustavo Camilo Ochoa Gamboa,Oeste,P0122,Aspiradora Dyson V15,Hogar Inteligente,2718.02,5.0,0.03,13182.4,28
VTA0077848,2022-11-06,11,2022,C03992,Enrique Zamora,Este,Premium,V021,  Cristal Valdés Maya  ,Sur,P0003,Xiaomi 14 Pro,Celulares,22247.14,1.0,0.07,20689.84,36
VTA0077849,2022-11-28,11,2022,C01622,Ing. Miguel Ángel Lerma,Este,Premiun,V010,Sra. Guadalupe Llamas,Este,P0028,Dell Inspiron 15,Laptops,29174.87,3.0,0.12,77021.66,37
VTA0077850,16/11/2022,11,2022,C02449,Mauro Ríos,Norte,Regular,V016,Octavio Mario Rincón Marín,Norte,P0074,iPad Mini 6,fotografia,19595.93,4.0,0.03,76032.21,31
VTA0077851,2022-11-26,11,2022,C04450,Wilfrido Mares,Norte,Regular,V009,Amanda María José Bravo,Norte,P0104,Flash Godox V1,gaming,16753.99,3.0,0.06,47246.25,40
VTA0077852,2022-11-30,11,2022,C02216,Ramón Clemente Huerta,Oeste,premiun,V047,  Estela Bianca Melgar Arias  ,Oeste,P0074,iPad Mini 6,Tablets,20346.32,2.0,0.2,32554.11,31
VTA0077853,2022-11-17,11,2022,C00615,Dra. María Elena Zúñiga,Centro,Regular,V044,Julia Esther Solorio,Centro,P0078,Chuwi HiPad X,Tablets,12743.13,5.0,0.2,50972.52,20
VTA0077854,2022-11-05,11,2022,C02598,Aurelio Montero,Centro,Ocasional,V028,Sofía Delia Gurule Cantú,Centro,P0048,Skullcandy Crusher,Audio,3801.48,5.0,0.14,16346.36,44
VTA0077855,2022-11-17,11,2022,C01290,Jorge Reynaldo Carrero,Este,Premium,V049,Ing. María Teresa Bétancourt,Este,P0120,Timbre Ring Video Pro,Hogar Inteligente,7760.69,2.0,0.2,12417.1,21
VTA0077856,2022-11-20,11,2022,C00800,Marisol Vanesa Soliz,Norte,Regular,V009,Amanda María José Bravo,Norte,P0074,iPad Mini 6,Tablets,20664.78,3.0,0.18,50835.36,31
VTA0077857,2022-11-20,11,2022,C03357,Guillermina Amanda Holguín Concepción,Este,Regular,V003,Jacinto Rivero Valladares,Centro,P0020,Lenovo ThinkPad X1,Laptops,25781.94,2.0,0.18,42282.38,42
VTA0077858,09/11/2022,11,2022,C01246,Nicolás Jorge Matos Raya,Centro,premiun,V003,Jacinto Rivero Valladares,Centro,P0097,Canon EOS R6 Mark II,Fotografía,31091.91,2.0,0.12,54721.76,38
VTA0077859,2022-11-28,11,2022,C01972,Amanda Concepción del Valle Ayala,Sur,Regular,V024,Bernabé Guerra,Sur,P0012,Samsung A55,Celulares,19486.61,2.0,0.07,36245.09,36
VTA0077860,08/11/2022,11,2022,C01386,Daniel Isaac Muro Peralta,Este,Regular,V010,Sra. Guadalupe Llamas,Este,P0036,Samsung Galaxy Buds2,Audio,7011.99,2.0,0.19,11359.42,43
VTA0077861,12/11/2022,11,2022,C02423,Héctor Ernesto Rico Malave,Este,Premium,V049,Ing. María Teresa Bétancourt,Este,P0023,Microsoft Surface Pro 9,Laptops,33465.23,1.0,0.13,29114.75,27
VTA0077862,2022-11-08,11,2022,C01453,  Marcela Parra Cedillo  ,Sur,Premiun,V012,Rubén Marco Antonio Orta Ramos,Sur,P0110,Reflector 5en1 80cm,Fotografía,14238.19,5.0,0.13,61936.13,26
VTA0077863,2022-11-03,11,2022,C04566,,Norte,Regular,V029,Francisco Ballesteros,Norte,P0126,Proyector BenQ 4K,Hogar Inteligente,7441.03,5.0,0.02,36461.05,35
VTA0077864,2022-11-08,11,2022,C01537,Violeta Cordero Menchaca,Centro,Ocasional,V033,Jaime Gamez Maldonado,Centro,P0036,Samsung Galaxy Buds2, Accesorios,7144.83,3.0,0.06,20148.42,43
VTA0077865,2022-11-23,11,2022,C03869,José María Fajardo,Oeste,Ocasional,V007,Conchita Leticia Gastélum Corral,Oeste,P0065,iPad Pro M2 12.9,Tablets,7266.52,4.0,0.18,23834.19,21
VTA0077866,05/11/2022,11,2022,C04086,Leticia Lucero Mayorga,Oeste,Premium,V050,José María Gustavo Beltrán,Oeste,P0100,Fujifilm X-T5,Fotografía,14827.8,3.0,0.04,42704.06,42
VTA0077867,2022-11-12,11,2022,C03896,José Carlos Vallejo Vélez,Sur,Regular,V019,Jacinto Rodrigo Salazar Rolón,Sur,P0045,Marshall Emberton III,hogar inteligente,7238.74,4.0,0.17,24032.62,22
VTA0077868,2022-11-13,11,2022,C04718,Francisco Javier Eduardo Vargas Solano,Centro,Regular,V027,Claudio Andrés Gómez Sosa,Sur,P0035,Bose QC45,fotografia,2454.64,4.0,0.09,8934.89,19
VTA0077869,2022-11-13,11,2022,C01521,Lic. Dulce María Caraballo,Norte,Regular,V015,Joaquín Benavides Meza,Norte,P0028,Dell Inspiron 15,Laptops,28740.69,1.0,0.06,27016.25,37
VTA0077870,2022-11-23,11,2022,C02948,Ing. Yuridia Hernández,Centro,Ocasional,V048,Ivonne Véliz,Centro,P0026,MSI Prestige 16,LAPTOPS,10436.7,5.0,0.02,51139.83,44
VTA0077871,2022-11-27,11,2022,C03995,  Hermelinda Alicia Fierro  ,Norte,Regular,V045,Marisela Vanesa Chapa Aranda,Norte,P0004,Google Pixel 8,Celulares,4766.85,4.0,0.02,18686.05,34
VTA0077872,2022-11-23,11,2022,C03201,Teresa Mayte Salcedo Alcaraz,Centro,Regular,V001,Fernando Casares Jimínez,Oeste,P0023,Microsoft Surface Pro 9,Laptops,34843.97,3.0,0.17,86761.49,27
VTA0077873,2022-11-17,11,2022,C00425,Ana María Reyna Trejo,Norte,premiun,V029,Francisco Ballesteros,Norte,P0099,Nikon Z6 III,Fotografía,27482.12,5.0,0.02,134662.39,21
VTA0077874,2022-11-20,11,2022,C04026,José María Mateo Menchaca Bernal,Centro,Premium,V003,Jacinto Rivero Valladares,Centro,P0091,Capturadora Elgato 4K,hogar inteligente,1661.59,1.0,0.2,1329.27,25
VTA0077875,2022-11-14,11,2022,C02479,  Noemí Centeno Romero  ,Norte,Ocasional,V045,Marisela Vanesa Chapa Aranda,Norte,P0004,Google Pixel 8,tablets,4812.51,1.0,0.04,4620.01,34
VTA0077876,2022-11-15,11,2022,C01111,Liliana Salinas,Este,Regular,V005,Aldo Adán Rodrígez Galarza,Este,P0087,Headset HyperX Cloud III,Gaming,1960.9,4.0,0.18,6431.75,38
VTA0077877,24/11/2022,11,2022,C01676,Diana Hilda Ríos,Centro,Regular,V017,Abraham Apodaca Colunga,Centro,P0034,AirPods Pro 2,Audio,1320.14,4.0,0.09,4805.31,27
VTA0077878,2022-11-03,11,2022,C04990,Aida Norma Regalado Salgado,Norte,Regular,V048,Ivonne Véliz,Centro,P0077,Blackview Tab 16,Tablets,9427.98,4.0,0.04,36203.44,21
VTA0077879,2022-11-02,11,2022,C04283,Gerardo Romero Villa,Oeste,Ocasional,V039,Sr. Modesto Guillen,Oeste,P0081,PlayStation 5,Gaming,11309.41,2.0,0.16,18999.81,46
VTA0077880,2022-11-20,11,2022,C00173,Miriam Salma Tirado Sepúlveda,Este,Premiun,V032,Nelly Barela Cardenas,Este,P0043,Sony WF-1000XM5,Audio,4206.69,2.0,0.18,6898.97,25
VTA0077881,2022-11-13,11,2022,C01462,Tania María Eugenia Duarte Zarate,Oeste,Ocasional,V038,Violeta Itzel Benavídez,Oeste,P0071,ASUS Zenpad 3S,Tablets,15222.12,4.0,0.03,59061.83,20
VTA0077882,22/11/2022,11,2022,C02059,Flavio José Moya Carmona,Este,Premium,V011,Clara Loera,Este,P0054,Mouse Logitech MX Master,Accesorios,1212.89,2.0,0.19,1964.88,25
VTA0077883,2022-11-06,11,2022,C04171,Srita. Karina Márquez,Sur,Ocasional,V027,Claudio Andrés Gómez Sosa,Sur,P0072,Huawei MatePad Pro,Tablets,17561.19,5.0,0.06,82537.59,43
VTA0077884,09/11/2022,11,2022,C02719,Soledad Amalia Mota,Norte,Premium,V029,Francisco Ballesteros,Norte,P0011,iPhone 14,Celulares,9424.58,5.0,0.0,47122.9,43
VTA0077885,2022-11-24,11,2022,C03725,Sr. Gabino Menéndez,Sur,Premiun,V036,  Dr. Ignacio Aparicio  ,Sur,P0100,Fujifilm X-T5,Fotografía,17735.75,5.0,0.11,78924.09,42
VTA0077886,2022-11-03,11,2022,C01623,Bernabé Lucas Galván,Norte,Ocasional,V029,Francisco Ballesteros,Norte,P0054,Mouse Logitech MX Master,Accesorios,1374.13,5.0,0.06,6458.41,25
VTA0077887,2022-11-20,11,2022,C02305,Dr. Tomás Villagómez,Oeste,Premiun,V026,Ing. Elias Valdivia,Oeste,P0087,Headset HyperX Cloud III,Gaming,1945.69,3.0,0.19,4728.03,38
VTA0077888,2022-11-19,11,2022,C02951,Lic. Gregorio Montero,Este,Regular,V005,Aldo Adán Rodrígez Galarza,Este,P0026,MSI Prestige 16,celulares,8858.0,1.0,0.02,8680.84,44
VTA0077889,2022-11-10,11,2022,C00358,,Sur,REGULAR,V021,  Cristal Valdés Maya  ,Sur,P0078,Chuwi HiPad X,Tablets,12231.7,3.0,0.15,31190.84,20
VTA0077890,2022-11-22,11,2022,C04433,Isabela Laureano Tovar,Norte,Premium,V016,Octavio Mario Rincón Marín,Norte,P0081,PlayStation 5,Gaming,9861.45,4.0,0.16,33134.47,46
VTA0077891,2022-11-06,11,2022,C02147,,Oeste,Premium,V022,Bernardo Lemus Caballero,Oeste,P0068,Lenovo Tab P12,Tablets,13686.83,1.0,0.01,13549.96,21
VTA0077892,2022-11-20,11,2022,C00489,Roberto Roberto Peña,Oeste,Regular,V014,Ofelia Miriam Negrón,Oeste,P0030,Lenovo IdeaPad 5,Laptops,43376.86,4.0,0.08,159626.84,21
VTA0077893,2022-11-05,11,2022,C04504,Federico Fernández,Oeste,Premium,V014,Ofelia Miriam Negrón,Oeste,P0071,ASUS Zenpad 3S,Tablets,13843.45,4.0,0.19,44852.78,20
VTA0077894,2022-11-08,11,2022,C04861,Dr. Rubén Jasso,Este,Ocasional,V005,Aldo Adán Rodrígez Galarza,Este,P0125,TV Samsung QLED 55,Hogar Inteligente,2385.96,4.0,0.04,9162.09,20
VTA0077895,2022-11-19,11,2022,C02904,Alvaro Salazar Puente,Oeste,Regular,V047,  Estela Bianca Melgar Arias  ,Oeste,P0017,MacBook Pro M3,Laptops,11903.64,1.0,0.16,9999.06,43
VTA0077896,18/11/2022,11,2022,C02333,Claudio Cristian Pizarro Solís,Norte,premiun,V029,Francisco Ballesteros,Norte,P0012,Samsung A55,Celulares,18883.29,5.0,0.01,93472.29,36
VTA0077897,2022-11-29,11,2022,C01569,Guillermina Calderón Madera,Oeste,Regular,V050,José María Gustavo Beltrán,Oeste,P0090,Control Xbox Elite 2,celulares,24719.99,5.0,0.05,117419.95,40
VTA0077898,2022-11-11,11,2022,C00902,Elvira González Solano,Oeste,Premium,V026,Ing. Elias Valdivia,Oeste,P0055,Teclado Keychron K2,gaming,1357.39,3.0,0.03,3950.0,28
VTA0077899,2022-11-23,11,2022,C04024,Sandra Alejandra Crespo Pérez,Norte,Ocacional,V043,Homero Esquivel,Norte,P0044,Anker Q45,Audio,7450.22,5.0,0.04,35761.06,23
VTA0077900,2022-11-23,11,2022,C00758,Pilar Julia Orellana,Sur,ocasional,V021,  Cristal Valdés Maya  ,Sur,P0045,Marshall Emberton III,Audio,7815.9,1.0,0.01,7737.74,22
VTA0077901,2022-11-10,11,2022,C00568,Porfirio Amador Bañuelos Jurado,Oeste,Ocasional,V050,José María Gustavo Beltrán,Oeste,P0100,Fujifilm X-T5, Accesorios,14784.74,3.0,0.14,38144.63,42
VTA0077902,2022-11-06,11,2022,C01438,  Jorge Luis Heredia Marroquín  ,Centro,Ocasional,V017,Abraham Apodaca Colunga,Centro,P0089,Mouse Logitech G Pro X,Gaming,7059.99,3.0,0.0,21179.97,45
VTA0077903,2022-11-15,11,2022,C02340,Zacarías Pantoja Zedillo,Este,Ocasional,V010,Sra. Guadalupe Llamas,Este,P0119,Enchufe Inteligente TP,Hogar Inteligente,4616.29,2.0,0.06,8678.63,27
VTA0077904,2022-11-09,11,2022,C02354,Zeferino Benjamín Aranda Ybarra,Oeste,Regular,V035,Estela Haro,Oeste,P0049,Cargador MagSafe 30W,Accesorios,1048.54,1.0,0.17,870.29,37
VTA0077905,2022-11-14,11,2022,C04413,Dra. Sonia Bañuelos,Oeste,Ocacional,V026,Ing. Elias Valdivia,Oeste,P0056,Webcam Logitech C920,Accesorios,1986.96,4.0,0.16,6676.19,43
VTA0077906,2022-11-03,11,2022,C02048,Dra. Rocío Narváez,Este,Regular,V046,Hermelinda Josefina Rodarte Bahena,Norte,P0103,Lente Canon RF 50mm,Fotografía,15801.39,4.0,0.15,53724.73,31
VTA0077907,22/11/2022,11,2022,C03673,Emilia Osorio Mesa,Norte,Ocasional,V009,Amanda María José Bravo,Norte,P0094,RAM Corsair 32GB,Gaming,17672.3,2.0,0.13,30749.8,26
VTA0077908,2022-11-15,11,2022,C04293,Ing. Diego Castellanos,Centro,Regular,V028,Sofía Delia Gurule Cantú,Centro,P0091,Capturadora Elgato 4K,celulares,1509.67,3.0,0.01,4483.72,25
VTA0077909,2022-11-21,11,2022,C04618,Lic. Marcos Vélez,Este,Ocasional,V049,Ing. María Teresa Bétancourt,Este,P0124,Sensor Movimiento Aqara,Hogar Inteligente,7738.1,2.0,0.13,13464.29,35
VTA0077910,2022-11-23,11,2022,C00622,Lic. Luis Manuel Rendón,Este,Regular,V011,Clara Loera,Este,P0105,Tripié Joby GorillaPod,Fotografía,10782.9,1.0,0.19,8734.15,41
VTA0077911,2022-11-07,11,2022,C02878,Daniela Ana Corral Zayas,Oeste,Regular,V050,José María Gustavo Beltrán,Oeste,P0089,Mouse Logitech G Pro X,Gaming,6909.04,4.0,0.1,24872.54,45
VTA0077912,20/11/2022,11,2022,C01293,Lic. Violeta Zarate,Este,Ocasional,V049,Ing. María Teresa Bétancourt,Este,P0060,Adaptador HDMI 4K,Accesorios,1096.24,3.0,0.19,2663.86,29
VTA0077913,2022-11-09,11,2022,C04796,Ramón Marrero Reynoso,Este,Premium,V028,Sofía Delia Gurule Cantú,Centro,P0094,RAM Corsair 32GB,Gaming,18315.91,2.0,0.08,33701.27,26
VTA0077914,2022-11-28,11,2022,C00379,Dra. Laura Henríquez,Sur,Ocasional,V021,  Cristal Valdés Maya  ,Sur,P0002,Samsung Galaxy S24,Celulares,7822.65,,0.19,31681.73,19
VTA0077915,2022-11-01,11,2022,C02990,Amalia Adriana Lugo Casillas,Oeste,REGULAR,V040,Karla Silvia Mireles Patiño,Oeste,P0051,Funda iPhone 15 Pro,Accesorios,1197.47,1.0,0.08,1101.67,40
VTA0077916,2022-11-30,11,2022,C03986,Lic. Alfredo Gaytán,Sur,Regular,V046,Hermelinda Josefina Rodarte Bahena,Norte,P0020,Lenovo ThinkPad X1,Laptops,26259.59,2.0,0.08,48317.65,42
VTA0077917,2022-11-20,11,2022,C01049,Cristina Bianca Alcaraz Villagómez,Oeste,Premium,V022,Bernardo Lemus Caballero,Oeste,P0121,Roomba j7 Plus,Hogar Inteligente,6044.18,3.0,0.07,16863.26,38
VTA0077918,2022-11-23,11,2022,C00120,Sergio Leyva Gálvez,Norte,Premium,V004,Aurora Zelaya,Norte,P0121,Roomba j7 Plus,Hogar Inteligente,7174.62,1.0,0.04,6887.64,38
VTA0077919,2022-11-27,11,2022,C02404,Uriel Javier Cazares Ávalos,Sur,Premium,V022,Bernardo Lemus Caballero,Oeste,P0020,Lenovo ThinkPad X1,Laptops,24944.1,4.0,0.03,96783.11,42
VTA0077920,2022-11-23,11,2022,C01133,Abril Ojeda Gollum,Este,Premium,V039,Sr. Modesto Guillen,Oeste,P0046,JBL Flip 6,Audio,2361.49,5.0,0.0,11807.45,40
VTA0077921,2022-11-01,11,2022,C03603,Mariano Manuel Batista,Centro,REGULAR,V046,Hermelinda Josefina Rodarte Bahena,Norte,P0029,HP Pavilion 15,Laptops,8243.28,3.0,0.03,23987.94,24
VTA0077922,2022-11-07,11,2022,C01464,Ing. Aurora Olivera,Oeste,Ocasional,V047,  Estela Bianca Melgar Arias  ,Oeste,P0102,GoPro Hero 12,gaming,26419.68,5.0,0.16,110962.66,45
VTA0077923,28/11/2022,11,2022,C02664,Benito Montoya Estrada,Este,Premium,V005,Aldo Adán Rodrígez Galarza,Este,P0102,GoPro Hero 12,Fotografía,27281.72,4.0,0.19,88392.77,45
VTA0077924,2022-11-24,11,2022,C01518,Abraham Jesús Medrano,Este,Ocasional,V025,Manuel Gerónimo Armas,Sur,P0004,Google Pixel 8,Celulares,4929.0,1.0,0.09,4485.39,34
VTA0077925,2022-11-06,11,2022,C03448,Sr. Jacobo Hinojosa,Este,Premium,V011,Clara Loera,Este,P0002,Samsung Galaxy S24,Celulares,7795.64,3.0,0.09,21282.1,19
VTA0077926,2022-11-21,11,2022,C04900,Sessa Rosario Almaraz,Este,ocasional,V028,Sofía Delia Gurule Cantú,Centro,P0005,OnePlus 12,Celulares,5407.93,2.0,0.06,10166.91,40
VTA0077927,2022-11-24,11,2022,C00426,Dra. Victoria Terán,Oeste,Ocasional,V007,Conchita Leticia Gastélum Corral,Oeste,P0010,Huawei Pura 70,hogar inteligente,10646.72,1.0,0.15,9049.71,27
VTA0077928,12/11/2022,11,2022,C03538,Luis Zelaya Verdugo,Centro,Premium,V048,Ivonne Véliz,Centro,P0044,Anker Q45,Audio,7279.82,4.0,0.05,27663.32,23
VTA0077929,12/11/2022,11,2022,C02493,Lic. César Garrido,Este,ocasional,V049,Ing. María Teresa Bétancourt,Este,P0127,Router WiFi 6 Mesh,Hogar Inteligente,4990.2,2.0,0.04,9581.18,44
VTA0077930,2022-11-06,11,2022,C00194,,Oeste,Premium,V030,Gustavo Camilo Ochoa Gamboa,Oeste,P0041,Bang Olufsen H95,Audio,6387.58,1.0,0.17,5301.69,20
VTA0077931,2022-11-16,11,2022,C02240,Karina Botello,Este,Regular,V010,Sra. Guadalupe Llamas,Este,P0064,Limpiador Pantallas Kit,Accesorios,1376.12,1.0,0.01,1362.36,44
VTA0077932,2022-11-02,11,2022,C01052,Víctor Espartaco Palomo,Este,REGULAR,V049,Ing. María Teresa Bétancourt,Este,P0114,Google Nest Hub 2,Hogar Inteligente,5701.72,4.0,0.15,19385.85,45
VTA0077933,2022-11-22,11,2022,C02131,Darío Eric Valdez Serrano,Norte,Ocasional,V029,Francisco Ballesteros,Norte,P0023,Microsoft Surface Pro 9,celulares,29892.68,2.0,0.01,59187.51,27
VTA0077934,2022-11-26,11,2022,C02211,  Berta Loera Mondragón  ,Este,Regular,V049,Ing. María Teresa Bétancourt,Este,P0019,HP Spectre x360,Laptops,39453.28,3.0,0.01,117176.24,26
VTA0077935,2022-11-04,11,2022,C04727,Julio César Quiroz,Norte,Ocasional,V002,Nelly Marrero Ortiz,Norte,P0046,JBL Flip 6,Audio,2353.22,5.0,0.08,10824.81,40
VTA0077936,2022-11-08,11,2022,C02838,  Elias Porfirio Contreras  ,Sur,Premium,V019,Jacinto Rodrigo Salazar Rolón,Sur,P0019,HP Spectre x360,Laptops,39404.12,1.0,0.15,33493.5,26
VTA0077937,2022-11-25,11,2022,C01673,Catalina Cabrera Castellanos,Este,Ocasional,V032,Nelly Barela Cardenas,Este,P0068,Lenovo Tab P12,Tablets,14208.55,1.0,0.14,12219.35,21
VTA0077938,2022-11-05,11,2022,C01583,  Estela Casillas Sauceda  ,Sur,Regular,V006,  Dr. Evelio Murillo  ,Sur,P0059,Audífonos USB-C,Accesorios,1604.35,4.0,0.05,6096.53,43
VTA0077939,2022-11-21,11,2022,C04084,Lic. Víctor Escobar,Oeste,ocasional,V001,Fernando Casares Jimínez,Oeste,P0059,Audífonos USB-C,Accesorios,1651.36,3.0,0.01,4904.54,43
VTA0077940,2022-11-07,11,2022,C01474,Sergio Esparza,Centro,Regular,V004,Aurora Zelaya,Norte,P0124,Sensor Movimiento Aqara,Hogar Inteligente,7072.62,3.0,0.09,19308.25,35
VTA0077941,2022-11-03,11,2022,C03952,Dra. Camila Carranza,Centro,Ocasional,V037,Victoria Caridad Concepción,Centro,P0089,Mouse Logitech G Pro X,Gaming,7331.23,3.0,0.1,19794.32,45
VTA0077942,2022-11-21,11,2022,C00331,Víctor Augusto Gil Cervantes,Sur,Premium,V029,Francisco Ballesteros,Norte,P0095,SSD Samsung 980 Pro,Gaming,2881.31,4.0,0.0,11525.24,28
VTA0077943,2022-11-02,11,2022,C04027,Lic. Magdalena Nieves,Centro,Ocasional,V037,Victoria Caridad Concepción,Centro,P0035,Bose QC45,hogar inteligente,2899.9,5.0,0.14,12469.57,19
VTA0077944,2022-11-01,11,2022,C03696,Ing. Margarita Ulloa,Este,Regular,V011,Clara Loera,Este,P0049,Cargador MagSafe 30W,Accesorios,931.54,1.0,0.19,754.55,37
VTA0077945,2022-11-15,11,2022,C03463,Margarita Bravo Flores,Este,Ocacional,V032,Nelly Barela Cardenas,Este,P0100,Fujifilm X-T5,Fotografía,15828.23,2.0,0.05,30073.64,42
VTA0077946,2022-11-03,11,2022,C00590,  Karla Estévez Mata  ,Este,Regular,V010,Sra. Guadalupe Llamas,Este,P0063,Pad Mouse XL Gaming,Accesorios,2022.88,3.0,0.18,4976.28,42
VTA0077947,2022-11-01,11,2022,C04328,Irma Olga Vallejo,Centro,ocasional,V019,Jacinto Rodrigo Salazar Rolón,Sur,P0102,GoPro Hero 12,Fotografía,28326.29,2.0,0.2,45322.06,45
VTA0077948,2022-11-23,11,2022,C04664,  Gabino Galván  ,Centro,Premium,V017,Abraham Apodaca Colunga,Centro,P0015,Nokia G42,Celulares,21140.37,1.0,0.15,17969.31,26
VTA0077949,2022-11-16,11,2022,C02144,Julia Andrea Olivárez Quezada,Centro,Ocacional,V041,Srita. Nadia Casas,Centro,P0053,Hub USB-C 7en1,Accesorios,463.26,2.0,0.09,843.13,20
VTA0077950,2022-11-11,11,2022,C00451,Sr. Gilberto Munguía,Este,Ocasional,V025,Manuel Gerónimo Armas,Sur,P0041,Bang Olufsen H95,Audio,5865.72,4.0,0.18,19239.56,20
VTA0077951,2022-11-20,11,2022,C04513,Ing. Aldo Rincón,Oeste,Regular,V027,Claudio Andrés Gómez Sosa,Sur,P0090,Control Xbox Elite 2, Accesorios,24801.54,5.0,0.16,104166.47,40
VTA0077952,2022-11-28,11,2022,C03905,  Rafaél José Carlos Santiago  ,Oeste,Regular,V040,Karla Silvia Mireles Patiño,Oeste,P0070,Amazon Fire HD 10,Tablets,18861.46,3.0,0.01,56018.54,33
VTA0077953,2022-11-29,11,2022,C00074,Srita. Sonia Gonzales,Centro,Ocasional,V031,  Bernabé César Salazar  ,Centro,P0118,Termostato Nest 3,Hogar Inteligente,1574.96,3.0,0.02,4630.38,30
VTA0077954,2022-11-15,11,2022,C03074,Cristina Aguilera Elizondo,Oeste,Premium,V041,Srita. Nadia Casas,Centro,P0115,Apple HomePod Mini,Hogar Inteligente,7045.43,5.0,0.09,32056.71,46
VTA0077955,2022-11-08,11,2022,C04261,  Úrsula Velásquez  ,Norte,Regular,V016,Octavio Mario Rincón Marín,Norte,P0011,iPhone 14,Celulares,9191.38,4.0,0.08,33824.28,43
VTA0077956,2022-11-28,11,2022,C02141,Arturo Santiago Ocampo,Sur,Regular,V024,Bernabé Guerra,Sur,P0040,Jabra Elite 85h,Audio,3055.55,4.0,0.14,10511.09,38
VTA0077957,2022-11-23,11,2022,C04427,Florencia Tejada,Este,Premiun,V049,Ing. María Teresa Bétancourt,Este,P0075,Samsung Galaxy Tab A9,Tablets,18959.4,5.0,0.05,90057.15,35
VTA0077958,2022-11-18,11,2022,C02072,Jos Juan Téllez,Sur,Regular,V012,Rubén Marco Antonio Orta Ramos,Sur,P0112,Estabilizador DJI OM6,Fotografía,17147.62,2.0,0.19,27779.14,33
VTA0077959,2022-11-03,11,2022,C03408,Germán Amador Salinas,Oeste,Ocasional,V022,Bernardo Lemus Caballero,Oeste,P0103,Lente Canon RF 50mm,Fotografía,15915.34,4.0,0.16,53475.54,31
VTA0077960,2022-11-15,11,2022,C03109,Srita. Leonor Esparza,Este,Premium,V032,Nelly Barela Cardenas,Este,P0105,Tripié Joby GorillaPod,Fotografía,10878.15,1.0,0.09,9899.12,41
VTA0077961,2022-11-16,11,2022,C02134,Guillermo Francisco Pérez,Norte,Premium,V042,  Srita. Sandra Escamilla  ,Norte,P0018,Dell XPS 15,Laptops,39640.7,3.0,0.0,118922.1,40
VTA0077962,2022-11-08,11,2022,C01732,Srita. Nelly Suárez,Este,Premium,V011,Clara Loera,Este,P0075,Samsung Galaxy Tab A9,Tablets,19242.7,4.0,0.07,71582.84,35
VTA0077963,01/11/2022,11,2022,C01437,Evelio Jorge Luis Garay Segura,Sur,Premium,V031,  Bernabé César Salazar  ,Centro,P0122,Aspiradora Dyson V15,Hogar Inteligente,3106.91,1.0,0.13,2703.01,28
VTA0077964,2022-11-08,11,2022,C01168,Sr. Gregorio Merino,Oeste,Regular,V039,Sr. Modesto Guillen,Oeste,P0105,Tripié Joby GorillaPod,Fotografía,9149.5,4.0,0.18,30010.36,41
VTA0077965,2022-11-12,11,2022,C01204,Cristobal Sosa del Valle,Centro,Ocasional,V037,Victoria Caridad Concepción,Centro,P0004,Google Pixel 8,Celulares,5719.97,3.0,0.06,16130.32,34
VTA0077966,2022-11-02,11,2022,C02789,Martín Óliver Suárez,Centro,Premium,V041,Srita. Nadia Casas,Centro,P0039,Sennheiser HD 450,Audio,1074.89,2.0,0.19,1741.32,24
VTA0077967,20/11/2022,11,2022,C01432,Ana Asunción Rosales Alcaraz,Centro,Premiun,V037,Victoria Caridad Concepción,Centro,P0035,Bose QC45,audio ,2595.77,5.0,0.16,10902.23,19
VTA0077968,2022-11-18,11,2022,C02164,José Manuél Roque Farías,Este,Regular,V049,Ing. María Teresa Bétancourt,Este,P0116,Foco Philips Hue,Hogar Inteligente,4314.69,3.0,0.16,10873.02,44
VTA0077969,15/11/2022,11,2022,C03516,Indira Karla Vela Nieves,Centro,Premium,V028,Sofía Delia Gurule Cantú,Centro,P0010,Huawei Pura 70,Celulares,9662.13,5.0,0.1,43479.58,27
VTA0077970,2022-11-08,11,2022,C04733,Lic. Susana Fuentes,Este,ocasional,V005,Aldo Adán Rodrígez Galarza,Este,P0058,Mochila Techpack 30L,Accesorios,797.73,5.0,0.08,3669.56,23
VTA0077971,2022-11-03,11,2022,C02187,Francisca Rodríguez,Este,Regular,V005,Aldo Adán Rodrígez Galarza,Este,P0078,Chuwi HiPad X,Tablets,12934.95,2.0,0.14,22248.11,20
VTA0077972,24/11/2022,11,2022,C00415,Alejandro Briseño,Este,Regular,V010,Sra. Guadalupe Llamas,Este,P0084,Steam Deck 512GB,Gaming,12336.85,3.0,0.11,32939.39,26
VTA0077973,18/11/2022,11,2022,C01031,Lic. Claudia Granado,Sur,Premium,V025,Manuel Gerónimo Armas,Sur,P0002,Samsung Galaxy S24,Celulares,7718.88,2.0,0.06,14511.49,19
VTA0077974,2022-11-28,11,2022,C03884,Angélica Segura Franco,Este,Ocasional,V032,Nelly Barela Cardenas,Este,P0110,Reflector 5en1 80cm,Fotografía,15399.47,4.0,0.09,56054.07,26
VTA0077975,2022-11-01,11,2022,C03058,Aldo Ramón Treviño,Oeste,Premium,V007,Conchita Leticia Gastélum Corral,Oeste,P0123,Cerradura Yale Smart,Hogar Inteligente,8199.44,3.0,0.1,22138.49,29
VTA0077976,2022-11-02,11,2022,C02280,Lic. Concepción de Jesús,Sur,Ocasional,V018,Lic. Gilberto Castellanos,Sur,P0072,Huawei MatePad Pro,Tablets,18563.55,4.0,0.1,66828.78,43
VTA0077977,2022-11-11,11,2022,C00236,Vanesa Burgos,Sur,Premium,V013,Alvaro Gaona Ocasio,Sur,P0074,iPad Mini 6,gaming,19794.91,1.0,0.02,-19399.01,31
VTA0077978,23/11/2022,11,2022,C03133,Ing. Elsa Zúñiga,Sur,Premium,V025,Manuel Gerónimo Armas,Sur,P0094,RAM Corsair 32GB,fotografia,16301.07,1.0,0.11,14507.95,26
VTA0077979,2022-11-18,11,2022,C02872,Abigail Irma Gaona,Norte,Ocasional,V009,Amanda María José Bravo,Norte,P0042,Audio Technica ATH,hogar inteligente,6730.52,1.0,0.15,5720.94,31
VTA0077980,2022-11-18,11,2022,C04243,Sr. Felix Cordero,Este,REGULAR,V038,Violeta Itzel Benavídez,Oeste,P0097,Canon EOS R6 Mark II,Fotografía,34378.13,1.0,0.01,34034.35,38
VTA0077981,2022-11-20,11,2022,C04991,Jerónimo Jorge Luis Villalpando Lucero,Centro,Ocasional,V028,Sofía Delia Gurule Cantú,Centro,P0087,Headset HyperX Cloud III,Gaming,1975.25,3.0,0.15,5036.89,38
VTA0077982,2022-11-22,11,2022,C03348,Trinidad Peres Herrera,Norte,Premium,V046,Hermelinda Josefina Rodarte Bahena,Norte,P0054,Mouse Logitech MX Master,Accesorios,1418.26,4.0,0.16,4765.35,25
VTA0077983,2022-11-10,11,2022,C01007,Israel Manuel Rascón Barreto,Oeste,Ocasional,V007,Conchita Leticia Gastélum Corral,Oeste,P0041,Bang Olufsen H95,Audio,6362.14,5.0,0.16,26720.99,20
VTA0077984,2022-11-16,11,2022,C00344,Anabel Arcelia Abrego,Centro,Premium,V028,Sofía Delia Gurule Cantú,Centro,P0089,Mouse Logitech G Pro X,Gaming,7444.28,1.0,0.03,7220.95,45
VTA0077985,2022-11-08,11,2022,C04221,Esperanza Tejada de León,Oeste,REGULAR,V047,  Estela Bianca Melgar Arias  ,Oeste,P0011,iPhone 14,Celulares,9039.18,4.0,0.18,-29648.51,43
VTA0077986,2022-11-22,11,2022,C02550,Jacobo Esteban Aparicio,Este,Ocasional,V032,Nelly Barela Cardenas,Este,P0009,Sony Xperia 1 VI,Celulares,25415.11,1.0,0.15,21602.84,24
VTA0077987,2022-11-04,11,2022,C03725,Sr. Gabino Menéndez,Sur,Premiun,V008,Irene Franco,Sur,P0040,Jabra Elite 85h,Audio,3099.12,2.0,0.1,5578.42,38
VTA0077988,2022-11-13,11,2022,C01028,Socorro Aguilar Alvarado,Norte,Premium,V039,Sr. Modesto Guillen,Oeste,P0034,AirPods Pro 2,Audio,1261.23,1.0,0.14,1084.66,27
VTA0077989,2022-11-16,11,2022,C04017,Joaquín Teodoro Robledo Ríos,Norte,Regular,V004,Aurora Zelaya,Norte,P0111,Monitor Portátil 4K,Fotografía,6268.31,3.0,0.09,17112.49,41
VTA0077990,2022-11-09,11,2022,C02003,Catalina Jaqueline Esparza Anaya,Sur,Premiun,V004,Aurora Zelaya,Norte,P0084,Steam Deck 512GB,Gaming,13018.41,1.0,0.17,10805.28,26
VTA0077991,2022-11-10,11,2022,C03059,Miguel Cornejo Guillen,Norte,Premium,V016,Octavio Mario Rincón Marín,Norte,P0019,HP Spectre x360,Laptops,33589.61,1.0,0.09,30566.55,26
VTA0077992,2022-11-21,11,2022,C04004,Luz Fuentes Prado,Centro,Premium,V003,Jacinto Rivero Valladares,Centro,P0089,Mouse Logitech G Pro X,Gaming,6418.03,4.0,0.14,22078.02,45
VTA0077993,2022-11-08,11,2022,C00040,Gerónimo Pedro Collazo del Río,Este,Regular,V032,Nelly Barela Cardenas,Este,P0109,Filtro ND Variable,tablets,3584.14,3.0,0.14,9247.08,30
VTA0077994,2022-11-09,11,2022,C04181,Wilfrido Alba,Este,Ocasional,V005,Aldo Adán Rodrígez Galarza,Este,P0102,GoPro Hero 12,Fotografía,27927.58,4.0,0.03,108359.01,45
VTA0077995,2022-11-10,11,2022,C00884,Berta Esparta Olivo,Oeste,Ocasional,V001,Fernando Casares Jimínez,Oeste,P0074,iPad Mini 6,Tablets,20573.48,5.0,0.02,100810.05,31
VTA0077996,2022-11-04,11,2022,C04319,Adalberto Raya Becerra,Este,Premium,V032,Nelly Barela Cardenas,Este,P0056,Webcam Logitech C920,Accesorios,1857.25,2.0,0.15,3157.32,43
VTA0077997,2022-11-06,11,2022,C03690,Dalia Tello Gallegos,Sur,Premium,V023,Fidel Negrete Domínguez,Sur,P0128,Panel Solar Portátil,Hogar Inteligente,4050.32,5.0,0.18,16606.31,39
VTA0077998,2022-11-25,11,2022,C02756,  Citlali Valle Tapia  ,Centro,Premium,V042,  Srita. Sandra Escamilla  ,Norte,P0103,Lente Canon RF 50mm,Fotografía,13731.93,1.0,0.06,12908.01,31
VTA0077999,2022-11-12,11,2022,C02610,Dr. Abraham Fuentes,Sur,Regular,V036,  Dr. Ignacio Aparicio  ,Sur,P0055,Teclado Keychron K2,Accesorios,1377.83,1.0,0.11,1226.27,28
VTA0078000,16/11/2022,11,2022,C03053,  Isaac Emilio Zedillo Montes  ,Norte,Regular,V027,Claudio Andrés Gómez Sosa,Sur,P0005,OnePlus 12,Celulares,5842.24,4.0,0.16,19629.93,40
VTA0078001,2022-11-13,11,2022,C02952,Eva Beatriz Ríos,Norte,Premium,V046,Hermelinda Josefina Rodarte Bahena,Norte,P0071,ASUS Zenpad 3S,Tablets,13864.18,2.0,0.06,26064.66,20
VTA0078002,2022-11-20,11,2022,C00290,Joaquín Escalante Lara,Norte,Premium,V009,Amanda María José Bravo,Norte,P0043,Sony WF-1000XM5,Audio,4537.21,5.0,0.09,20644.31,25
VTA0078003,2022-11-08,11,2022,C01221,Sofía Alonso Almanza,Sur,Regular,V008,Irene Franco,Sur,P0107,Tarjeta SD SanDisk 256,Fotografía,9969.9,2.0,0.08,18344.62,27
VTA0078004,02/11/2022,11,2022,C00420,  Lic. Victoria Tejada  ,Sur,Ocasional,V027,Claudio Andrés Gómez Sosa,Sur,P0018,Dell XPS 15,Laptops,37457.74,3.0,0.17,93269.77,40
VTA0078005,2022-11-28,11,2022,C01015,Dr. Benito Manzanares,Sur,Regular,V006,  Dr. Evelio Murillo  ,Sur,P0010,Huawei Pura 70,LAPTOPS,10798.85,4.0,0.15,36716.09,27
VTA0078006,2022-11-14,11,2022,C00160,Gregorio Óscar Roque,Sur,Premium,V024,Bernabé Guerra,Sur,P0006,Motorola Edge 50,Celulares,9027.9,1.0,0.08,8305.67,32
VTA0078007,16/11/2022,11,2022,C00392,Abigail Estefanía Villalpando Haro,Sur,premiun,V025,Manuel Gerónimo Armas,Sur,P0008,OPPO Find X7,Celulares,22345.08,2.0,0.19,36199.03,26
VTA0078008,2022-11-28,11,2022,C01106,Sr. Jos Serna,Centro,Premiun,V037,Victoria Caridad Concepción,Centro,P0105,Tripié Joby GorillaPod,Fotografía,10493.57,2.0,0.06,19727.91,41
VTA0078009,2022-11-28,11,2022,C01801,Sr. Manuel Caldera,Norte,Regular,V015,Joaquín Benavides Meza,Norte,P0121,Roomba j7 Plus,Hogar Inteligente,6578.72,5.0,0.01,32564.66,38
VTA0078010,2022-11-05,11,2022,C02944,Horacio Federico Villarreal Vela,Oeste,Premium,V050,José María Gustavo Beltrán,Oeste,P0082,Xbox Series X,Gaming,11851.84,5.0,0.07,55111.06,30
VTA0078011,2022-11-25,11,2022,C03944,Héctor Marco Antonio Llamas Ocampo,Sur,ocasional,V027,Claudio Andrés Gómez Sosa,Sur,P0091,Capturadora Elgato 4K,Gaming,1668.2,4.0,0.06,6272.43,25
VTA0078012,2022-11-08,11,2022,C00224,Alejandro Cristobal Villagómez,Oeste,Ocasional,V001,Fernando Casares Jimínez,Oeste,P0070,Amazon Fire HD 10,Tablets,17293.98,1.0,0.17,14354.0,33
VTA0078013,2022-11-04,11,2022,C02945,Frida Alba Aragón,Centro,Ocasional,V013,Alvaro Gaona Ocasio,Sur,P0097,Canon EOS R6 Mark II,Fotografía,29133.92,1.0,0.07,27094.55,38
VTA0078014,2022-11-19,11,2022,C04335,Ing. Marcos Leyva,Centro,Regular,V044,Julia Esther Solorio,Centro,P0072,Huawei MatePad Pro,Tablets,18726.48,5.0,0.05,88950.78,43
VTA0078015,2022-11-18,11,2022,C02350,Ángela Rincón,Sur,Premiun,V023,Fidel Negrete Domínguez,Sur,P0037,JBL Charge 5,Audio,7351.93,4.0,0.16,24702.48,21
VTA0078016,2022-11-12,11,2022,C03136,Lic. Inés Jaime,Sur,REGULAR,V013,Alvaro Gaona Ocasio,Sur,P0011,iPhone 14,Celulares,9843.23,4.0,0.19,31892.07,43
VTA0078017,2022-11-22,11,2022,C02055,Estefanía Yeni Prieto,Este,Ocasional,V032,Nelly Barela Cardenas,Este,P0024,LG Gram 17,Laptops,40055.05,1.0,0.18,32845.14,26
VTA0078018,17/11/2022,11,2022,C02360,Daniela Leticia Elizondo Linares,Norte,Ocasional,V015,Joaquín Benavides Meza,Norte,P0104,Flash Godox V1,Fotografía,14590.82,3.0,0.13,38082.04,40
VTA0078019,2022-11-23,11,2022,C04156,  Julia Mota  ,Norte,Premiun,V002,Nelly Marrero Ortiz,Norte,P0104,Flash Godox V1,Fotografía,14996.52,4.0,0.06,56386.92,40
VTA0078020,2022-11-07,11,2022,C03311,Estefanía Maldonado Alfaro,Este,Regular,V032,Nelly Barela Cardenas,Este,P0080,Honor Pad 8,Tablets,9902.56,1.0,0.04,9506.46,19
VTA0078021,2022-11-11,11,2022,C03139,Sessa Urbina Gonzales,Oeste,ocasional,V030,Gustavo Camilo Ochoa Gamboa,Oeste,P0075,Samsung Galaxy Tab A9,Tablets,19444.12,5.0,0.0,97220.6,35
VTA0078022,2022-11-11,11,2022,C00326,Noelia Ilse Zaragoza Henríquez,Centro,Premium,V003,Jacinto Rivero Valladares,Centro,P0066,Samsung Galaxy Tab S9,Tablets,13417.59,3.0,0.11,35824.97,24
VTA0078023,2022-11-13,11,2022,C02371,Minerva Gloria Pelayo,Oeste,Regular,V012,Rubén Marco Antonio Orta Ramos,Sur,P0023,Microsoft Surface Pro 9,Laptops,31815.45,5.0,0.16,133624.89,27
VTA0078024,2022-11-17,11,2022,C00722,Violeta Cynthia Delgado,Centro,REGULAR,V041,Srita. Nadia Casas,Centro,P0088,Teclado Razer Huntsman,Gaming,24194.76,3.0,0.02,71132.59,44
VTA0078025,2022-11-24,11,2022,C04500,Armando Iván Bañuelos Perea,Sur,Regular,V021,  Cristal Valdés Maya  ,Sur,P0001,iPhone 15 Pro,Celulares,19927.53,1.0,0.01,19728.25,37
VTA0078026,18/11/2022,11,2022,C03725,Sr. Gabino Menéndez,Sur,Premiun,V019,Jacinto Rodrigo Salazar Rolón,Sur,P0007,Realme GT5,Celulares,19069.24,1.0,0.19,-15446.08,39
VTA0078027,2022-11-28,11,2022,C00227,José Delgado Cardona,Este,Premium,V005,Aldo Adán Rodrígez Galarza,Este,P0068,Lenovo Tab P12,Tablets,15605.17,4.0,0.01,61796.47,21
VTA0078028,2022-11-11,11,2022,C03190,Mateo Ceballos Beltrán,Oeste,Regular,V047,  Estela Bianca Melgar Arias  ,Oeste,P0088,Teclado Razer Huntsman,Gaming,22324.29,1.0,0.07,20761.59,44
VTA0078029,2022-11-08,11,2022,C04008,Felix Alejandro Hernandes Angulo,Sur,Ocasional,V042,  Srita. Sandra Escamilla  ,Norte,P0008,OPPO Find X7,Celulares,19563.53,3.0,0.11,52234.63,26
VTA0078030,2022-11-26,11,2022,C02865,Dolores Wendolin Madrigal,Este,REGULAR,V005,Aldo Adán Rodrígez Galarza,Este,P0061,Batería Portátil 20000,LAPTOPS,1695.69,2.0,0.16,-2848.76,32
VTA0078031,2022-11-21,11,2022,C03440,Concepción Carmen Mares,Norte,Ocasional,V015,Joaquín Benavides Meza,Norte,P0022,Acer Swift 5,LAPTOPS,35382.87,2.0,0.0,70765.74,41
VTA0078032,2022-11-08,11,2022,C00438,Dra. Gloria Crespo,Sur,Ocasional,V005,Aldo Adán Rodrígez Galarza,Este,P0064,Limpiador Pantallas Kit,Accesorios,1450.25,1.0,0.17,1203.71,44
VTA0078033,2022-11-22,11,2022,C00031,Sr. José María Arguello,Este,Regular,V011,Clara Loera,Este,P0100,Fujifilm X-T5,Fotografía,15225.31,5.0,0.16,63946.3,42
VTA0078034,2022-11-25,11,2022,C04978,Débora Rosario Menéndez Barrientos,Centro,Ocasional,V003,Jacinto Rivero Valladares,Centro,P0084,Steam Deck 512GB,celulares,12103.52,5.0,0.11,53860.66,26
VTA0078035,2022-11-21,11,2022,C01209,Sra. Dolores Perea,Centro,Regular,V003,Jacinto Rivero Valladares,Centro,P0020,Lenovo ThinkPad X1,hogar inteligente,26373.35,4.0,0.06,99163.8,42
VTA0078036,2022-11-20,11,2022,C04293,Ing. Diego Castellanos,Centro,Regular,V037,Victoria Caridad Concepción,Centro,P0114,Google Nest Hub 2,Hogar Inteligente,5018.47,3.0,0.18,12345.44,45
VTA0078037,2022-11-06,11,2022,C01298,Elisa Mitzy Alvarado,Norte,Ocasional,V042,  Srita. Sandra Escamilla  ,Norte,P0076,TCL Tab 10,Tablets,18346.65,2.0,0.18,30088.51,24
VTA0078038,2022-11-20,11,2022,C00912,Dra. Emilia Batista,Sur,Ocasional,V023,Fidel Negrete Domínguez,Sur,P0042,Audio Technica ATH,Audio,6817.36,4.0,0.04,26178.66,31
VTA0078039,2022-11-07,11,2022,C03001,Jorge Echeverría,Norte,Premium,V043,Homero Esquivel,Norte,P0092,Micrófono Blue Yeti,Gaming,14523.25,2.0,0.05,27594.18,47
VTA0078040,2022-11-21,11,2022,C01627,Srita. Ilse Verduzco,Oeste,Premiun,V040,Karla Silvia Mireles Patiño,Oeste,P0108,Batería Canon LP-E6,Fotografía,17580.72,4.0,0.19,56961.53,32
VTA0078041,2022-11-14,11,2022,C04685,Lic. Fidel Saldivar,Este,Regular,V049,Ing. María Teresa Bétancourt,Este,P0080,Honor Pad 8,Tablets,9737.39,3.0,0.17,24246.1,19
VTA0078042,2022-11-15,11,2022,C03925,Gabriel Carrasco Guillen,Centro,Ocasional,V044,Julia Esther Solorio,Centro,P0074,iPad Mini 6,Tablets,20043.95,3.0,0.14,51713.39,31
VTA0078043,2022-11-29,11,2022,C04059,Lic. Aurora Oquendo,Norte,Ocasional,V016,Octavio Mario Rincón Marín,Norte,P0077,Blackview Tab 16,Tablets,9593.11,4.0,0.09,34918.92,21
VTA0078044,09/11/2022,11,2022,C01598,Dr. David Arias,Sur,Premium,V012,Rubén Marco Antonio Orta Ramos,Sur,P0027,MacBook Air M2,Laptops,33112.37,1.0,0.19,26821.02,24
VTA0078045,2022-11-13,11,2022,C04351,  Ofelia Lovato Anguiano  ,Sur,Premium,V024,Bernabé Guerra,Sur,P0005,OnePlus 12,Celulares,5472.34,5.0,0.0,27361.7,40
VTA0078046,2022-11-16,11,2022,C03006,Fernando Fernando Ornelas,Sur,Ocasional,V012,Rubén Marco Antonio Orta Ramos,Sur,P0039,Sennheiser HD 450,Audio,1071.65,3.0,0.14,2764.86,24
VTA0078047,2022-11-28,11,2022,C04489,Ing. Martín Laboy,Norte,Ocacional,V029,Francisco Ballesteros,Norte,P0123,Cerradura Yale Smart,Hogar Inteligente,9240.63,4.0,0.03,35853.64,29
VTA0078048,2022-11-18,11,2022,C01701,Verónica María del Carmen Camacho,Oeste,Ocasional,V047,  Estela Bianca Melgar Arias  ,Oeste,P0048,Skullcandy Crusher,Audio,3605.97,3.0,0.07,-10060.66,44
VTA0078049,2022-11-01,11,2022,C03651,Ing. Eva Casanova,Sur,Regular,V008,Irene Franco,Sur,P0018,Dell XPS 15,Laptops,41620.87,2.0,0.13,72420.31,40
VTA0078050,2022-11-14,11,2022,C03558,Sra. Abigail Beltrán,Centro,Regular,V048,Ivonne Véliz,Centro,P0095,SSD Samsung 980 Pro,Gaming,2956.89,4.0,0.11,10526.53,28
VTA0078051,29/11/2022,11,2022,C02134,Guillermo Francisco Pérez,Norte,Premium,V016,Octavio Mario Rincón Marín,Norte,P0113,Alexa Echo Dot 5,celulares,10380.8,4.0,0.01,41107.97,20
VTA0078052,2022-11-01,11,2022,C03165,Martín Bueno,Oeste,REGULAR,V030,Gustavo Camilo Ochoa Gamboa,Oeste,P0120,Timbre Ring Video Pro,Hogar Inteligente,7407.7,1.0,0.06,6963.24,21
VTA0078053,2022-11-24,11,2022,C03514,Dr. Jacinto Mota,Este,Premium,V005,Aldo Adán Rodrígez Galarza,Este,P0048,Skullcandy Crusher,Audio,3766.0,1.0,0.2,3012.8,44
VTA0078054,2022-11-22,11,2022,C00923,Mercedes Ochoa Santiago,Centro,Premium,V028,Sofía Delia Gurule Cantú,Centro,P0094,RAM Corsair 32GB,Gaming,18908.8,2.0,0.04,36304.9,26
VTA0078055,28/11/2022,11,2022,C00465,Sr. Wilfrido Olivárez,Centro,Premium,V044,Julia Esther Solorio,Centro,P0049,Cargador MagSafe 30W,Accesorios,1015.57,5.0,0.1,4570.07,37
VTA0078056,2022-11-09,11,2022,C04295,Samuel Gerónimo Barrientos de la Crúz,Oeste,Regular,V035,Estela Haro,Oeste,P0019,HP Spectre x360,fotografia,37714.02,5.0,0.07,175370.19,26
VTA0078057,2022-11-13,11,2022,C02353,Judith Florencia Pérez Carrasco,Centro,Premiun,V050,José María Gustavo Beltrán,Oeste,P0116,Foco Philips Hue,audio ,4443.43,2.0,0.01,8797.99,44
VTA0078058,2022-11-03,11,2022,C03071,Diana Rebeca Alfaro Bétancourt,Oeste,Ocacional,V050,José María Gustavo Beltrán,Oeste,P0127,Router WiFi 6 Mesh,Hogar Inteligente,4872.18,3.0,0.08,13447.22,44
VTA0078059,26/11/2022,11,2022,C02148,Cristal Karla Villaseñor Saldaña,Norte,Regular,V009,Amanda María José Bravo,Norte,P0064,Limpiador Pantallas Kit,Accesorios,1482.15,3.0,0.03,4313.06,44
VTA0078060,2022-11-13,11,2022,C02959,Ing. Linda Alvarez,Centro,ocasional,V044,Julia Esther Solorio,Centro,P0082,Xbox Series X,Gaming,12038.23,5.0,0.12,52968.21,30
VTA0078061,2022-11-02,11,2022,C03648,Srita. Inés Díaz,Oeste,Ocasional,V036,  Dr. Ignacio Aparicio  ,Sur,P0003,Xiaomi 14 Pro,Celulares,23629.0,4.0,0.09,86009.56,36
VTA0078062,2022-11-06,11,2022,C04867,  Israel Raúl Matías  ,Centro,Ocasional,V028,Sofía Delia Gurule Cantú,Centro,P0087,Headset HyperX Cloud III,Gaming,2192.86,5.0,0.19,8881.08,38
VTA0078063,2022-11-23,11,2022,C00260,Sr. Miguel Ángel Olivares,Norte,REGULAR,V016,Octavio Mario Rincón Marín,Norte,P0010,Huawei Pura 70,Celulares,10669.37,3.0,0.02,31367.95,27
VTA0078064,06/11/2022,11,2022,C00832,Gregorio Humberto Romero,Sur,Regular,V027,Claudio Andrés Gómez Sosa,Sur,P0044,Anker Q45,gaming,7115.74,4.0,0.19,23055.0,23
VTA0078065,2022-11-12,11,2022,C04782,María Cristina Peña,Oeste,Premium,V035,Estela Haro,Oeste,P0005,OnePlus 12,Celulares,5172.59,1.0,0.08,4758.78,40
VTA0078066,19/11/2022,11,2022,C03990,Abraham Eugenio Rivera Jiménez,Norte,Premium,V029,Francisco Ballesteros,Norte,P0068,Lenovo Tab P12,Tablets,14932.05,1.0,0.09,-13588.17,21
VTA0078067,2022-11-05,11,2022,C01654,Sra. Esparta Godoy,Norte,Ocasional,V042,  Srita. Sandra Escamilla  ,Norte,P0089,Mouse Logitech G Pro X,Gaming,6754.98,3.0,0.16,17022.55,45
VTA0078068,2022-11-29,11,2022,C02262,Mauro Luis Vanegas,Oeste,Premium,V007,Conchita Leticia Gastélum Corral,Oeste,P0059,Audífonos USB-C,Accesorios,1577.85,4.0,0.09,5743.37,43
VTA0078069,2022-11-23,11,2022,C03351,Miguel Jonás Murillo Montero,Norte,Regular,V046,Hermelinda Josefina Rodarte Bahena,Norte,P0119,Enchufe Inteligente TP,Hogar Inteligente,5241.04,4.0,0.06,19706.31,27
VTA0078070,2022-11-16,11,2022,C04040,Ing. Úrsula Becerra,Norte,Regular,V016,Octavio Mario Rincón Marín,Norte,P0073,Microsoft Surface Go 3,Tablets,12074.61,3.0,0.19,29341.3,22
VTA0078071,2022-11-17,11,2022,C03032,Lic. Ignacio Menéndez,Sur,Ocasional,V018,Lic. Gilberto Castellanos,Sur,P0115,Apple HomePod Mini,Hogar Inteligente,7131.33,1.0,0.18,5847.69,46
VTA0078072,2022-11-02,11,2022,C03799,Abril Eva Cotto,Este,premiun,V049,Ing. María Teresa Bétancourt,Este,P0102,GoPro Hero 12,Fotografía,26620.46,4.0,0.14,91574.38,45
VTA0078073,2022-11-08,11,2022,C00624,Óscar Jacinto Negrón Henríquez,Norte,Ocasional,V042,  Srita. Sandra Escamilla  ,Norte,P0082,Xbox Series X,Gaming,11502.38,1.0,0.0,11502.38,30
VTA0078074,17/11/2022,11,2022,C02369,Bernabé Benito Díaz Medina,Norte,Premium,V029,Francisco Ballesteros,Norte,P0027,MacBook Air M2,Laptops,35740.84,5.0,0.06,167981.95,24
VTA0078075,07/11/2022,11,2022,C01972,Amanda Concepción del Valle Ayala,Sur,Regular,V013,Alvaro Gaona Ocasio,Sur,P0002,Samsung Galaxy S24,Celulares,7655.14,5.0,0.09,34830.89,19
VTA0078076,2022-11-15,11,2022,C04594,Fidel Lovato,Oeste,Premium,V001,Fernando Casares Jimínez,Oeste,P0012,Samsung A55,Celulares,18570.0,4.0,0.06,69823.2,36
VTA0078077,2022-11-22,11,2022,C03175,Gerardo Lomeli Verdugo,Oeste,Ocasional,V035,Estela Haro,Oeste,P0039,Sennheiser HD 450,Audio,1155.62,1.0,0.04,1109.4,24
VTA0078078,2022-11-28,11,2022,C03541,Florencia Mireles,Oeste,REGULAR,V026,Ing. Elias Valdivia,Oeste,P0121,Roomba j7 Plus,Hogar Inteligente,6357.46,1.0,0.11,5658.14,38
VTA0078079,2022-11-01,11,2022,C01278,,Sur,Regular,V018,Lic. Gilberto Castellanos,Sur,P0019,HP Spectre x360,Laptops,40084.07,1.0,0.01,39683.23,26
VTA0078080,2022-11-22,11,2022,C03499,Lic. Jos Leal,Centro,Regular,V041,Srita. Nadia Casas,Centro,P0020,Lenovo ThinkPad X1,Laptops,23467.32,5.0,0.05,111469.77,42
VTA0078081,21/11/2022,11,2022,C00166,  José Eduardo Báez Ramón  ,Norte,Ocasional,V006,  Dr. Evelio Murillo  ,Sur,P0070,Amazon Fire HD 10,Tablets,18868.71,5.0,0.1,84909.2,33
VTA0078082,2022-11-18,11,2022,C02684,Ing. Karla Zaragoza,Sur,Premium,V025,Manuel Gerónimo Armas,Sur,P0061,Batería Portátil 20000,Accesorios,1899.3,1.0,0.14,1633.4,32
VTA0078083,2022-11-13,11,2022,C01398,Patricio José María Posada Cuellar,Centro,Ocasional,V033,Jaime Gamez Maldonado,Centro,P0068,Lenovo Tab P12,Tablets,16028.14,2.0,0.17,26606.71,21
VTA0078084,2022-11-11,11,2022,C02159,Margarita Alta  Gracia Toro Botello,Norte,Ocasional,V045,Marisela Vanesa Chapa Aranda,Norte,P0035,Bose QC45,Audio,2808.99,4.0,0.15,9550.57,19
VTA0078085,2022-11-03,11,2022,C04357,Jerónimo Cristian Valladares Armenta,Este,Regular,V011,Clara Loera,Este,P0037,JBL Charge 5,Audio,8257.12,5.0,0.1,37157.04,21
VTA0078086,2022-11-16,11,2022,C04898,Lic. Abigail Bañuelos,Norte,Ocasional,V016,Octavio Mario Rincón Marín,Norte,P0096,Cooling Noctua NH-D15,Gaming,9989.35,5.0,0.14,42954.2,41
VTA0078087,2022-11-24,11,2022,C04293,Ing. Diego Castellanos,Centro,Regular,V044,Julia Esther Solorio,Centro,P0015,Nokia G42,Celulares,21760.27,1.0,0.19,17625.82,26
VTA0078088,2022-11-10,11,2022,C04287,Gilberto Genaro Escobedo,Oeste,Regular,V026,Ing. Elias Valdivia,Oeste,P0105,Tripié Joby GorillaPod,Fotografía,9931.06,1.0,0.2,7944.85,41
VTA0078089,2022-11-10,11,2022,C03698,  Lic. Gloria Navarro  ,Norte,Premium,V004,Aurora Zelaya,Norte,P0015,Nokia G42,Celulares,20909.0,4.0,0.19,67745.16,26
VTA0078090,2022-11-25,11,2022,C01021,Marisela Villalpando,Norte,Ocacional,V046,Hermelinda Josefina Rodarte Bahena,Norte,P0104,Flash Godox V1,Fotografía,15583.77,3.0,0.07,43478.72,40
VTA0078091,2022-11-17,11,2022,C03846,Israel Enrique Herrera,Este,Premium,V003,Jacinto Rivero Valladares,Centro,P0106,Mochila Lowepro Pro,Fotografía,15476.63,4.0,0.06,58192.13,40
VTA0078092,15/11/2022,11,2022,C02853,Armando Abreu Monroy,Centro,Regular,V037,Victoria Caridad Concepción,Centro,P0022,Acer Swift 5,Laptops,31460.62,2.0,0.07,58516.75,41
VTA0078093,11/11/2022,11,2022,C01837,  Maximiliano Enrique Vela Ballesteros  ,Este,Premium,V021,  Cristal Valdés Maya  ,Sur,P0030,Lenovo IdeaPad 5,Laptops,40076.34,4.0,0.09,145877.88,21
VTA0078094,03/11/2022,11,2022,C04298,Esparta Débora Huerta Garibay,Centro,Regular,V037,Victoria Caridad Concepción,Centro,P0085,Monitor LG 27GP950,Gaming,17090.74,5.0,0.0,85453.7,43
VTA0078095,2022-11-06,11,2022,C00875,María Cristina Florencia Figueroa Velasco,Centro,Premium,V003,Jacinto Rivero Valladares,Centro,P0024,LG Gram 17,fotografia,46135.66,5.0,0.13,-200690.12,26
VTA0078096,2022-11-09,11,2022,C01741,Jacinto Valentín,Sur,Ocasional,V012,Rubén Marco Antonio Orta Ramos,Sur,P0097,Canon EOS R6 Mark II,tablets,31337.88,3.0,0.15,79911.59,38
VTA0078097,2022-11-05,11,2022,C00825,Celia Prado,Centro,Premium,V037,Victoria Caridad Concepción,Centro,P0066,Samsung Galaxy Tab S9,Tablets,13451.55,4.0,0.06,50577.83,24
VTA0078098,2022-11-16,11,2022,C00356,Carolina Aldonza Ozuna Caldera,Sur,Ocasional,V025,Manuel Gerónimo Armas,Sur,P0079,Realme Pad 2,fotografia,8413.97,5.0,0.16,35338.67,20
VTA0078099,2022-11-18,11,2022,C04326,Emilio Vega Leyva,Oeste,Regular,V050,José María Gustavo Beltrán,Oeste,P0011,iPhone 14,Celulares,11005.09,5.0,0.13,47872.14,43
VTA0078100,06/11/2022,11,2022,C04108,Lic. Indira Ortiz,Oeste,premiun,V038,Violeta Itzel Benavídez,Oeste,P0033,Sony WH-1000XM5,Audio,7591.03,1.0,0.03,7363.3,25
VTA0078101,2022-11-08,11,2022,C03194,Barbara Villarreal Rodarte,Norte,Regular,V046,Hermelinda Josefina Rodarte Bahena,Norte,P0099,Nikon Z6 III,Fotografía,29434.0,1.0,0.17,24430.22,21
VTA0078102,2022-11-01,11,2022,C00368,Salvador Lucero Otero,Norte,Premium,V014,Ofelia Miriam Negrón,Oeste,P0112,Estabilizador DJI OM6,Fotografía,15216.28,5.0,0.18,62386.75,33
VTA0078103,2022-11-14,11,2022,C03082,Jos Mayorga Iglesias,Este,Ocasional,V014,Ofelia Miriam Negrón,Oeste,P0070,Amazon Fire HD 10,Tablets,18840.23,4.0,0.12,66317.61,33
VTA0078104,2022-11-18,11,2022,C04878,Reynaldo Tafoya,Sur,Ocacional,V018,Lic. Gilberto Castellanos,Sur,P0077,Blackview Tab 16,Tablets,9838.44,4.0,0.01,38960.22,21
VTA0078105,29/11/2022,11,2022,C03483,  Fabiola Carolina Pineda Avilés  ,Sur,Ocasional,V025,Manuel Gerónimo Armas,Sur,P0090,Control Xbox Elite 2,Gaming,29282.58,3.0,0.0,87847.74,40
VTA0078106,2022-11-21,11,2022,C04863,Ana María Graciela Rivero,Norte,Regular,V016,Octavio Mario Rincón Marín,Norte,P0083,Nintendo Switch OLED,LAPTOPS,14245.5,1.0,0.09,12963.4,39
VTA0078107,20/11/2022,11,2022,C01800,Gonzalo Lucio Quintero,Oeste,Ocasional,V001,Fernando Casares Jimínez,Oeste,P0092,Micrófono Blue Yeti,Gaming,14306.5,1.0,0.12,12589.72,47
VTA0078108,13/11/2022,11,2022,C04734,Andrea Cavazos Pabón,Este,Regular,V005,Aldo Adán Rodrígez Galarza,Este,P0036,Samsung Galaxy Buds2,Audio,6701.42,1.0,0.14,5763.22,43
VTA0078109,02/11/2022,11,2022,C00140,Ignacio Amador Camarillo Pantoja,Este,Premium,V046,Hermelinda Josefina Rodarte Bahena,Norte,P0045,Marshall Emberton III,Audio,7734.03,1.0,0.13,6728.61,22
VTA0078110,25/11/2022,11,2022,C01800,Gonzalo Lucio Quintero,Oeste,Ocasional,V030,Gustavo Camilo Ochoa Gamboa,Oeste,P0083,Nintendo Switch OLED,Gaming,15565.39,1.0,0.15,13230.58,39
VTA0078111,2022-11-20,11,2022,C01205,Abraham Claudio Gamez,Norte,Premium,V043,Homero Esquivel,Norte,P0009,Sony Xperia 1 VI,Celulares,21545.02,3.0,0.03,62696.01,24
VTA0078112,2022-11-16,11,2022,C04381,Roberto Alvaro Carranza Laboy,Este,Ocasional,V049,Ing. María Teresa Bétancourt,Este,P0038,Beats Studio Pro,Audio,2231.61,2.0,0.18,3659.84,39
VTA0078113,2022-11-29,11,2022,C02516,Reina Carolina Bañuelos Cortez,Oeste,Premium,V040,Karla Silvia Mireles Patiño,Oeste,P0046,JBL Flip 6,Audio,2234.89,2.0,0.09,4067.5,40
VTA0078114,2022-11-06,11,2022,C00477,Caridad Rolón Lozada,Norte,Regular,V029,Francisco Ballesteros,Norte,P0008,OPPO Find X7,Celulares,21543.86,4.0,0.09,78419.65,26
VTA0078115,2022-11-30,11,2022,C01806,Sr. Pascual Téllez,Norte,REGULAR,V004,Aurora Zelaya,Norte,P0112,Estabilizador DJI OM6,Fotografía,14174.12,2.0,0.14,24379.49,33
VTA0078116,2022-11-25,11,2022,C04103,Guadalupe Carlota Melgar Rivas,Este,Ocasional,V005,Aldo Adán Rodrígez Galarza,Este,P0062,Reloj Smartwatch Band,Accesorios,1370.69,3.0,0.15,3495.26,38
VTA0078117,2022-11-24,11,2022,C01885,Jorge Luis Villaseñor,Sur,Regular,V025,Manuel Gerónimo Armas,Sur,P0087,Headset HyperX Cloud III,Gaming,2137.72,5.0,0.07,9940.4,38
VTA0078118,2022-11-29,11,2022,C00699,Arturo Eloy Miranda,Norte,Premium,V002,Nelly Marrero Ortiz,Norte,P0090,Control Xbox Elite 2,Gaming,25547.12,1.0,0.04,-24525.24,40
VTA0078119,2022-11-02,11,2022,C03541,Florencia Mireles,Oeste,Premium,V001,Fernando Casares Jimínez,Oeste,P0118,Termostato Nest 3,Hogar Inteligente,1529.83,3.0,0.04,4405.91,30
VTA0078120,2022-11-28,11,2022,C03327,  Elsa Cano  ,Sur,Premium,V018,Lic. Gilberto Castellanos,Sur,P0043,Sony WF-1000XM5,Audio,3976.37,1.0,0.15,3379.91,25
VTA0078121,2022-11-12,11,2022,C00391,Genaro Israel Leiva,Norte,Ocasional,V016,Octavio Mario Rincón Marín,Norte,P0124,Sensor Movimiento Aqara,Hogar Inteligente,8413.15,5.0,0.01,41645.09,35
VTA0078122,2022-11-02,11,2022,C01742,Débora María Eugenia Luevano Benítez,Sur,Ocasional,V019,Jacinto Rodrigo Salazar Rolón,Sur,P0069,Xiaomi Pad 6 Pro,Tablets,5641.11,5.0,0.02,27641.44,37
VTA0078123,2022-11-17,11,2022,C00546,Guillermo Maximiliano Rolón Marrero,Este,Premium,V005,Aldo Adán Rodrígez Galarza,Este,P0097,Canon EOS R6 Mark II,Fotografía,32663.86,4.0,0.17,108444.02,38
VTA0078124,2022-11-23,11,2022,C00569,Esparta Cavazos Cisneros,Sur,Premium,V013,Alvaro Gaona Ocasio,Sur,P0117,Cámara Nest Doorbell,Hogar Inteligente,10921.41,2.0,0.0,21842.82,34
VTA0078125,2022-11-24,11,2022,C02166,Violeta Cecilia Verduzco,Norte,Regular,V009,Amanda María José Bravo,Norte,P0084,Steam Deck 512GB,Gaming,11969.47,4.0,0.07,44526.43,26
VTA0078126,2022-11-30,11,2022,C02783,Ana Luisa Vigil,Centro,Regular,V033,Jaime Gamez Maldonado,Centro,P0047,Bose SoundLink,Audio,4029.7,5.0,0.18,16521.77,44
VTA0078127,2022-11-23,11,2022,C04709,Raúl Lebrón,Oeste,Regular,V038,Violeta Itzel Benavídez,Oeste,P0105,Tripié Joby GorillaPod,Fotografía,9527.13,3.0,0.02,28009.76,41
VTA0078128,27/11/2022,11,2022,C00529,  Luis Manuel Loya  ,Este,premiun,V010,Sra. Guadalupe Llamas,Este,P0078,Chuwi HiPad X,Tablets,13525.19,4.0,0.17,44903.63,20
VTA0078129,2022-11-11,11,2022,C03558,Sra. Abigail Beltrán,Centro,Regular,V033,Jaime Gamez Maldonado,Centro,P0116,Foco Philips Hue,Hogar Inteligente,4272.38,5.0,0.03,20721.04,44
VTA0078130,2022-11-13,11,2022,C02873,Ing. Felix Madera,Este,Regular,V005,Aldo Adán Rodrígez Galarza,Este,P0050,Cable USB-C 2m,Accesorios,1491.44,3.0,0.05,4250.6,32
VTA0078131,2022-11-18,11,2022,C04939,Celia Sandoval Franco,Oeste,Premium,V007,Conchita Leticia Gastélum Corral,Oeste,P0093,GPU RTX 4070 Ti,Gaming,27296.51,2.0,0.11,48587.79,29
VTA0078132,2022-11-25,11,2022,C01982,  Hugo Carvajal Ortega  ,Centro,Regular,V041,Srita. Nadia Casas,Centro,P0077,Blackview Tab 16,Tablets,10546.83,2.0,0.01,20882.72,21
VTA0078133,2022-11-05,11,2022,C02400,Clara Viera Sevilla,Este,Premium,V049,Ing. María Teresa Bétancourt,Este,P0121,Roomba j7 Plus,Hogar Inteligente,6803.5,4.0,0.14,23404.04,38
VTA0078134,2022-11-14,11,2022,C03012,Ofelia Noemí Ávalos Maya,Este,REGULAR,V010,Sra. Guadalupe Llamas,Este,P0106,Mochila Lowepro Pro, Accesorios,16742.95,4.0,0.19,54247.16,40
VTA0078135,2022-11-21,11,2022,C03243,Bernardo Garay Alcala,Sur,premiun,V006,  Dr. Evelio Murillo  ,Sur,P0123,Cerradura Yale Smart,Hogar Inteligente,8703.44,3.0,0.14,22454.88,29
VTA0078136,2022-11-07,11,2022,C02998,Estefanía Esquibel de la Rosa,Norte,Premium,V023,Fidel Negrete Domínguez,Sur,P0051,Funda iPhone 15 Pro,Accesorios,1255.14,4.0,0.05,4769.53,40
VTA0078137,2022-11-10,11,2022,C04308,  Ana Luisa Patricia Peralta Carranza  ,Oeste,Ocasional,V040,Karla Silvia Mireles Patiño,Oeste,P0024,LG Gram 17,Laptops,46685.72,1.0,0.04,44818.29,26
VTA0078138,2022-11-26,11,2022,C02536,Dr. Daniel Pulido,Centro,Ocasional,V003,Jacinto Rivero Valladares,Centro,P0031,Acer Aspire 7,fotografia,8264.68,3.0,0.03,24050.22,38
VTA0078139,2022-11-17,11,2022,C01772,Aurelio Manzanares Cordero,Sur,Regular,V016,Octavio Mario Rincón Marín,Norte,P0041,Bang Olufsen H95,celulares,6222.56,2.0,0.01,12320.67,20
VTA0078140,2022-11-12,11,2022,C03708,Amador Almaraz Colunga,Norte,Regular,V005,Aldo Adán Rodrígez Galarza,Este,P0002,Samsung Galaxy S24,Celulares,7298.82,2.0,0.07,13575.81,19
VTA0078141,2022-11-27,11,2022,C02400,Clara Viera Sevilla,Este,Premium,V032,Nelly Barela Cardenas,Este,P0099,Nikon Z6 III,Fotografía,28307.7,1.0,0.1,25476.93,21
VTA0078142,2022-11-01,11,2022,C00348,Jacinto Gerónimo Meza,Centro,Regular,V048,Ivonne Véliz,Centro,P0101,DJI Mavic 3 Pro,Fotografía,15848.03,5.0,0.01,78447.75,27
VTA0078143,2022-11-30,11,2022,C00555,Federico Corral,Norte,Ocasional,V043,Homero Esquivel,Norte,P0045,Marshall Emberton III,Audio,7175.25,3.0,0.08,19803.69,22
VTA0078144,2022-11-17,11,2022,C04888,Rubén Becerra Cano,Norte,premiun,V046,Hermelinda Josefina Rodarte Bahena,Norte,P0069,Xiaomi Pad 6 Pro,Tablets,5288.5,5.0,0.02,-25913.65,37
VTA0078145,2022-11-09,11,2022,C04068,Ing. Mayte Aparicio,Este,Premium,V005,Aldo Adán Rodrígez Galarza,Este,P0053,Hub USB-C 7en1,Accesorios,439.45,5.0,0.13,1911.61,20
VTA0078146,2022-11-18,11,2022,C04034,  Hugo Barrientos Peralta  ,Oeste,REGULAR,V001,Fernando Casares Jimínez,Oeste,P0068,Lenovo Tab P12,Tablets,14038.76,2.0,0.09,25550.54,21
VTA0078147,2022-11-09,11,2022,C01900,Cecilia Lilia Serna,Este,Premium,V034,Rufino Rivera,Sur,P0035,Bose QC45,Audio,2408.42,,0.2,7706.94,19
VTA0078148,2022-11-25,11,2022,C02226,Pascual Zacarías Gonzales Dávila,Norte,Ocasional,V042,  Srita. Sandra Escamilla  ,Norte,P0065,iPad Pro M2 12.9,Tablets,6983.6,1.0,0.13,6075.73,21
VTA0078149,2022-11-26,11,2022,C04437,José Emilio Lemus Ávila,Este,Ocasional,V049,Ing. María Teresa Bétancourt,Este,P0116,Foco Philips Hue,Hogar Inteligente,4080.88,4.0,0.05,15507.34,44
VTA0078150,2022-11-30,11,2022,C01630,Timoteo José Rivas Alarcón,Norte,Premium,V002,Nelly Marrero Ortiz,Norte,P0048,Skullcandy Crusher,Audio,3349.47,1.0,0.2,2679.58,44
VTA0078151,13/11/2022,11,2022,C04893,Renato Alcántar,Oeste,Ocasional,V014,Ofelia Miriam Negrón,Oeste,P0095,SSD Samsung 980 Pro,Gaming,2810.88,1.0,0.03,2726.55,28
VTA0078152,2022-11-06,11,2022,C03527,Ing. Angélica Cruz,Centro,Premium,V031,  Bernabé César Salazar  ,Centro,P0033,Sony WH-1000XM5,Audio,7037.5,1.0,0.06,6615.25,25
VTA0078153,2022-11-06,11,2022,C00094,Gustavo Delgado Juárez,Oeste,Regular,V030,Gustavo Camilo Ochoa Gamboa,Oeste,P0067,iPad Air M1,Tablets,15541.78,4.0,0.19,-50355.37,39
VTA0078154,27/11/2022,11,2022,C04131,Alvaro Oswaldo Cortés,Norte,Ocasional,V009,Amanda María José Bravo,Norte,P0002,Samsung Galaxy S24,Celulares,8306.72,4.0,0.0,33226.88,19
VTA0078155,2022-11-21,11,2022,C01155,Paola Aguilar,Este,Ocasional,V032,Nelly Barela Cardenas,Este,P0007,Realme GT5,Celulares,16216.32,2.0,0.08,29838.03,39
VTA0078156,01/11/2022,11,2022,C00456,Ing. Andrea Curiel,Sur,Regular,V036,  Dr. Ignacio Aparicio  ,Sur,P0114,Google Nest Hub 2,Hogar Inteligente,5334.59,2.0,0.02,10455.8,45
VTA0078157,2022-11-25,11,2022,C03019,Elias Bruno Paz Segovia,Norte,Regular,V002,Nelly Marrero Ortiz,Norte,P0096,Cooling Noctua NH-D15,Gaming,10236.55,3.0,0.15,26103.2,41
VTA0078158,2022-11-30,11,2022,C01308,Nadia Yuridia Treviño Téllez,Oeste,Regular,V047,  Estela Bianca Melgar Arias  ,Oeste,P0069,Xiaomi Pad 6 Pro,Tablets,6092.55,4.0,0.17,20227.27,37
VTA0078159,2022-11-08,11,2022,C01939,Gabriela Hermelinda Reynoso,Este,Ocasional,V010,Sra. Guadalupe Llamas,Este,P0080,Honor Pad 8,Tablets,10072.1,5.0,0.16,42302.82,19
VTA0078160,2022-11-22,11,2022,C00593,Pablo Ramón Barela Guerrero,Este,Regular,V001,Fernando Casares Jimínez,Oeste,P0002,Samsung Galaxy S24,Celulares,8277.09,1.0,0.16,6952.76,19
VTA0078161,2022-11-20,11,2022,C02776,Eloisa Arguello Arriaga,Centro,Ocasional,V031,  Bernabé César Salazar  ,Centro,P0115,Apple HomePod Mini,Hogar Inteligente,7085.44,2.0,0.14,12186.96,46
VTA0078162,2022-11-18,11,2022,C00722,Violeta Cynthia Delgado,Centro,Ocacional,V028,Sofía Delia Gurule Cantú,Centro,P0123,Cerradura Yale Smart,Hogar Inteligente,8215.81,3.0,0.0,24647.43,29
VTA0078163,06/11/2022,11,2022,C01345,Alfonso Enrique Vargas Cabán,Norte,Regular,V045,Marisela Vanesa Chapa Aranda,Norte,P0050,Cable USB-C 2m,Accesorios,1519.13,4.0,0.01,6015.75,32
VTA0078164,07/11/2022,11,2022,C00921,,Este,Ocasional,V005,Aldo Adán Rodrígez Galarza,Este,P0019,HP Spectre x360, Accesorios,36484.63,1.0,0.06,34295.55,26
VTA0078165,2022-11-28,11,2022,C03760,Gabino Arredondo Segura,Norte,Ocasional,V029,Francisco Ballesteros,Norte,P0086,Silla Gamer DXRacer,Gaming,22989.15,3.0,0.16,57932.66,26
VTA0078166,2022-11-08,11,2022,C03728,Guillermina Ivonne Colón,Oeste,Regular,V014,Ofelia Miriam Negrón,Oeste,P0030,Lenovo IdeaPad 5,Laptops,43203.07,2.0,0.01,85542.08,21
VTA0078167,2022-11-30,11,2022,C04126,  Minerva Zedillo  ,Centro,Ocasional,V033,Jaime Gamez Maldonado,Centro,P0040,Jabra Elite 85h,Audio,2711.0,1.0,0.04,2602.56,38
VTA0078168,2022-11-27,11,2022,C04155,Sr. Francisco Javier Galván,Norte,premiun,V046,Hermelinda Josefina Rodarte Bahena,Norte,P0008,OPPO Find X7,Celulares,20081.66,3.0,0.03,58437.63,26
VTA0078169,2022-11-20,11,2022,C01410,Hermelinda de la Torre Hurtado,Norte,Regular,V009,Amanda María José Bravo,Norte,P0033,Sony WH-1000XM5,celulares,6852.08,5.0,0.12,30149.15,25
VTA0078170,2022-11-05,11,2022,C03175,Gerardo Lomeli Verdugo,Oeste,Ocasional,V038,Violeta Itzel Benavídez,Oeste,P0006,Motorola Edge 50,Celulares,9017.57,1.0,0.07,8386.34,32
VTA0078171,2022-11-15,11,2022,C04014,Eloy Pulido Guajardo,Sur,Premium,V036,  Dr. Ignacio Aparicio  ,Sur,P0075,Samsung Galaxy Tab A9,Tablets,19780.16,4.0,0.18,64878.92,35
VTA0078172,2022-11-28,11,2022,C01815,Ing. Camila Pacheco,Oeste,Regular,V035,Estela Haro,Oeste,P0072,Huawei MatePad Pro,Tablets,16695.91,4.0,0.04,64112.29,43
VTA0078173,2022-11-06,11,2022,C01230,Ing. Leonor de la O,Norte,Ocasional,V039,Sr. Modesto Guillen,Oeste,P0003,Xiaomi 14 Pro,Celulares,23123.45,5.0,0.18,94806.14,36
VTA0078174,16/11/2022,11,2022,C00474,Ing. Eloy Hernandes,Centro,Premium,V031,  Bernabé César Salazar  ,Centro,P0077,Blackview Tab 16,Tablets,10839.63,2.0,0.14,18644.16,21
VTA0078175,2022-11-21,11,2022,C02827,Laura Ofelia Meléndez,Sur,Ocacional,V034,Rufino Rivera,Sur,P0022,Acer Swift 5,gaming,33531.68,1.0,0.19,27160.66,41
VTA0078176,2022-11-20,11,2022,C03519,  Araceli Garza  ,Oeste,Ocasional,V040,Karla Silvia Mireles Patiño,Oeste,P0123,Cerradura Yale Smart,Hogar Inteligente,8168.56,3.0,0.04,23525.45,29
VTA0078177,2022-11-14,11,2022,C01141,Abraham Juan Carlos Prado,Este,Premium,V004,Aurora Zelaya,Norte,P0077,Blackview Tab 16,celulares,10032.8,2.0,0.15,17055.76,21
VTA0078178,2022-11-20,11,2022,C03684,Jesús Prieto Vega,Norte,Premium,V042,  Srita. Sandra Escamilla  ,Norte,P0030,Lenovo IdeaPad 5,Laptops,38596.82,4.0,0.06,145124.04,21
VTA0078179,2022-11-17,11,2022,C02069,  Luis Guillermo Roque Godínez  ,Este,Ocasional,V010,Sra. Guadalupe Llamas,Este,P0066,Samsung Galaxy Tab S9,Tablets,12517.3,2.0,0.13,21780.1,24
VTA0078180,17/11/2022,11,2022,C02819,Lorenzo Elias Alcaraz,Sur,Premium,V013,Alvaro Gaona Ocasio,Sur,P0017,MacBook Pro M3,Laptops,12294.78,5.0,0.02,60244.42,43
VTA0078181,2022-11-16,11,2022,C00714,Esparta Mejía,Centro,Premium,V028,Sofía Delia Gurule Cantú,Centro,P0096,Cooling Noctua NH-D15,Gaming,10164.61,5.0,0.17,42183.13,41
VTA0078182,2022-11-26,11,2022,C03248,Gloria Vela,Oeste,Premium,V035,Estela Haro,Oeste,P0019,HP Spectre x360,Laptops,40688.87,2.0,0.15,69171.08,26
VTA0078183,2022-11-24,11,2022,C03622,Ing. Sonia Iglesias,Este,Ocacional,V005,Aldo Adán Rodrígez Galarza,Este,P0012,Samsung A55,audio ,22094.83,2.0,0.12,38886.9,36
VTA0078184,2022-11-12,11,2022,C04907,Ing. Agustín Bonilla,Oeste,ocasional,V035,Estela Haro,Oeste,P0011,iPhone 14,Celulares,9528.29,4.0,0.19,30871.66,43
VTA0078185,2022-11-13,11,2022,C01842,Dulce María Zedillo Treviño,Oeste,Premium,V007,Conchita Leticia Gastélum Corral,Oeste,P0108,Batería Canon LP-E6,gaming,15780.17,5.0,0.08,72588.78,32
VTA0078186,25/11/2022,11,2022,C03263,Horacio Benito Aguilera,Centro,Premium,V028,Sofía Delia Gurule Cantú,Centro,P0048,Skullcandy Crusher,Audio,3625.93,5.0,0.01,17948.35,44
VTA0078187,2022-11-05,11,2022,C03424,  Ing. Pilar Valverde  ,Norte,Regular,V046,Hermelinda Josefina Rodarte Bahena,Norte,P0092,Micrófono Blue Yeti,Gaming,12759.46,3.0,0.2,30622.7,47
VTA0078188,2022-11-24,11,2022,C02805,Maximiliano Ricardo Cavazos Villanueva,Este,Premium,V005,Aldo Adán Rodrígez Galarza,Este,P0126,Proyector BenQ 4K,Hogar Inteligente,7320.86,3.0,0.02,21523.33,35
VTA0078189,2022-11-02,11,2022,C00499,Lic. Conchita Cavazos,Este,Ocasional,V032,Nelly Barela Cardenas,Este,P0035,Bose QC45,Audio,2714.91,2.0,0.16,4561.05,19
VTA0078190,2022-11-11,11,2022,C02952,Eva Beatriz Ríos,Norte,Premium,V002,Nelly Marrero Ortiz,Norte,P0059,Audífonos USB-C,Accesorios,1390.88,2.0,0.19,2253.23,43
VTA0078191,2022-11-07,11,2022,C00782,Natividad Perales,Este,Regular,V032,Nelly Barela Cardenas,Este,P0083,Nintendo Switch OLED,Gaming,16389.78,5.0,0.03,79490.43,39
VTA0078192,2022-11-25,11,2022,C00411,Rufino Perales Chacón,Norte,Premium,V002,Nelly Marrero Ortiz,Norte,P0124,Sensor Movimiento Aqara,Hogar Inteligente,7365.28,3.0,0.1,19886.26,35
VTA0078193,2022-11-02,11,2022,C01996,Ing. Julio Pelayo,Sur,Regular,V024,Bernabé Guerra,Sur,P0115,Apple HomePod Mini,Hogar Inteligente,6627.02,3.0,0.16,16700.09,46
VTA0078194,2022-11-17,11,2022,C02728,Mercedes Patricia Martínez,Oeste,Premium,V001,Fernando Casares Jimínez,Oeste,P0063,Pad Mouse XL Gaming,Accesorios,2041.76,2.0,0.18,3348.49,42
VTA0078195,2022-11-25,11,2022,C00454,Angélica Susana Cedillo,Sur,premiun,V002,Nelly Marrero Ortiz,Norte,P0118,Termostato Nest 3,celulares,1500.09,1.0,0.03,1455.09,30
VTA0078196,2022-11-02,11,2022,C03737,Eloisa Eugenia Calderón,Norte,ocasional,V002,Nelly Marrero Ortiz,Norte,P0074,iPad Mini 6,hogar inteligente,18304.12,2.0,0.08,33679.58,31
VTA0078197,2022-11-09,11,2022,C04768,  Germán Gregorio Véliz  ,Este,Ocasional,V037,Victoria Caridad Concepción,Centro,P0014,Motorola G84,Celulares,5878.25,2.0,0.1,10580.85,20
VTA0078198,10/11/2022,11,2022,C00933,,Oeste,Ocasional,V014,Ofelia Miriam Negrón,Oeste,P0102,GoPro Hero 12,Fotografía,26853.78,5.0,0.02,131583.52,45
VTA0078199,2022-11-14,11,2022,C03831,Andrés Brito,Oeste,ocasional,V014,Ofelia Miriam Negrón,Oeste,P0111,Monitor Portátil 4K,celulares,6163.66,1.0,0.16,5177.47,41
VTA0078200,2022-11-09,11,2022,C03506,Gilberto Francisco Aguirre Mireles,Este,Premium,V011,Clara Loera,Este,P0094,RAM Corsair 32GB,Gaming,16124.53,2.0,0.13,28056.68,26
VTA0078201,2022-11-13,11,2022,C03993,Sra. Leonor Arreola,Sur,Premium,V013,Alvaro Gaona Ocasio,Sur,P0079,Realme Pad 2,Tablets,9522.45,4.0,0.17,31614.53,20
VTA0078202,2022-11-12,11,2022,C01340,Abraham Acosta,Sur,Ocasional,V034,Rufino Rivera,Sur,P0012,Samsung A55, Accesorios,18761.37,,0.18,76921.62,36
VTA0078203,2022-11-19,11,2022,C03790,Estefanía Ana Luisa Saavedra,Norte,Ocasional,V046,Hermelinda Josefina Rodarte Bahena,Norte,P0078,Chuwi HiPad X,Tablets,12881.76,2.0,0.15,21898.99,20
VTA0078204,2022-11-15,11,2022,C04316,Dra. Araceli Ontiveros,Centro,Premium,V003,Jacinto Rivero Valladares,Centro,P0073,Microsoft Surface Go 3, Accesorios,10478.95,3.0,0.09,28607.53,22
VTA0078205,28/11/2022,11,2022,C01881,Uriel Mauro Peres Acevedo,Sur,Ocasional,V021,  Cristal Valdés Maya  ,Sur,P0021,ASUS ROG Zephyrus,Laptops,11268.71,5.0,0.15,47892.02,36
VTA0078206,2022-11-07,11,2022,C02359,Ing. Jos Mateo,Oeste,Ocasional,V035,Estela Haro,Oeste,P0112,Estabilizador DJI OM6,Fotografía,16016.78,3.0,0.11,42764.8,33
VTA0078207,2022-11-03,11,2022,C03318,Lucía Maya,Centro,Regular,V028,Sofía Delia Gurule Cantú,Centro,P0110,Reflector 5en1 80cm,LAPTOPS,15681.35,2.0,0.09,28540.06,26
VTA0078208,06/11/2022,11,2022,C02426,Alejandro Rodrigo Olmos Berríos,Centro,Regular,V041,Srita. Nadia Casas,Centro,P0122,Aspiradora Dyson V15,audio ,3246.73,3.0,0.2,7792.15,28
VTA0078209,2022-11-26,11,2022,C03249,Sra. Eva Vargas,Oeste,Premium,V030,Gustavo Camilo Ochoa Gamboa,Oeste,P0006,Motorola Edge 50,Celulares,7687.73,2.0,0.17,12761.63,32
VTA0078210,2022-11-06,11,2022,C04158,Dolores Eva Lozano Cedillo,Centro,REGULAR,V031,  Bernabé César Salazar  ,Centro,P0114,Google Nest Hub 2,Hogar Inteligente,4973.86,2.0,0.06,9350.86,45
VTA0078211,2022-11-20,11,2022,C00646,Aurelio Luis Manuel Patiño,Norte,Premium,V004,Aurora Zelaya,Norte,P0067,iPad Air M1,Tablets,17980.58,2.0,0.04,34522.71,39
VTA0078212,2022-11-23,11,2022,C01519,Yolanda Peralta Girón,Oeste,Ocasional,V050,José María Gustavo Beltrán,Oeste,P0093,GPU RTX 4070 Ti,Gaming,30171.94,1.0,0.08,27758.18,29
VTA0078213,2022-11-16,11,2022,C02868,Miguel Martín Cantú Montero,Este,Ocacional,V032,Nelly Barela Cardenas,Este,P0038,Beats Studio Pro,hogar inteligente,2216.4,5.0,0.15,9419.7,39
VTA0078214,2022-11-06,11,2022,C04342,Ramiro Abraham Jiménez,Centro,Regular,V044,Julia Esther Solorio,Centro,P0076,TCL Tab 10,Tablets,16185.2,5.0,0.15,68787.1,24
VTA0078215,2022-11-16,11,2022,C04722,Gerónimo Zapata Briones,Norte,Ocasional,V002,Nelly Marrero Ortiz,Norte,P0075,Samsung Galaxy Tab A9,Tablets,19223.0,1.0,0.08,17685.16,35
VTA0078216,29/11/2022,11,2022,C04619,Arturo Julio César Jurado Salazar,Sur,Ocasional,V019,Jacinto Rodrigo Salazar Rolón,Sur,P0128,Panel Solar Portátil,Hogar Inteligente,3736.7,5.0,0.19,15133.64,39
VTA0078217,2022-11-01,11,2022,C00242,Adriana Conchita Medrano,Sur,Regular,V005,Aldo Adán Rodrígez Galarza,Este,P0067,iPad Air M1,Tablets,16483.73,5.0,0.12,72528.41,39
VTA0078218,2022-11-23,11,2022,C04439,Josefina Estefanía Marroquín,Norte,Regular,V015,Joaquín Benavides Meza,Norte,P0006,Motorola Edge 50,Celulares,7877.74,3.0,0.17,19615.57,32
VTA0078219,2022-11-27,11,2022,C02665,Óliver Juan Quintero,Oeste,Premium,V025,Manuel Gerónimo Armas,Sur,P0097,Canon EOS R6 Mark II,Fotografía,28478.07,2.0,0.18,46704.03,38
VTA0078220,28/11/2022,11,2022,C00392,Abigail Estefanía Villalpando Haro,Sur,Regular,V012,Rubén Marco Antonio Orta Ramos,Sur,P0118,Termostato Nest 3,Hogar Inteligente,1495.4,1.0,0.12,1315.95,30
VTA0078221,2022-11-13,11,2022,C01292,Ricardo Wilfrido Cabrera Frías,Centro,Ocasional,V002,Nelly Marrero Ortiz,Norte,P0024,LG Gram 17,Laptops,40282.8,3.0,0.08,111180.53,26
VTA0078222,2022-11-06,11,2022,C00301,Salma Esparta Carmona,Oeste,Premium,V038,Violeta Itzel Benavídez,Oeste,P0060,Adaptador HDMI 4K,Accesorios,986.3,3.0,0.14,2544.65,29
VTA0078223,2022-11-18,11,2022,C03622,Ing. Sonia Iglesias,Este,Ocacional,V049,Ing. María Teresa Bétancourt,Este,P0121,Roomba j7 Plus,Hogar Inteligente,6288.68,5.0,0.02,30814.53,38
VTA0078224,2022-11-08,11,2022,C03116,Sr. Óscar Ornelas,Sur,REGULAR,V019,Jacinto Rodrigo Salazar Rolón,Sur,P0106,Mochila Lowepro Pro,Fotografía,15880.41,5.0,0.11,-70667.82,40
VTA0078225,2022-11-16,11,2022,C01723,Ing. Sofía Ávalos,Oeste,REGULAR,V014,Ofelia Miriam Negrón,Oeste,P0015,Nokia G42,Celulares,21327.33,5.0,0.18,87442.05,26
VTA0078226,2022-11-09,11,2022,C01235,Roberto Lorenzo Bustamante,Este,Regular,V005,Aldo Adán Rodrígez Galarza,Este,P0021,ASUS ROG Zephyrus,tablets,12322.8,3.0,0.13,32162.51,36
VTA0078227,2022-11-01,11,2022,C01073,Gloria Vigil Niño,Oeste,Premium,V026,Ing. Elias Valdivia,Oeste,P0077,Blackview Tab 16,Tablets,9612.45,,0.14,33066.83,21
VTA0078228,2022-11-05,11,2022,C02188,Minerva Irene Cadena,Sur,Premium,V004,Aurora Zelaya,Norte,P0125,TV Samsung QLED 55,Hogar Inteligente,2777.55,5.0,0.1,12498.98,20
VTA0078229,2022-11-07,11,2022,C03388,Lic. Camila Vigil,Este,Regular,V005,Aldo Adán Rodrígez Galarza,Este,P0104,Flash Godox V1,Fotografía,16320.4,5.0,0.18,66913.64,40
VTA0078230,10/11/2022,11,2022,C00214,Arturo José Eduardo Heredia Sotelo,Centro,Regular,V037,Victoria Caridad Concepción,Centro,P0038,Beats Studio Pro,Audio,2385.92,2.0,0.09,4342.37,39
VTA0078231,17/11/2022,11,2022,C03477,Juan Carlos Escalante Abrego,Centro,Regular,V031,  Bernabé César Salazar  ,Centro,P0033,Sony WH-1000XM5,Audio,7429.67,1.0,0.19,6018.03,25
VTA0078232,2022-11-06,11,2022,C03530,Germán Chapa Llamas,Este,Ocasional,V010,Sra. Guadalupe Llamas,Este,P0077,Blackview Tab 16,Tablets,11426.09,,0.06,53702.62,21
VTA0078233,2022-11-06,11,2022,C03027,Micaela Armendáriz Samaniego,Este,Regular,V032,Nelly Barela Cardenas,Este,P0106,Mochila Lowepro Pro,Fotografía,16841.69,5.0,0.18,69050.93,40
VTA0078234,2022-11-05,11,2022,C03141,Micaela Avilés Tirado,Oeste,Premium,V035,Estela Haro,Oeste,P0050,Cable USB-C 2m,Accesorios,1497.04,,0.01,4446.21,32
VTA0078235,2022-11-21,11,2022,C01324,Concepción Rosas Prado,Centro,Premium,V048,Ivonne Véliz,Centro,P0026,MSI Prestige 16,Laptops,9983.74,5.0,0.2,39934.96,44
VTA0078236,2022-11-17,11,2022,C00174,Asunción Indira Zúñiga Cortés,Oeste,Regular,V014,Ofelia Miriam Negrón,Oeste,P0050,Cable USB-C 2m,Accesorios,1532.53,1.0,0.01,1517.2,32
VTA0078237,2022-11-30,11,2022,C00180,Aldo Salvador Reyes,Este,Regular,V011,Clara Loera,Este,P0083,Nintendo Switch OLED,Gaming,16743.65,1.0,0.11,14901.85,39
VTA0078238,2022-11-06,11,2022,C04209,  Pablo Francisco Javier Alcala  ,Este,Premium,V032,Nelly Barela Cardenas,Este,P0115,Apple HomePod Mini,Hogar Inteligente,7362.23,5.0,0.02,36074.93,46
VTA0078239,2022-11-15,11,2022,C03208,  Margarita Abigail Lerma Aguilar  ,Oeste,Premium,V030,Gustavo Camilo Ochoa Gamboa,Oeste,P0016,Tecno Spark 20,Celulares,14351.91,1.0,0.15,12199.12,20
VTA0078240,2022-11-08,11,2022,C03808,Ing. Nancy Alvarez,Norte,Ocasional,V045,Marisela Vanesa Chapa Aranda,Norte,P0096,Cooling Noctua NH-D15,Gaming,9035.46,5.0,0.04,43370.21,41
VTA0078241,2022-11-27,11,2022,C02113,  Ivonne María Elena del Valle  ,Norte,Premiun,V015,Joaquín Benavides Meza,Norte,P0077,Blackview Tab 16,Tablets,10912.41,3.0,0.16,27499.27,21
VTA0078242,25/11/2022,11,2022,C03509,Fernando Octavio Riojas Barreto,Norte,Premium,V045,Marisela Vanesa Chapa Aranda,Norte,P0088,Teclado Razer Huntsman,Gaming,24600.43,5.0,0.18,100861.76,44
VTA0078243,2022-11-04,11,2022,C03062,Esmeralda Velásquez Urías,Centro,Ocasional,V041,Srita. Nadia Casas,Centro,P0042,Audio Technica ATH,Audio,7019.87,2.0,0.13,12214.57,31
VTA0078244,2022-11-13,11,2022,C00602,Porfirio Canales Sierra,Este,Premiun,V049,Ing. María Teresa Bétancourt,Este,P0055,Teclado Keychron K2,Accesorios,1334.05,4.0,0.09,4855.94,28
VTA0078245,2022-11-07,11,2022,C04862,Jesús Israel Barragán Figueroa,Este,Premium,V005,Aldo Adán Rodrígez Galarza,Este,P0036,Samsung Galaxy Buds2,Audio,7336.39,3.0,0.19,17827.43,43
VTA0078246,2022-11-22,11,2022,C04948,Sr. Claudio Valles,Sur,Ocacional,V013,Alvaro Gaona Ocasio,Sur,P0100,Fujifilm X-T5,fotografia,17597.8,4.0,0.11,62648.17,42
VTA0078247,2022-11-01,11,2022,C04359,Gregorio Guerrero,Este,Premium,V010,Sra. Guadalupe Llamas,Este,P0096,Cooling Noctua NH-D15,Gaming,10584.62,,0.04,10161.24,41
VTA0078248,2022-11-23,11,2022,C02909,Francisco Javier Valdés,Sur,Premium,V024,Bernabé Guerra,Sur,P0111,Monitor Portátil 4K,Fotografía,6300.67,5.0,0.2,25202.68,41
VTA0078249,2022-11-29,11,2022,C00736,Berta Ángela Molina,Este,REGULAR,V032,Nelly Barela Cardenas,Este,P0046,JBL Flip 6,Audio,2336.7,2.0,0.16,3925.66,40
VTA0078250,2022-11-26,11,2022,C01115,Darío Rafaél Díaz,Este,Regular,V032,Nelly Barela Cardenas,Este,P0049,Cargador MagSafe 30W,Accesorios,1041.72,1.0,0.13,906.3,37
VTA0078251,06/11/2022,11,2022,C00793,Adela Correa,Este,Premium,V005,Aldo Adán Rodrígez Galarza,Este,P0022,Acer Swift 5,Laptops,36758.99,4.0,0.07,136743.44,41
VTA0078252,2022-11-08,11,2022,C02484,Jos Pedraza Arevalo,Sur,Ocasional,V020,Dr. Arturo Angulo,Sur,P0075,Samsung Galaxy Tab A9,Tablets,19016.21,4.0,0.13,66176.41,35
VTA0078253,2022-11-07,11,2022,C04264,,Oeste,Ocasional,V047,  Estela Bianca Melgar Arias  ,Oeste,P0115,Apple HomePod Mini,Hogar Inteligente,6969.55,1.0,0.07,6481.68,46
VTA0078254,2022-11-23,11,2022,C02289,Dr. Federico Núñez,Norte,ocasional,V004,Aurora Zelaya,Norte,P0039,Sennheiser HD 450,gaming,973.56,5.0,0.12,4283.66,24
VTA0078255,2022-11-17,11,2022,C03039,Elias Mauro Linares,Centro,Regular,V031,  Bernabé César Salazar  ,Centro,P0021,ASUS ROG Zephyrus,Laptops,12343.75,4.0,0.09,44931.25,36
VTA0078256,2022-11-17,11,2022,C04345,Ing. Socorro Ruiz,Este,Premium,V049,Ing. María Teresa Bétancourt,Este,P0073,Microsoft Surface Go 3,LAPTOPS,10457.34,1.0,0.17,8679.59,22
VTA0078257,2022-11-03,11,2022,C03299,  Dr. Salvador Armendáriz  ,Norte,Ocasional,V042,  Srita. Sandra Escamilla  ,Norte,P0064,Limpiador Pantallas Kit,Accesorios,1488.98,3.0,0.01,4422.27,44
VTA0078258,2022-11-07,11,2022,C04634,Felix Fernando Romo,Este,Ocasional,V010,Sra. Guadalupe Llamas,Este,P0123,Cerradura Yale Smart,Hogar Inteligente,9583.48,4.0,0.06,36033.88,29
VTA0078259,2022-11-25,11,2022,C00945,Rocío Catalina Archuleta Olivárez,Oeste,Premium,V008,Irene Franco,Sur,P0027,MacBook Air M2,Laptops,35000.11,2.0,0.12,61600.19,24
VTA0078260,2022-11-09,11,2022,C01836,Carla Sessa Carrillo,Oeste,Ocacional,V007,Conchita Leticia Gastélum Corral,Oeste,P0082,Xbox Series X,Gaming,10354.95,2.0,0.09,18846.01,30
VTA0078261,2022-11-25,11,2022,C02741,Dra. Magdalena Romero,Norte,Regular,V004,Aurora Zelaya,Norte,P0054,Mouse Logitech MX Master,Accesorios,1279.14,4.0,0.18,4195.58,25
VTA0078262,06/11/2022,11,2022,C01875,  Ilse Luz Guerrero  ,Centro,Premium,V017,Abraham Apodaca Colunga,Centro,P0100,Fujifilm X-T5,Fotografía,17697.4,4.0,0.17,58755.37,42
VTA0078263,2022-11-21,11,2022,C03854,Esteban Fernando Serrato Lucio,Norte,Ocasional,V017,Abraham Apodaca Colunga,Centro,P0047,Bose SoundLink,Audio,3931.84,3.0,0.11,10498.01,44
VTA0078264,2022-11-29,11,2022,C04435,Lic. Bernardo Vela,Oeste,Ocacional,V007,Conchita Leticia Gastélum Corral,Oeste,P0084,Steam Deck 512GB,Gaming,12112.13,5.0,0.14,52082.16,26
VTA0078265,2022-11-28,11,2022,C02218,Pedro Quintero Villagómez,Oeste,Ocasional,V001,Fernando Casares Jimínez,Oeste,P0107,Tarjeta SD SanDisk 256,Fotografía,10563.13,5.0,0.11,47005.93,27
VTA0078266,12/11/2022,11,2022,C01923,Conchita Zavala de la Torre,Sur,Ocacional,V023,Fidel Negrete Domínguez,Sur,P0064,Limpiador Pantallas Kit,Accesorios,1245.39,2.0,0.16,2092.26,44
VTA0078267,17/11/2022,11,2022,C00106,Ing. Elias Ríos,Oeste,Regular,V047,  Estela Bianca Melgar Arias  ,Oeste,P0109,Filtro ND Variable,Fotografía,3321.35,5.0,0.19,13451.47,30
VTA0078268,2022-11-09,11,2022,C03282,Lic. Arturo Navarro,Oeste,Regular,V026,Ing. Elias Valdivia,Oeste,P0002,Samsung Galaxy S24,Celulares,8143.45,4.0,0.06,30619.37,19
VTA0078269,2022-11-27,11,2022,C03598,Guillermo Urrutia Reyna,Centro,Ocasional,V017,Abraham Apodaca Colunga,Centro,P0126,Proyector BenQ 4K,Hogar Inteligente,7138.28,4.0,0.08,26268.87,35
VTA0078270,2022-11-07,11,2022,C01440,Tania Adriana Lucero,Norte,Premium,V016,Octavio Mario Rincón Marín,Norte,P0010,Huawei Pura 70,Celulares,10581.89,4.0,0.16,35555.15,27
VTA0078271,2022-11-22,11,2022,C01520,José Carlos Fidel Ríos,Norte,Premiun,V014,Ofelia Miriam Negrón,Oeste,P0049,Cargador MagSafe 30W,Accesorios,875.22,2.0,0.16,1470.37,37
VTA0078272,04/11/2022,11,2022,C04968,Gabino Miguel Ángel Arellano,Oeste,Premium,V039,Sr. Modesto Guillen,Oeste,P0020,Lenovo ThinkPad X1,Laptops,26165.79,5.0,0.14,112512.9,42
VTA0078273,2022-11-19,11,2022,C04180,Gustavo Jaimes,Oeste,Ocasional,V035,Estela Haro,Oeste,P0039,Sennheiser HD 450,hogar inteligente,1098.0,1.0,0.14,944.28,24
VTA0078274,11/11/2022,11,2022,C01266,Marco Antonio Luis Carrasco Martínez,Centro,Ocasional,V003,Jacinto Rivero Valladares,Centro,P0019,HP Spectre x360,Laptops,35341.57,3.0,0.15,90121.0,26
VTA0078275,2022-11-05,11,2022,C02026,Isabela Paola Luevano,Este,Ocasional,V011,Clara Loera,Este,P0080,Honor Pad 8,Tablets,9455.42,3.0,0.12,24962.31,19
VTA0078276,2022-11-21,11,2022,C01928,Daniel Gonzales Casas,Norte,Regular,V042,  Srita. Sandra Escamilla  ,Norte,P0094,RAM Corsair 32GB,Gaming,18388.94,5.0,0.11,81830.78,26
VTA0078277,2022-11-19,11,2022,C01792,Pilar Hermelinda Laboy,Sur,Ocasional,V027,Claudio Andrés Gómez Sosa,Sur,P0039,Sennheiser HD 450,Audio,1035.51,2.0,0.14,-1781.08,24
VTA0078278,2022-11-05,11,2022,C03134,Dr. Jacobo Puente,Oeste,Premium,V040,Karla Silvia Mireles Patiño,Oeste,P0088,Teclado Razer Huntsman,Gaming,23209.76,3.0,0.07,64755.23,44
VTA0078279,2022-11-05,11,2022,C02990,Amalia Adriana Lugo Casillas,Oeste,Premiun,V044,Julia Esther Solorio,Centro,P0028,Dell Inspiron 15,Laptops,28179.4,1.0,0.17,23388.9,37
VTA0078280,2022-11-04,11,2022,C03860,José María Arriaga Dueñas,Norte,Premiun,V046,Hermelinda Josefina Rodarte Bahena,Norte,P0064,Limpiador Pantallas Kit,Accesorios,1363.87,5.0,0.13,5932.83,44
VTA0078281,2022-11-13,11,2022,C00410,Omar Salgado,Norte,Premium,V029,Francisco Ballesteros,Norte,P0056,Webcam Logitech C920,Accesorios,1962.29,3.0,0.06,5533.66,43
VTA0078282,2022-11-19,11,2022,C03964,Patricia María del Carmen Aguilera,Este,Premium,V010,Sra. Guadalupe Llamas,Este,P0060,Adaptador HDMI 4K,Accesorios,1145.88,5.0,0.13,4984.58,29
VTA0078283,2022-11-22,11,2022,C03443,Violeta Diana Palomo,Centro,Premium,V037,Victoria Caridad Concepción,Centro,P0076,TCL Tab 10,Tablets,18419.24,1.0,0.01,18235.05,24
VTA0078284,21/11/2022,11,2022,C00216,Marisol Wendolin Solís,Oeste,ocasional,V008,Irene Franco,Sur,P0024,LG Gram 17,Laptops,46139.19,5.0,0.01,228388.99,26
VTA0078285,2022-11-19,11,2022,C03296,Srita. Barbara Gaytán,Norte,Premium,V002,Nelly Marrero Ortiz,Norte,P0115,Apple HomePod Mini,Hogar Inteligente,6468.0,1.0,0.14,5562.48,46
VTA0078286,2022-11-11,11,2022,C02009,Joaquín Bernabé Aguilar,Norte,Premium,V004,Aurora Zelaya,Norte,P0073,Microsoft Surface Go 3,Tablets,11268.12,5.0,0.12,49579.73,22
VTA0078287,2022-11-12,11,2022,C00383,Lic. Ana María Portillo,Oeste,Premium,V007,Conchita Leticia Gastélum Corral,Oeste,P0048,Skullcandy Crusher,Audio,3455.47,1.0,0.13,3006.26,44
VTA0078288,2022-11-28,11,2022,C01630,Timoteo José Rivas Alarcón,Norte,Premium,V009,Amanda María José Bravo,Norte,P0094,RAM Corsair 32GB,Gaming,16873.15,4.0,0.03,65467.82,26
VTA0078289,2022-11-04,11,2022,C04464,Francisco Salinas,Este,Regular,V032,Nelly Barela Cardenas,Este,P0044,Anker Q45,Audio,7556.03,1.0,0.02,7404.91,23
VTA0078290,2022-11-09,11,2022,C04324,Julio César Ozuna Casas,Sur,Regular,V045,Marisela Vanesa Chapa Aranda,Norte,P0026,MSI Prestige 16,audio ,9751.62,4.0,0.1,35105.83,44
VTA0078291,2022-11-29,11,2022,C02378,Esther Ángela de la Crúz Parra,Centro,Premium,V044,Julia Esther Solorio,Centro,P0056,Webcam Logitech C920,Accesorios,1937.48,5.0,0.04,9299.9,43
VTA0078292,2022-11-08,11,2022,C02223,Eloisa Rocha,Norte,Premium,V002,Nelly Marrero Ortiz,Norte,P0005,OnePlus 12,audio ,5092.93,4.0,0.13,17723.4,40
VTA0078293,2022-11-08,11,2022,C04094,Alberto Pedroza,Este,Premium,V032,Nelly Barela Cardenas,Este,P0007,Realme GT5,Celulares,18783.28,2.0,0.13,32682.91,39
VTA0078294,24/11/2022,11,2022,C02964,Patricio Magaña,Este,REGULAR,V005,Aldo Adán Rodrígez Galarza,Este,P0102,GoPro Hero 12,tablets,24282.35,4.0,0.09,88387.75,45
VTA0078295,2022-11-18,11,2022,C00262,Marisol Luz Murillo,Oeste,Ocacional,V001,Fernando Casares Jimínez,Oeste,P0086,Silla Gamer DXRacer,Gaming,21840.37,2.0,0.05,41496.7,26
VTA0078296,2022-11-16,11,2022,C03285,Darío Reynaldo Abrego,Norte,Ocasional,V016,Octavio Mario Rincón Marín,Norte,P0016,Tecno Spark 20,Celulares,14071.45,5.0,0.11,62617.95,20
VTA0078297,2022-11-30,11,2022,C00904,Srita. Rosa Juárez,Centro,ocasional,V044,Julia Esther Solorio,Centro,P0122,Aspiradora Dyson V15,Hogar Inteligente,2709.46,1.0,0.07,2519.8,28
VTA0078298,2022-11-04,11,2022,C01926,Rosa Abril Rosas,Centro,Ocacional,V033,Jaime Gamez Maldonado,Centro,P0043,Sony WF-1000XM5,Audio,4527.64,1.0,0.13,3939.05,25
VTA0078299,2022-11-29,11,2022,C00754,Arturo José Luis Guzmán,Sur,Regular,V019,Jacinto Rodrigo Salazar Rolón,Sur,P0061,Batería Portátil 20000,Accesorios,1904.82,2.0,0.09,3466.77,32
VTA0078300,2022-11-03,11,2022,C04404,Minerva Hidalgo del Valle,Norte,Regular,V045,Marisela Vanesa Chapa Aranda,Norte,P0082,Xbox Series X,Gaming,10993.9,4.0,0.14,37819.02,30
VTA0078301,2022-11-02,11,2022,C01769,Flavio Israel Carmona Lomeli,Este,Regular,V005,Aldo Adán Rodrígez Galarza,Este,P0088,Teclado Razer Huntsman,Gaming,22596.66,5.0,0.08,103944.64,44
VTA0078302,2022-11-03,11,2022,C04536,Emilia Barraza,Oeste,Regular,V026,Ing. Elias Valdivia,Oeste,P0020,Lenovo ThinkPad X1,gaming,25864.21,3.0,0.11,69057.44,42
VTA0078303,2022-11-20,11,2022,C01824,Lic. Mariano Mota,Sur,Regular,V032,Nelly Barela Cardenas,Este,P0120,Timbre Ring Video Pro,LAPTOPS,8266.25,4.0,0.15,28105.25,21
VTA0078304,2022-11-13,11,2022,C01286,Amalia Puente,Sur,Regular,V012,Rubén Marco Antonio Orta Ramos,Sur,P0113,Alexa Echo Dot 5,fotografia,10435.08,1.0,0.08,9600.27,20
VTA0078305,2022-11-21,11,2022,C04604,Eloy Esquivel,Oeste,Ocasional,V035,Estela Haro,Oeste,P0006,Motorola Edge 50,Celulares,7826.19,3.0,0.17,19487.21,32
VTA0078306,2022-11-17,11,2022,C00857,Omar de Jesús Escalante,Norte,Regular,V040,Karla Silvia Mireles Patiño,Oeste,P0056,Webcam Logitech C920,Accesorios,1930.27,3.0,0.02,5674.99,43
VTA0078307,30/11/2022,11,2022,C02695,Mariana Almonte,Norte,Regular,V029,Francisco Ballesteros,Norte,P0090,Control Xbox Elite 2,Gaming,28281.19,1.0,0.03,-27432.75,40
VTA0078308,2022-11-19,11,2022,C01030,Timoteo Tapia Palomino,Centro,Regular,V037,Victoria Caridad Concepción,Centro,P0104,Flash Godox V1, Accesorios,16967.95,5.0,0.07,78900.97,40
VTA0078309,2022-11-23,11,2022,C01442,Dr. Ignacio Gutiérrez,Sur,Premiun,V006,  Dr. Evelio Murillo  ,Sur,P0003,Xiaomi 14 Pro,Celulares,23776.96,4.0,0.06,89401.37,36
VTA0078310,2022-11-04,11,2022,C02268,Ing. Ilse Valverde,Centro,Premium,V037,Victoria Caridad Concepción,Centro,P0096,Cooling Noctua NH-D15,Gaming,10518.52,5.0,0.17,43651.86,41
VTA0078311,2022-11-13,11,2022,C02352,Sr. Gabino Puente,Sur,Premiun,V012,Rubén Marco Antonio Orta Ramos,Sur,P0027,MacBook Air M2,Laptops,37940.49,4.0,0.05,144173.86,24
VTA0078312,2022-11-02,11,2022,C00559,Miguel Ángel Porfirio Arriaga Colón,Oeste,ocasional,V050,José María Gustavo Beltrán,Oeste,P0040,Jabra Elite 85h,Audio,2744.89,2.0,0.18,4501.62,38
VTA0078313,2022-11-14,11,2022,C01574,Clara Ariadna Tapia,Oeste,Ocasional,V001,Fernando Casares Jimínez,Oeste,P0032,ASUS VivoBook 16,Laptops,10474.16,3.0,0.09,28594.46,38
VTA0078314,2022-11-14,11,2022,C01987,Oswaldo Diego Matos,Oeste,Regular,V013,Alvaro Gaona Ocasio,Sur,P0114,Google Nest Hub 2,Hogar Inteligente,5376.95,3.0,0.18,13227.3,45
VTA0078315,2022-11-22,11,2022,C02871,Luisa Uribe Bonilla,Este,Premium,V049,Ing. María Teresa Bétancourt,Este,P0097,Canon EOS R6 Mark II,Fotografía,29293.93,3.0,0.02,86124.15,38
VTA0078316,2022-11-12,11,2022,C03477,Juan Carlos Escalante Abrego,Centro,Regular,V033,Jaime Gamez Maldonado,Centro,P0111,Monitor Portátil 4K,Fotografía,7349.0,5.0,0.06,34540.3,41
VTA0078317,26/11/2022,11,2022,C02259,Abraham Alfonso Montoya,Norte,Regular,V009,Amanda María José Bravo,Norte,P0003,Xiaomi 14 Pro,Celulares,24335.74,2.0,0.04,-46724.62,36
VTA0078318,2022-11-24,11,2022,C00997,Samuel Feliciano Archuleta,Centro,Ocasional,V028,Sofía Delia Gurule Cantú,Centro,P0006,Motorola Edge 50,Celulares,7839.12,4.0,0.19,25398.75,32
VTA0078319,2022-11-17,11,2022,C04757,Aldo Gerardo Peres Carvajal,Este,Regular,V049,Ing. María Teresa Bétancourt,Este,P0053,Hub USB-C 7en1,Accesorios,475.82,5.0,0.04,2283.94,20
VTA0078320,2022-11-19,11,2022,C04532,Yuridia Ana María Villa,Sur,Ocasional,V006,  Dr. Evelio Murillo  ,Sur,P0069,Xiaomi Pad 6 Pro,Tablets,5103.54,3.0,0.07,14238.88,37
VTA0078321,2022-11-26,11,2022,C00234,Fidel Herrera Avilés,Sur,Premium,V050,José María Gustavo Beltrán,Oeste,P0047,Bose SoundLink,Audio,3807.62,3.0,0.16,9595.2,44
VTA0078322,2022-11-03,11,2022,C00239,Óscar Zeferino Botello,Sur,Ocasional,V041,Srita. Nadia Casas,Centro,P0020,Lenovo ThinkPad X1,Laptops,23300.5,2.0,0.03,45202.97,42
VTA0078323,2022-11-10,11,2022,C01980,Joaquín Salazar,Este,Premium,V005,Aldo Adán Rodrígez Galarza,Este,P0046,JBL Flip 6,Audio,2237.2,3.0,0.03,6510.25,40
VTA0078324,29/11/2022,11,2022,C02613,Lorenzo Meza,Sur,Regular,V021,  Cristal Valdés Maya  ,Sur,P0030,Lenovo IdeaPad 5,Laptops,46326.19,3.0,0.17,115352.21,21
VTA0078325,05/11/2022,11,2022,C02156,Sr. René Batista,Centro,Ocacional,V048,Ivonne Véliz,Centro,P0103,Lente Canon RF 50mm,Fotografía,13586.9,4.0,0.03,52717.17,31
VTA0078326,2022-11-09,11,2022,C00118,Amelia Carmen Palomo,Centro,Ocasional,V028,Sofía Delia Gurule Cantú,Centro,P0097,Canon EOS R6 Mark II,Fotografía,34410.92,2.0,0.09,62627.87,38
VTA0078327,06/11/2022,11,2022,C01382,Dalia Vela,Norte,premiun,V015,Joaquín Benavides Meza,Norte,P0120,Timbre Ring Video Pro,Hogar Inteligente,8507.92,5.0,0.15,36158.66,21
VTA0078328,2022-11-01,11,2022,C04616,Jesús Héctor Aguayo de la O,Oeste,Regular,V047,  Estela Bianca Melgar Arias  ,Oeste,P0080,Honor Pad 8,Tablets,8722.22,2.0,0.02,17095.55,19
VTA0078329,2022-11-18,11,2022,C04444,Aurelio Gabriel Cantú Espinal,Este,Premium,V049,Ing. María Teresa Bétancourt,Este,P0118,Termostato Nest 3,Hogar Inteligente,1592.8,2.0,0.1,2867.04,30
VTA0078330,2022-11-22,11,2022,C04098,Patricio Benjamín Carreón,Oeste,Regular,V047,  Estela Bianca Melgar Arias  ,Oeste,P0009,Sony Xperia 1 VI,hogar inteligente,23861.58,,0.03,69437.2,24
VTA0078331,2022-11-30,11,2022,C02447,Lic. Ramiro Tirado,Este,Premiun,V032,Nelly Barela Cardenas,Este,P0057,Soporte Laptop Adjustable,audio ,556.39,5.0,0.17,-2309.02,39
VTA0078332,2022-11-28,11,2022,C01422,Aldonza Acosta,Oeste,Regular,V030,Gustavo Camilo Ochoa Gamboa,Oeste,P0074,iPad Mini 6,Tablets,18131.28,5.0,0.1,81590.76,31
VTA0078333,2022-11-08,11,2022,C00390,Mitzy Serrato,Sur,Ocasional,V020,Dr. Arturo Angulo,Sur,P0083,Nintendo Switch OLED,Gaming,16744.52,4.0,0.09,60950.05,39
VTA0078334,2022-11-14,11,2022,C00057,Antonia Benavídez Dueñas,Norte,Regular,V015,Joaquín Benavides Meza,Norte,P0038,Beats Studio Pro,Audio,2240.15,3.0,0.18,5510.77,39
VTA0078335,2022-11-02,11,2022,C02035,Hilda Pilar Gómez Alva,Norte,premiun,V042,  Srita. Sandra Escamilla  ,Norte,P0094,RAM Corsair 32GB,Gaming,19344.86,5.0,0.01,95757.06,26
VTA0078336,25/11/2022,11,2022,C01300,Violeta Rebeca Vera Jáquez,Norte,Regular,V016,Octavio Mario Rincón Marín,Norte,P0025,Razer Blade 15,tablets,28625.51,4.0,0.14,-98471.75,44
VTA0078337,2022-11-21,11,2022,C02295,Gerardo Torres,Oeste,Ocasional,V026,Ing. Elias Valdivia,Oeste,P0081,PlayStation 5,Gaming,9956.33,3.0,0.13,25986.02,46
VTA0078338,2022-11-01,11,2022,C02899,Ing. Alejandro Quezada,Norte,Regular,V009,Amanda María José Bravo,Norte,P0117,Cámara Nest Doorbell,Hogar Inteligente,11424.91,5.0,0.13,49698.36,34
VTA0078339,2022-11-03,11,2022,C03193,Jerónimo Reséndez Apodaca,Norte,Regular,V045,Marisela Vanesa Chapa Aranda,Norte,P0108,Batería Canon LP-E6,Fotografía,17705.63,4.0,0.08,65156.72,32
VTA0078340,2022-11-12,11,2022,C04414,  Laura Carolina Nájera  ,Oeste,Ocasional,V022,Bernardo Lemus Caballero,Oeste,P0012,Samsung A55,Celulares,21202.88,4.0,0.03,82267.17,36
VTA0078341,2022-11-10,11,2022,C02721,Silvia Esther Méndez,Norte,Premium,V045,Marisela Vanesa Chapa Aranda,Norte,P0013,Xiaomi Redmi Note 13,Celulares,13718.11,2.0,0.02,26887.5,30
VTA0078342,2022-11-25,11,2022,C00271,Oswaldo José Carlos Palomo Mora,Centro,Premium,V048,Ivonne Véliz,Centro,P0075,Samsung Galaxy Tab A9,Tablets,18665.86,4.0,0.09,67943.73,35
VTA0078343,2022-11-25,11,2022,C00983,Miriam Julia Bustamante,Centro,Ocasional,V012,Rubén Marco Antonio Orta Ramos,Sur,P0058,Mochila Techpack 30L,Accesorios,896.69,5.0,0.18,3676.43,23
VTA0078344,2022-11-19,11,2022,C03236,Darío Muro Figueroa,Norte,Regular,V046,Hermelinda Josefina Rodarte Bahena,Norte,P0128,Panel Solar Portátil,Hogar Inteligente,3579.0,4.0,0.07,13313.88,39
VTA0078345,08/11/2022,11,2022,C02259,Abraham Alfonso Montoya,Norte,Regular,V043,Homero Esquivel,Norte,P0083,Nintendo Switch OLED,Gaming,15023.93,3.0,0.15,38311.02,39
VTA0078346,2022-11-07,11,2022,C03208,  Margarita Abigail Lerma Aguilar  ,Oeste,Premium,V040,Karla Silvia Mireles Patiño,Oeste,P0128,Panel Solar Portátil,Hogar Inteligente,3728.36,1.0,0.12,3280.96,39
VTA0078347,2022-11-09,11,2022,C02840,,Sur,Regular,V004,Aurora Zelaya,Norte,P0120,Timbre Ring Video Pro,Hogar Inteligente,7255.84,5.0,0.12,31925.7,21
VTA0078348,2022-11-30,11,2022,C01024,Ing. Aurora Villegas,Oeste,Ocasional,V047,  Estela Bianca Melgar Arias  ,Oeste,P0037,JBL Charge 5,Audio,7053.98,1.0,0.0,7053.98,21
VTA0078349,10/11/2022,11,2022,C02567,Armando Madrigal,Sur,Premium,V018,Lic. Gilberto Castellanos,Sur,P0065,iPad Pro M2 12.9,Tablets,8125.21,4.0,0.16,27300.71,21
VTA0078350,2022-11-12,11,2022,C03348,Trinidad Peres Herrera,Norte,ocasional,V042,  Srita. Sandra Escamilla  ,Norte,P0029,HP Pavilion 15,Laptops,9402.71,5.0,0.09,42782.33,24
VTA0078351,2022-11-15,11,2022,C00628,Dr. Guillermo Ramón,Centro,Premium,V048,Ivonne Véliz,Centro,P0008,OPPO Find X7,Celulares,20626.75,1.0,0.01,20420.48,26
VTA0078352,2022-11-05,11,2022,C00054,Juan Mondragón,Sur,Ocacional,V018,Lic. Gilberto Castellanos,Sur,P0110,Reflector 5en1 80cm,Fotografía,14776.22,4.0,0.13,51421.25,26
VTA0078353,2022-11-18,11,2022,C00852,  Gabino Ávila Villegas  ,Este,Ocasional,V011,Clara Loera,Este,P0028,Dell Inspiron 15,Laptops,28147.59,5.0,0.18,115405.12,37
VTA0078354,2022-11-10,11,2022,C04678,  David Serrato Cano  ,Este,Premium,V032,Nelly Barela Cardenas,Este,P0053,Hub USB-C 7en1,Accesorios,410.99,,0.01,1627.52,20
VTA0078355,2022-11-07,11,2022,C04922,Clara Velázquez Quintanilla,Este,Regular,V032,Nelly Barela Cardenas,Este,P0095,SSD Samsung 980 Pro,Gaming,3120.72,5.0,0.1,14043.24,28
VTA0078356,2022-11-30,11,2022,C02746,Lic. Alicia Figueroa,Este,REGULAR,V021,  Cristal Valdés Maya  ,Sur,P0081,PlayStation 5,Gaming,9699.76,4.0,0.02,38023.06,46
VTA0078357,25/11/2022,11,2022,C02758,Ing. Julio Gallegos,Norte,Ocasional,V029,Francisco Ballesteros,Norte,P0109,Filtro ND Variable,Fotografía,3341.19,1.0,0.01,3307.78,30
VTA0078358,2022-11-10,11,2022,C04227,Cynthia Beatriz Barrios,Oeste,Regular,V039,Sr. Modesto Guillen,Oeste,P0052,Protector Pantalla S24,Accesorios,1209.85,5.0,0.07,5625.8,31
VTA0078359,2022-11-21,11,2022,C04513,,Oeste,Regular,V030,Gustavo Camilo Ochoa Gamboa,Oeste,P0029,HP Pavilion 15,Laptops,8664.69,2.0,0.14,14903.27,24
VTA0078360,01/11/2022,11,2022,C01501,Lic. Luz Nieto,Sur,Ocasional,V020,Dr. Arturo Angulo,Sur,P0085,Monitor LG 27GP950,Gaming,19032.14,4.0,0.07,70799.56,43
VTA0078361,2022-11-26,11,2022,C00356,,Sur,Ocasional,V018,Lic. Gilberto Castellanos,Sur,P0033,Sony WH-1000XM5, Accesorios,6588.91,2.0,0.19,10674.03,25
VTA0078362,26/11/2022,11,2022,C00183,María del Carmen Francisca Pizarro Figueroa,Norte,Ocasional,V046,Hermelinda Josefina Rodarte Bahena,Norte,P0047,Bose SoundLink,Audio,3913.22,2.0,0.01,7748.18,44
VTA0078363,2022-11-16,11,2022,C04589,Elisa Soto,Este,ocasional,V049,Ing. María Teresa Bétancourt,Este,P0114,Google Nest Hub 2,tablets,5795.57,3.0,0.04,16691.24,45
VTA0078364,22/11/2022,11,2022,C00879,Alejandra Casares,Centro,Premiun,V047,  Estela Bianca Melgar Arias  ,Oeste,P0041,Bang Olufsen H95,Audio,5642.45,5.0,0.08,-25955.27,20
VTA0078365,2022-11-16,11,2022,C01553,Rosario Delia Leyva,Sur,Ocasional,V019,Jacinto Rodrigo Salazar Rolón,Sur,P0082,Xbox Series X,Gaming,11505.88,1.0,0.17,9549.88,30
VTA0078366,2022-11-30,11,2022,C00420,  Lic. Victoria Tejada  ,Sur,Ocasional,V033,Jaime Gamez Maldonado,Centro,P0120,Timbre Ring Video Pro,Hogar Inteligente,7927.95,1.0,0.14,6818.04,21
VTA0078367,2022-11-10,11,2022,C04389,Paulina María Eugenia Oquendo,Norte,Premium,V016,Octavio Mario Rincón Marín,Norte,P0113,Alexa Echo Dot 5,Hogar Inteligente,10215.97,2.0,0.14,17571.47,20
VTA0078368,2022-11-27,11,2022,C02753,Darío José Eduardo Villareal Iglesias,Centro,Regular,V041,Srita. Nadia Casas,Centro,P0066,Samsung Galaxy Tab S9,Tablets,12954.87,1.0,0.08,11918.48,24
VTA0078369,2022-11-10,11,2022,C00564,Noelia Elvia Montoya Contreras,Este,Ocasional,V010,Sra. Guadalupe Llamas,Este,P0047,Bose SoundLink,Audio,4398.34,3.0,0.1,11875.52,44
VTA0078370,02/11/2022,11,2022,C00622,Lic. Luis Manuel Rendón,Este,Regular,V032,Nelly Barela Cardenas,Este,P0046,JBL Flip 6, Accesorios,2512.84,2.0,0.09,4573.37,40
VTA0078371,2022-11-16,11,2022,C01968,Miriam Alcala,Sur,REGULAR,V018,Lic. Gilberto Castellanos,Sur,P0114,Google Nest Hub 2,Hogar Inteligente,5661.7,1.0,0.05,-5378.62,45
VTA0078372,2022-11-04,11,2022,C00109,Olga Yolanda Hernández Sanabria,Norte,Premium,V002,Nelly Marrero Ortiz,Norte,P0047,Bose SoundLink,Audio,4102.21,5.0,0.05,19485.5,44
VTA0078373,2022-11-19,11,2022,C04280,Estefanía Naranjo,Oeste,Premium,V035,Estela Haro,Oeste,P0092,Micrófono Blue Yeti,Gaming,13308.29,3.0,0.14,34335.39,47
VTA0078374,2022-11-30,11,2022,C04957,Salvador René Moreno Barreto,Sur,Premium,V021,  Cristal Valdés Maya  ,Sur,P0099,Nikon Z6 III,Fotografía,27047.78,3.0,0.04,77897.61,21
VTA0078375,2022-11-23,11,2022,C04812,René Fernando Espino,Oeste,Premium,V020,Dr. Arturo Angulo,Sur,P0054,Mouse Logitech MX Master,Accesorios,1303.48,2.0,0.13,2268.06,25
VTA0078376,2022-11-30,11,2022,C03316,Rodolfo Gaona Manzanares,Este,Ocasional,V049,Ing. María Teresa Bétancourt,Este,P0008,OPPO Find X7,Celulares,23044.9,5.0,0.05,109463.28,26
VTA0078377,2022-11-06,11,2022,C00537,Marisela Acevedo,Sur,Premium,V013,Alvaro Gaona Ocasio,Sur,P0114,Google Nest Hub 2,Hogar Inteligente,5443.8,4.0,0.01,21557.45,45
VTA0078378,2022-11-02,11,2022,C03952,,Centro,Premiun,V028,Sofía Delia Gurule Cantú,Centro,P0011,iPhone 14,Celulares,10226.35,5.0,0.1,46018.58,43
VTA0078379,2022-11-11,11,2022,C02418,Lic. Darío Sisneros,Este,Regular,V049,Ing. María Teresa Bétancourt,Este,P0076,TCL Tab 10,Tablets,17864.63,2.0,0.12,31441.75,24
VTA0078380,2022-11-07,11,2022,C04281,Ariadna Mercedes Carrión,Este,Premium,V005,Aldo Adán Rodrígez Galarza,Este,P0093,GPU RTX 4070 Ti,Gaming,29834.11,4.0,0.17,99049.25,29
VTA0078381,2022-11-29,11,2022,C01297,Julia Ángela Campos Figueroa,Oeste,Regular,V028,Sofía Delia Gurule Cantú,Centro,P0076,TCL Tab 10,hogar inteligente,17607.23,3.0,0.19,42785.57,24
VTA0078382,2022-11-21,11,2022,C01470,Ángel Ramón Lara Mena,Norte,Regular,V009,Amanda María José Bravo,Norte,P0042,Audio Technica ATH,Audio,6549.12,2.0,0.05,12443.33,31
VTA0078383,2022-11-08,11,2022,C01953,Emilia Ramírez,Centro,Ocasional,V044,Julia Esther Solorio,Centro,P0008,OPPO Find X7,Celulares,21669.33,4.0,0.14,74542.5,26
VTA0078384,2022-11-05,11,2022,C03448,Sr. Jacobo Hinojosa,Este,Premium,V049,Ing. María Teresa Bétancourt,Este,P0011,iPhone 14,Celulares,9377.55,1.0,0.08,8627.35,43
VTA0078385,2022-11-30,11,2022,C00861,Sra. Mitzy Godoy,Norte,Ocasional,V009,Amanda María José Bravo,Norte,P0124,Sensor Movimiento Aqara,Hogar Inteligente,7226.13,4.0,0.09,26303.11,35
VTA0078386,2022-11-25,11,2022,C01476,Sonia Bermúdez,Sur,Ocasional,V025,Manuel Gerónimo Armas,Sur,P0079,Realme Pad 2,Tablets,8381.81,5.0,0.16,35203.6,20
VTA0078387,2022-11-01,11,2022,C01845,María Elena Leyva,Centro,Regular,V048,Ivonne Véliz,Centro,P0122,Aspiradora Dyson V15,Hogar Inteligente,3172.62,1.0,0.12,2791.91,28
VTA0078388,2022-11-28,11,2022,C02792,Cristina Aparicio Valdivia,Sur,Regular,V017,Abraham Apodaca Colunga,Centro,P0069,Xiaomi Pad 6 Pro,Tablets,5712.34,1.0,0.08,5255.35,37
VTA0078389,2022-11-27,11,2022,C04817,Paola Saavedra,Sur,Premium,V027,Claudio Andrés Gómez Sosa,Sur,P0071,ASUS Zenpad 3S,Tablets,14360.07,3.0,0.06,40495.4,20
VTA0078390,2022-11-05,11,2022,C00213,,Norte,Regular,V042,  Srita. Sandra Escamilla  ,Norte,P0086,Silla Gamer DXRacer,Gaming,20106.88,2.0,0.19,32573.15,26
VTA0078391,2022-11-03,11,2022,C03839,Amelia Nayeli Tijerina Fajardo,Oeste,Regular,V030,Gustavo Camilo Ochoa Gamboa,Oeste,P0011,iPhone 14, Accesorios,10941.85,4.0,0.11,38952.99,43
VTA0078392,2022-11-12,11,2022,C02111,Srita. Antonia Rocha,Norte,Regular,V042,  Srita. Sandra Escamilla  ,Norte,P0068,Lenovo Tab P12,Tablets,14729.97,2.0,0.17,24451.75,21
VTA0078393,2022-11-30,11,2022,C00199,Lic. Cristina Zedillo,Oeste,Regular,V044,Julia Esther Solorio,Centro,P0031,Acer Aspire 7,Laptops,8916.28,3.0,0.09,24341.44,38
VTA0078394,2022-11-26,11,2022,C03958,Eugenio Vergara,Sur,Regular,V023,Fidel Negrete Domínguez,Sur,P0079,Realme Pad 2,Tablets,9887.7,2.0,0.2,15820.32,20
VTA0078395,11/11/2022,11,2022,C01424,Karina Ledesma Almaraz,Norte,premiun,V035,Estela Haro,Oeste,P0041,Bang Olufsen H95,Audio,5788.08,1.0,0.02,5672.32,20
VTA0078396,2022-11-03,11,2022,C04838,Mariana Daniela Pacheco Villarreal,Sur,Premium,V044,Julia Esther Solorio,Centro,P0057,Soporte Laptop Adjustable,Accesorios,528.86,5.0,0.1,2379.87,39
VTA0078397,2022-11-30,11,2022,C04754,Gustavo Homero Preciado Sotelo,Oeste,ocasional,V047,  Estela Bianca Melgar Arias  ,Oeste,P0106,Mochila Lowepro Pro,LAPTOPS,16737.03,1.0,0.19,13556.99,40
VTA0078398,13/11/2022,11,2022,C03074,Cristina Aguilera Elizondo,Oeste,Premium,V040,Karla Silvia Mireles Patiño,Oeste,P0027,MacBook Air M2,Laptops,39085.07,4.0,0.18,-128199.03,24
VTA0078399,2022-11-21,11,2022,C02273,Francisca Marcela Sanches,Oeste,Premium,V040,Karla Silvia Mireles Patiño,Oeste,P0014,Motorola G84,Celulares,5807.94,5.0,0.08,26716.52,20
VTA0078400,2022-11-18,11,2022,C02424,Gabriel Aponte,Sur,ocasional,V023,Fidel Negrete Domínguez,Sur,P0112,Estabilizador DJI OM6,Fotografía,15490.0,1.0,0.18,12701.8,33
VTA0078401,2022-11-20,11,2022,C03936,Luz Amaya Véliz,Este,Ocasional,V010,Sra. Guadalupe Llamas,Este,P0106,Mochila Lowepro Pro,Fotografía,16286.06,3.0,0.11,43483.78,40
VTA0078402,07/11/2022,11,2022,C00469,Gabino Bustamante,Centro,Regular,V017,Abraham Apodaca Colunga,Centro,P0035,Bose QC45,Audio,2923.38,2.0,0.07,5437.49,19
VTA0078403,2022-11-24,11,2022,C02024,Rocío Lilia Orosco,Centro,Premium,V044,Julia Esther Solorio,Centro,P0069,Xiaomi Pad 6 Pro,Tablets,5049.15,3.0,0.15,12875.33,37
VTA0078404,2022-11-14,11,2022,C02470,Ángela Anel Montero de León,Centro,Ocasional,V017,Abraham Apodaca Colunga,Centro,P0084,Steam Deck 512GB,Gaming,11602.97,5.0,0.02,-56854.55,26
VTA0078405,2022-11-30,11,2022,C00221,Iván Hernandes,Norte,Regular,V002,Nelly Marrero Ortiz,Norte,P0023,Microsoft Surface Pro 9,Laptops,32935.97,1.0,0.19,26678.14,27
VTA0078406,2022-11-02,11,2022,C00500,Amelia Hilda Prieto,Este,Premium,V011,Clara Loera,Este,P0121,Roomba j7 Plus,Hogar Inteligente,6116.96,4.0,0.05,23244.45,38
VTA0078407,18/11/2022,11,2022,C04941,Delia Judith Terán,Este,Premium,V049,Ing. María Teresa Bétancourt,Este,P0102,GoPro Hero 12,Fotografía,27524.9,3.0,0.03,80097.46,45
VTA0078408,2022-11-02,11,2022,C04738,Magdalena Lourdes Leyva Crespo,Centro,Ocasional,V028,Sofía Delia Gurule Cantú,Centro,P0069,Xiaomi Pad 6 Pro,Tablets,5018.43,1.0,0.1,4516.59,37
VTA0078409,2022-11-05,11,2022,C02749,  Clemente Hurtado  ,Centro,Premium,V041,Srita. Nadia Casas,Centro,P0112,Estabilizador DJI OM6,Fotografía,17010.18,2.0,0.17,28236.9,33
VTA0078410,2022-11-02,11,2022,C00947,Lucas Serafín Maestas Cervantes,Oeste,ocasional,V009,Amanda María José Bravo,Norte,P0062,Reloj Smartwatch Band,Accesorios,1444.61,3.0,0.18,3553.74,38
VTA0078411,2022-11-09,11,2022,C01751,Sra. María Elena Perea,Oeste,Regular,V040,Karla Silvia Mireles Patiño,Oeste,P0089,Mouse Logitech G Pro X,Gaming,6609.09,2.0,0.17,10971.09,45
VTA0078412,2022-11-21,11,2022,C02542,José Luis Ramiro Véliz Alvarez,Sur,Premium,V024,Bernabé Guerra,Sur,P0024,LG Gram 17,Laptops,41426.75,3.0,0.13,108123.82,26
VTA0078413,25/11/2022,11,2022,C04816,Ing. Uriel Tello,Sur,Premium,V010,Sra. Guadalupe Llamas,Este,P0051,Funda iPhone 15 Pro,Accesorios,1295.57,,0.07,4819.52,40
VTA0078414,2022-11-03,11,2022,C02131,Darío Eric Valdez Serrano,Norte,Ocasional,V009,Amanda María José Bravo,Norte,P0063,Pad Mouse XL Gaming,Accesorios,1985.08,5.0,0.16,8337.34,42
VTA0078415,2022-11-19,11,2022,C04814,Dulce María Ofelia Benavides Elizondo,Centro,REGULAR,V028,Sofía Delia Gurule Cantú,Centro,P0117,Cámara Nest Doorbell,Hogar Inteligente,9878.56,4.0,0.13,34377.39,34
VTA0078416,2022-11-21,11,2022,C01012,Lic. Francisco Montañez,Oeste,Premium,V026,Ing. Elias Valdivia,Oeste,P0057,Soporte Laptop Adjustable,Accesorios,551.75,3.0,0.04,1589.04,39
VTA0078417,2022-11-20,11,2022,C02459,Dra. Minerva Lugo,Norte,REGULAR,V046,Hermelinda Josefina Rodarte Bahena,Norte,P0070,Amazon Fire HD 10,Tablets,18661.39,1.0,0.0,18661.39,33
VTA0078418,2022-11-10,11,2022,C02623,Tania Concepción Mireles,Este,Premiun,V010,Sra. Guadalupe Llamas,Este,P0082,Xbox Series X,Gaming,11287.39,3.0,0.1,30475.95,30
VTA0078419,2022-11-28,11,2022,C04464,Francisco Salinas,Este,Regular,V032,Nelly Barela Cardenas,Este,P0068,Lenovo Tab P12,Tablets,13278.53,3.0,0.02,39038.88,21
VTA0078420,2022-11-06,11,2022,C00299,  Adalberto Adalberto Espino  ,Oeste,Regular,V022,Bernardo Lemus Caballero,Oeste,P0072,Huawei MatePad Pro,Tablets,19147.08,4.0,0.1,68929.49,43
VTA0078421,2022-11-12,11,2022,C02736,  Rosario Cortez  ,Norte,Ocasional,V002,Nelly Marrero Ortiz,Norte,P0089,Mouse Logitech G Pro X,Gaming,6584.13,2.0,0.09,11983.12,45
VTA0078422,2022-11-02,11,2022,C02804,Alberto Garibay,Sur,Ocasional,V027,Claudio Andrés Gómez Sosa,Sur,P0085,Monitor LG 27GP950,Gaming,17560.03,1.0,0.12,15452.83,43
VTA0078423,2022-11-03,11,2022,C04827,Jacinto Germán Prieto,Norte,Regular,V002,Nelly Marrero Ortiz,Norte,P0063,Pad Mouse XL Gaming,tablets,2059.11,5.0,0.18,8442.35,42
VTA0078424,2022-11-30,11,2022,C03511,Dr. Gregorio Valenzuela,Norte,Ocasional,V045,Marisela Vanesa Chapa Aranda,Norte,P0073,Microsoft Surface Go 3,Tablets,11863.06,4.0,0.06,44605.11,22
VTA0078425,2022-11-04,11,2022,C04679,Sra. Mitzy Colón,Sur,Premium,V012,Rubén Marco Antonio Orta Ramos,Sur,P0057,Soporte Laptop Adjustable,Accesorios,494.83,5.0,0.05,-2350.44,39
VTA0078426,2022-11-28,11,2022,C00384,Asunción Ruby Jiménez Méndez,Este,Premium,V005,Aldo Adán Rodrígez Galarza,Este,P0057,Soporte Laptop Adjustable,Accesorios,539.07,5.0,0.16,2264.09,39
VTA0078427,24/11/2022,11,2022,C03713,  Eva Isabel Reyna  ,Centro,Regular,V027,Claudio Andrés Gómez Sosa,Sur,P0018,Dell XPS 15,Laptops,41161.11,5.0,0.02,201689.44,40
VTA0078428,2022-11-09,11,2022,C01800,Gonzalo Lucio Quintero,Oeste,Ocasional,V026,Ing. Elias Valdivia,Oeste,P0067,iPad Air M1,Tablets,15461.77,5.0,0.08,71124.14,39
VTA0078429,2022-11-30,11,2022,C03172,Uriel Salvador Gracia Vega,Oeste,Premium,V035,Estela Haro,Oeste,P0125,TV Samsung QLED 55,Hogar Inteligente,2724.53,3.0,0.03,7928.38,20
VTA0078430,2022-11-25,11,2022,C04551,Dr. Sergio Cavazos,Norte,Premium,V029,Francisco Ballesteros,Norte,P0068,Lenovo Tab P12,Tablets,13731.04,1.0,0.13,11946.0,21
VTA0078431,2022-11-20,11,2022,C01640,Frida Pilar Urrutia,Norte,Ocasional,V045,Marisela Vanesa Chapa Aranda,Norte,P0109,Filtro ND Variable,Fotografía,3343.76,5.0,0.1,15046.92,30
VTA0078432,2022-11-05,11,2022,C03588,Hugo Bueno,Sur,Ocasional,V019,Jacinto Rodrigo Salazar Rolón,Sur,P0051,Funda iPhone 15 Pro,Accesorios,1197.35,,0.06,1125.51,40
VTA0078433,2022-11-02,11,2022,C00081,Lic. Lorenzo Armenta,Este,Regular,V032,Nelly Barela Cardenas,Este,P0075,Samsung Galaxy Tab A9,Tablets,17689.86,5.0,0.03,85795.82,35
VTA0078434,2022-11-05,11,2022,C04536,Emilia Barraza,Oeste,Ocacional,V050,José María Gustavo Beltrán,Oeste,P0114,Google Nest Hub 2,Hogar Inteligente,5265.75,2.0,0.15,8951.78,45
VTA0078435,2022-11-08,11,2022,C04137,Lourdes Carmona Vásquez,Oeste,Regular,V038,Violeta Itzel Benavídez,Oeste,P0102,GoPro Hero 12,Fotografía,25017.15,4.0,0.03,97066.54,45
VTA0078436,2022-11-13,11,2022,C02260,Lic. Alejandro Arce,Este,Premium,V049,Ing. María Teresa Bétancourt,Este,P0116,Foco Philips Hue,Hogar Inteligente,3765.98,3.0,0.17,9377.29,44
VTA0078437,2022-11-12,11,2022,C01868,Ing. Reynaldo Hurtado,Sur,Ocasional,V018,Lic. Gilberto Castellanos,Sur,P0098,Sony Alpha 7 IV,Fotografía,20944.65,4.0,0.06,78751.88,34
VTA0078438,07/11/2022,11,2022,C00172,Francisco Javier Joaquín Casas Pacheco,Este,Ocasional,V011,Clara Loera,Este,P0022,Acer Swift 5,Laptops,36208.56,3.0,0.03,105366.91,41
VTA0078439,2022-11-24,11,2022,C01525,Cristobal Omar Véliz,Norte,Ocasional,V045,Marisela Vanesa Chapa Aranda,Norte,P0020,Lenovo ThinkPad X1,Laptops,24323.73,2.0,0.16,40863.87,42
VTA0078440,30/11/2022,11,2022,C02076,Victoria Ángela Ramos,Este,Premium,V032,Nelly Barela Cardenas,Este,P0012,Samsung A55,celulares,19466.85,,0.07,36208.34,36
VTA0078441,2022-11-03,11,2022,C02379,Bianca Clara Trujillo,Norte,Premium,V009,Amanda María José Bravo,Norte,P0049,Cargador MagSafe 30W,Accesorios,980.49,2.0,0.12,1725.66,37
VTA0078442,2022-11-18,11,2022,C02490,  Reynaldo Martín Ulloa Prieto  ,Oeste,premiun,V001,Fernando Casares Jimínez,Oeste,P0119,Enchufe Inteligente TP,gaming,4708.32,1.0,0.13,4096.24,27
VTA0078443,2022-11-09,11,2022,C02756,  Citlali Valle Tapia  ,Centro,Premium,V017,Abraham Apodaca Colunga,Centro,P0117,Cámara Nest Doorbell,Hogar Inteligente,10339.99,5.0,0.03,50148.95,34
VTA0078444,2022-11-16,11,2022,C01026,Úrsula Barbara Zayas Cruz,Sur,Premium,V006,  Dr. Evelio Murillo  ,Sur,P0114,Google Nest Hub 2,Hogar Inteligente,5390.27,2.0,0.05,10241.51,45
VTA0078445,2022-11-08,11,2022,C00907,,Oeste,Premiun,V026,Ing. Elias Valdivia,Oeste,P0083,Nintendo Switch OLED,Gaming,14386.18,4.0,0.15,48913.01,39
VTA0078446,09/11/2022,11,2022,C01421,Esteban Renato Melgar Chapa,Oeste,Premium,V035,Estela Haro,Oeste,P0052,Protector Pantalla S24,fotografia,1177.65,3.0,0.03,3426.96,31
VTA0078447,2022-11-01,11,2022,C01347,Sr. Israel Malave,Centro,Regular,V031,  Bernabé César Salazar  ,Centro,P0026,MSI Prestige 16, Accesorios,8870.19,4.0,0.04,34061.53,44
VTA0078448,2022-11-07,11,2022,C02388,Abraham Candelaria Soria,Sur,Regular,V027,Claudio Andrés Gómez Sosa,Sur,P0073,Microsoft Surface Go 3,Tablets,11146.02,2.0,0.06,20954.52,22
VTA0078449,2022-11-03,11,2022,C01000,Concepción Corrales,Norte,Ocasional,V046,Hermelinda Josefina Rodarte Bahena,Norte,P0056,Webcam Logitech C920,Accesorios,1892.21,3.0,0.12,4995.43,43
VTA0078450,07/11/2022,11,2022,C03253,Gustavo David Maldonado Ballesteros,Este,Premium,V032,Nelly Barela Cardenas,Este,P0040,Jabra Elite 85h,Audio,2757.99,1.0,0.08,2537.35,38
VTA0078451,2022-11-27,11,2022,C00358,Arturo Diego Casillas Jimínez,Sur,Regular,V018,Lic. Gilberto Castellanos,Sur,P0071,ASUS Zenpad 3S,Tablets,14656.78,5.0,0.14,63024.15,20
VTA0078452,2022-11-09,11,2022,C03747,Octavio Barrientos Leyva,Oeste,Regular,V047,  Estela Bianca Melgar Arias  ,Oeste,P0107,Tarjeta SD SanDisk 256,Fotografía,10617.57,4.0,0.09,38647.95,27
VTA0078453,2022-11-25,11,2022,C03047,  María Cristina Aranda Reyes  ,Centro,Ocasional,V033,Jaime Gamez Maldonado,Centro,P0102,GoPro Hero 12,Fotografía,26441.14,2.0,0.13,46007.58,45
VTA0078454,2022-11-19,11,2022,C00532,Lic. Clara Quiñones,Centro,Premium,V038,Violeta Itzel Benavídez,Oeste,P0068,Lenovo Tab P12,Tablets,15458.86,3.0,0.06,43593.99,21
VTA0078455,2022-11-11,11,2022,C00943,Cristian de la Torre,Oeste,REGULAR,V040,Karla Silvia Mireles Patiño,Oeste,P0088,Teclado Razer Huntsman,Gaming,23070.37,5.0,0.06,108430.74,44
VTA0078456,29/11/2022,11,2022,C03387,Hilda Linda Arriaga,Norte,Regular,V002,Nelly Marrero Ortiz,Norte,P0103,Lente Canon RF 50mm,Fotografía,13736.17,1.0,0.15,11675.74,31
VTA0078457,18/11/2022,11,2022,C00189,Antonia Amaya Prado,Centro,Ocasional,V003,Jacinto Rivero Valladares,Centro,P0113,Alexa Echo Dot 5,Hogar Inteligente,10579.29,4.0,0.05,40201.3,20
VTA0078458,2022-11-18,11,2022,C01635,Dr. Zacarías Parra,Oeste,Ocacional,V038,Violeta Itzel Benavídez,Oeste,P0126,Proyector BenQ 4K,Hogar Inteligente,7040.72,4.0,0.04,-27036.36,35
VTA0078459,2022-11-17,11,2022,C02977,Guillermina Cabrera,Centro,Premium,V037,Victoria Caridad Concepción,Centro,P0074,iPad Mini 6,celulares,17260.98,4.0,0.08,63520.41,31
VTA0078460,2022-11-28,11,2022,C03648,Srita. Inés Díaz,Oeste,Ocasional,V044,Julia Esther Solorio,Centro,P0016,Tecno Spark 20,Celulares,13233.17,4.0,0.12,46580.76,20
VTA0078461,10/11/2022,11,2022,C04969,Silvano Enríquez,Norte,Regular,V004,Aurora Zelaya,Norte,P0022,Acer Swift 5,Laptops,34893.5,1.0,0.03,33846.7,41
VTA0078462,20/11/2022,11,2022,C04010,Sr. José Eduardo Batista,Norte,Premium,V002,Nelly Marrero Ortiz,Norte,P0072,Huawei MatePad Pro,Tablets,16718.69,1.0,0.18,13709.33,43
VTA0078463,15/11/2022,11,2022,C02026,Isabela Paola Luevano,Este,Ocasional,V005,Aldo Adán Rodrígez Galarza,Este,P0115,Apple HomePod Mini,Hogar Inteligente,7395.78,1.0,0.13,6434.33,46
VTA0078464,03/11/2022,11,2022,C04898,Lic. Abigail Bañuelos,Norte,Ocasional,V043,Homero Esquivel,Norte,P0063,Pad Mouse XL Gaming,gaming,1763.98,2.0,0.15,2998.77,42
VTA0078465,2022-11-17,11,2022,C00715,Jacobo Nevárez,Este,premiun,V049,Ing. María Teresa Bétancourt,Este,P0045,Marshall Emberton III,Audio,7381.32,3.0,0.04,-21258.2,22
VTA0078466,2022-11-20,11,2022,C00803,Vicente Colunga,Norte,Ocasional,V043,Homero Esquivel,Norte,P0039,Sennheiser HD 450,Audio,1036.66,5.0,0.13,4509.47,24
VTA0078467,2022-11-26,11,2022,C02446,Zacarías Pascual de León,Norte,Premium,V015,Joaquín Benavides Meza,Norte,P0105,Tripié Joby GorillaPod,Fotografía,10578.65,1.0,0.08,9732.36,41
VTA0078468,2022-11-10,11,2022,C01175,  Ing. Asunción Méndez  ,Sur,Premium,V011,Clara Loera,Este,P0063,Pad Mouse XL Gaming,Accesorios,1872.5,5.0,0.03,9081.62,42
VTA0078469,2022-11-11,11,2022,C02850,Sessa Ojeda Santiago,Norte,Regular,V016,Octavio Mario Rincón Marín,Norte,P0100,Fujifilm X-T5,Fotografía,16250.98,1.0,0.02,15925.96,42
VTA0078470,2022-11-03,11,2022,C04969,Silvano Enríquez,Norte,Regular,V030,Gustavo Camilo Ochoa Gamboa,Oeste,P0077,Blackview Tab 16,Tablets,11213.67,1.0,0.2,8970.94,21
VTA0078471,2022-11-17,11,2022,C01819,Amanda Clara Pichardo Alcaraz,Norte,premiun,V043,Homero Esquivel,Norte,P0024,LG Gram 17,Laptops,41550.36,1.0,0.01,41134.86,26
VTA0078472,2022-11-14,11,2022,C02392,Paulina Vaca,Centro,Ocasional,V048,Ivonne Véliz,Centro,P0057,Soporte Laptop Adjustable,Accesorios,576.0,1.0,0.15,489.6,39
VTA0078473,2022-11-02,11,2022,C02091,Lic. Leonel Casas,Norte,ocasional,V002,Nelly Marrero Ortiz,Norte,P0059,Audífonos USB-C,fotografia,1386.95,4.0,0.19,4493.72,43
VTA0078474,2022-11-04,11,2022,C01036,Ángela Villareal,Este,Premium,V032,Nelly Barela Cardenas,Este,P0099,Nikon Z6 III,Fotografía,30317.83,5.0,0.03,147041.48,21
VTA0078475,29/11/2022,11,2022,C00170,Irene Lourdes Gutiérrez Saldaña,Centro,Premium,V041,Srita. Nadia Casas,Centro,P0110,Reflector 5en1 80cm, Accesorios,15418.97,1.0,0.02,15110.59,26
VTA0078476,23/11/2022,11,2022,C01619,Lic. Ricardo Candelaria,Centro,Premium,V003,Jacinto Rivero Valladares,Centro,P0105,Tripié Joby GorillaPod,Fotografía,9327.66,3.0,0.04,26863.66,41
VTA0078477,02/11/2022,11,2022,C04473,Óscar Claudio Sandoval Barreto,Sur,Ocasional,V024,Bernabé Guerra,Sur,P0044,Anker Q45,LAPTOPS,7325.34,2.0,0.13,12746.09,23
VTA0078478,2022-11-10,11,2022,C03914,Ing. Sofía Rosas,Oeste,Ocasional,V004,Aurora Zelaya,Norte,P0069,Xiaomi Pad 6 Pro,Tablets,5479.19,2.0,0.19,8876.29,37
VTA0078479,2022-11-08,11,2022,C04773,Berta Mares,Norte,REGULAR,V029,Francisco Ballesteros,Norte,P0061,Batería Portátil 20000,Accesorios,1760.94,1.0,0.05,1672.89,32
VTA0078480,2022-11-27,11,2022,C01169,  Gonzalo Ríos Salcido  ,Este,Premium,V022,Bernardo Lemus Caballero,Oeste,P0087,Headset HyperX Cloud III,Gaming,2086.07,3.0,0.08,5757.55,38
VTA0078481,2022-11-09,11,2022,C00477,Caridad Rolón Lozada,Norte,Regular,V042,  Srita. Sandra Escamilla  ,Norte,P0121,Roomba j7 Plus,Hogar Inteligente,6777.65,3.0,0.2,16266.36,38
VTA0078482,2022-11-11,11,2022,C02525,Juan Peralta Cano,Centro,Regular,V031,  Bernabé César Salazar  ,Centro,P0048,Skullcandy Crusher,Audio,3634.18,5.0,0.14,15626.97,44
VTA0078483,2022-11-28,11,2022,C03927,Guadalupe Dalia Patiño,Este,Regular,V049,Ing. María Teresa Bétancourt,Este,P0108,Batería Canon LP-E6,Fotografía,17754.61,1.0,0.19,14381.23,32
VTA0078484,2022-11-19,11,2022,C04469,Víctor Juan Sanabria Lerma,Este,REGULAR,V005,Aldo Adán Rodrígez Galarza,Este,P0118,Termostato Nest 3,audio ,1519.23,3.0,0.19,3691.73,30
VTA0078485,2022-11-06,11,2022,C01222,Mariano Pedro Carmona Cano,Sur,Ocasional,V034,Rufino Rivera,Sur,P0109,Filtro ND Variable,Fotografía,3299.96,3.0,0.03,9602.88,30
VTA0078486,2022-11-29,11,2022,C01835,Wendolin Ulibarri,Centro,Regular,V017,Abraham Apodaca Colunga,Centro,P0063,Pad Mouse XL Gaming,Accesorios,1884.91,2.0,0.05,3581.33,42
VTA0078487,18/11/2022,11,2022,C00217,Salvador Espinoza Monroy,Sur,Regular,V019,Jacinto Rodrigo Salazar Rolón,Sur,P0063,Pad Mouse XL Gaming,Accesorios,2039.34,,0.03,3956.32,42
VTA0078488,2022-11-20,11,2022,C03809,Andrés Fidel Cervántez Almanza,Sur,Premium,V036,  Dr. Ignacio Aparicio  ,Sur,P0109,Filtro ND Variable,Fotografía,3490.88,,0.1,9425.38,30
VTA0078489,2022-11-22,11,2022,C04966,Ing. Gloria Crespo,Norte,Premium,V042,  Srita. Sandra Escamilla  ,Norte,P0065,iPad Pro M2 12.9,Tablets,7282.22,5.0,0.16,30585.32,21
VTA0078490,22/11/2022,11,2022,C01786,Lic. Carolina Sáenz,Sur,Regular,V024,Bernabé Guerra,Sur,P0125,TV Samsung QLED 55,Hogar Inteligente,2372.73,1.0,0.02,-2325.28,20
VTA0078491,2022-11-18,11,2022,C04214,Dra. Bianca Roque,Sur,Premium,V020,Dr. Arturo Angulo,Sur,P0013,Xiaomi Redmi Note 13,Celulares,11834.16,1.0,0.19,9585.67,30
VTA0078492,2022-11-21,11,2022,C00796,Lorena Farías Melgar,Oeste,REGULAR,V040,Karla Silvia Mireles Patiño,Oeste,P0081,PlayStation 5,Gaming,10130.33,3.0,0.03,29479.26,46
VTA0078493,2022-11-27,11,2022,C03432,Aurora Raquel Baeza Lugo,Norte,Regular,V015,Joaquín Benavides Meza,Norte,P0088,Teclado Razer Huntsman,Gaming,23852.45,1.0,0.06,22421.3,44
VTA0078494,2022-11-29,11,2022,C02325,Natividad Alonso Salazar,Centro,Ocasional,V013,Alvaro Gaona Ocasio,Sur,P0046,JBL Flip 6,Audio,2693.14,3.0,0.18,6625.12,40
VTA0078495,2022-11-20,11,2022,C04750,Miriam Verónica Lemus Baeza,Oeste,Regular,V047,  Estela Bianca Melgar Arias  ,Oeste,P0068,Lenovo Tab P12,Tablets,15693.55,5.0,0.13,68266.94,21
VTA0078496,2022-11-25,11,2022,C00960,Alma Elisa Barela Paz,Centro,Ocasional,V036,  Dr. Ignacio Aparicio  ,Sur,P0078,Chuwi HiPad X,Tablets,12055.26,4.0,0.07,44845.57,20
VTA0078497,2022-11-12,11,2022,C00223,Sr. Timoteo Bañuelos,Oeste,premiun,V007,Conchita Leticia Gastélum Corral,Oeste,P0066,Samsung Galaxy Tab S9,Tablets,12332.59,1.0,0.01,12209.26,24
VTA0078498,2022-11-08,11,2022,C02143,Ing. Clara Mares,Oeste,Regular,V007,Conchita Leticia Gastélum Corral,Oeste,P0043,Sony WF-1000XM5,Audio,4723.35,3.0,0.12,12469.64,25
VTA0078499,2022-11-09,11,2022,C01555,Eduardo Nájera Muñiz,Centro,Ocasional,V017,Abraham Apodaca Colunga,Centro,P0094,RAM Corsair 32GB,Gaming,18314.64,1.0,0.08,16849.47,26
VTA0078500,2022-11-01,11,2022,C01294,Raquel Karina Ornelas,Sur,ocasional,V025,Manuel Gerónimo Armas,Sur,P0048,Skullcandy Crusher,Audio,3740.36,5.0,0.2,14961.44,44
VTA0078501,2022-11-25,11,2022,C03736,Pedro Villalobos,Este,Premium,V049,Ing. María Teresa Bétancourt,Este,P0081,PlayStation 5, Accesorios,10249.47,4.0,0.0,40997.88,46
VTA0078502,2022-11-22,11,2022,C03932,Isabela Eloisa Pelayo,Este,Regular,V049,Ing. María Teresa Bétancourt,Este,P0024,LG Gram 17,celulares,42728.84,1.0,0.13,37174.09,26
VTA0078503,26/11/2022,11,2022,C03047,  María Cristina Aranda Reyes  ,Centro,Ocasional,V044,Julia Esther Solorio,Centro,P0061,Batería Portátil 20000,Accesorios,1982.47,4.0,0.16,6661.1,32
VTA0078504,2022-11-28,11,2022,C01527,Silvano Rubén Pedraza,Centro,Premiun,V048,Ivonne Véliz,Centro,P0121,Roomba j7 Plus,Hogar Inteligente,5914.41,4.0,0.06,22238.18,38
VTA0078505,2022-11-09,11,2022,C03988,Hernán Julio César Villalobos,Centro,Ocasional,V047,  Estela Bianca Melgar Arias  ,Oeste,P0048,Skullcandy Crusher,Audio,3930.81,3.0,0.14,-10141.49,44
VTA0078506,2022-11-23,11,2022,C01303,Diego Enrique Chacón,Este,Ocasional,V040,Karla Silvia Mireles Patiño,Oeste,P0056,Webcam Logitech C920,Accesorios,1950.3,3.0,0.17,4856.25,43
VTA0078507,2022-11-25,11,2022,C00469,Gabino Bustamante,Centro,Regular,V044,Julia Esther Solorio,Centro,P0029,HP Pavilion 15,Laptops,9821.0,1.0,0.17,8151.43,24
VTA0078508,2022-11-12,11,2022,C04875,  Juan Carlos Orosco  ,Este,Regular,V049,Ing. María Teresa Bétancourt,Este,P0015,Nokia G42,Celulares,18081.24,1.0,0.03,17538.8,26
VTA0078509,2022-11-17,11,2022,C03599,Jaime Mariano Cortez Mayorga,Oeste,Ocasional,V047,  Estela Bianca Melgar Arias  ,Oeste,P0082,Xbox Series X,Gaming,11625.94,4.0,0.02,45573.68,30
VTA0078510,2022-11-18,11,2022,C04325,  Aurelio Javier Barreto  ,Centro,Ocacional,V037,Victoria Caridad Concepción,Centro,P0087,Headset HyperX Cloud III,Gaming,1917.82,3.0,0.19,4660.3,38
VTA0078511,2022-11-01,11,2022,C01797,,Este,premiun,V005,Aldo Adán Rodrígez Galarza,Este,P0037,JBL Charge 5,Audio,8318.83,2.0,0.07,15473.02,21
VTA0078512,2022-11-05,11,2022,C04941,Delia Judith Terán,Este,Premium,V032,Nelly Barela Cardenas,Este,P0082,Xbox Series X,Gaming,11323.67,4.0,0.09,41218.16,30
VTA0078513,2022-11-17,11,2022,C02397,Alicia Moreno Carreón,Oeste,Ocasional,V013,Alvaro Gaona Ocasio,Sur,P0099,Nikon Z6 III,Fotografía,27509.54,5.0,0.14,118291.02,21
VTA0078514,2022-11-06,11,2022,C00684,  Estela Sofía Gaona Valles  ,Sur,Premium,V050,José María Gustavo Beltrán,Oeste,P0066,Samsung Galaxy Tab S9,Tablets,13728.5,1.0,0.02,13453.93,24
VTA0078515,2022-11-12,11,2022,C01629,Luis Miguel Benítez López,Este,Ocacional,V039,Sr. Modesto Guillen,Oeste,P0028,Dell Inspiron 15,tablets,28990.85,1.0,0.18,23772.5,37
VTA0078516,2022-11-09,11,2022,C00749,Wendolin Carrasco Zúñiga,Este,Regular,V032,Nelly Barela Cardenas,Este,P0010,Huawei Pura 70,Celulares,10013.72,2.0,0.04,19226.34,27
VTA0078517,2022-11-19,11,2022,C00043,Amador Olvera,Norte,Premium,V029,Francisco Ballesteros,Norte,P0021,ASUS ROG Zephyrus,Laptops,12785.79,1.0,0.01,12657.93,36
VTA0078518,2022-11-26,11,2022,C04558,Eloisa Olmos Durán,Este,Premium,V032,Nelly Barela Cardenas,Este,P0090,Control Xbox Elite 2,Gaming,29195.19,1.0,0.04,28027.38,40
VTA0078519,2022-11-10,11,2022,C04117,Dr. Esteban Frías,Sur,Regular,V024,Bernabé Guerra,Sur,P0119,Enchufe Inteligente TP,Hogar Inteligente,5171.9,1.0,0.17,4292.68,27
VTA0078520,2022-11-06,11,2022,C04689,Srita. Inés Rosario,Centro,Regular,V013,Alvaro Gaona Ocasio,Sur,P0009,Sony Xperia 1 VI,Celulares,22117.52,4.0,0.11,78738.37,24
VTA0078521,2022-11-09,11,2022,C00913,Dra. Carolina Quiñones,Norte,Regular,V016,Octavio Mario Rincón Marín,Norte,P0037,JBL Charge 5,Audio,8270.93,5.0,0.01,40941.1,21
VTA0078522,17/11/2022,11,2022,C03623,Leonor Balderas Quiñones,Norte,Regular,V042,  Srita. Sandra Escamilla  ,Norte,P0021,ASUS ROG Zephyrus,Laptops,11327.5,4.0,0.05,43044.5,36
VTA0078523,2022-11-17,11,2022,C00991,María Eugenia Batista,Norte,Regular,V002,Nelly Marrero Ortiz,Norte,P0080,Honor Pad 8,Tablets,8746.31,2.0,0.09,15918.28,19
VTA0078524,2022-11-07,11,2022,C04887,Yolanda Becerra,Norte,Ocasional,V047,  Estela Bianca Melgar Arias  ,Oeste,P0033,Sony WH-1000XM5,Audio,7648.76,5.0,0.1,34419.42,25
VTA0078525,17/11/2022,11,2022,C02709,Cecilia Díaz Perales,Centro,Regular,V033,Jaime Gamez Maldonado,Centro,P0049,Cargador MagSafe 30W,Accesorios,976.98,5.0,0.17,4054.47,37
VTA0078526,2022-11-09,11,2022,C00092,Dulce Carvajal,Centro,Premium,V049,Ing. María Teresa Bétancourt,Este,P0008,OPPO Find X7,Celulares,19080.07,1.0,0.02,18698.47,26
VTA0078527,2022-11-13,11,2022,C00896,Alfredo Raúl Griego,Sur,Ocasional,V012,Rubén Marco Antonio Orta Ramos,Sur,P0092,Micrófono Blue Yeti,Gaming,13199.73,3.0,0.11,35243.28,47
VTA0078528,2022-11-30,11,2022,C02306,  Bernardo Garza Orellana  ,Centro,premiun,V044,Julia Esther Solorio,Centro,P0096,Cooling Noctua NH-D15,Gaming,9565.75,2.0,0.09,17409.66,41
VTA0078529,2022-11-30,11,2022,C04353,Julio Rivero de Jesús,Oeste,Regular,V026,Ing. Elias Valdivia,Oeste,P0004,Google Pixel 8,tablets,5038.98,1.0,0.1,4535.08,34
VTA0078530,2022-11-21,11,2022,C02980,Gerónimo Ceballos,Oeste,Premium,V040,Karla Silvia Mireles Patiño,Oeste,P0099,Nikon Z6 III,Fotografía,28300.43,2.0,0.08,52072.79,21
VTA0078531,2022-11-16,11,2022,C03292,Cynthia Josefina Rolón Coronado,Centro,Regular,V005,Aldo Adán Rodrígez Galarza,Este,P0054,Mouse Logitech MX Master,Accesorios,1331.25,1.0,0.18,1091.62,25
VTA0078532,2022-11-24,11,2022,C01303,Diego Enrique Chacón,Este,Ocasional,V032,Nelly Barela Cardenas,Este,P0022,Acer Swift 5,Laptops,37026.38,3.0,0.2,88863.31,41
VTA0078533,2022-11-03,11,2022,C04881,Lucía Tórrez,Centro,Premium,V037,Victoria Caridad Concepción,Centro,P0096,Cooling Noctua NH-D15,Gaming,10034.56,4.0,0.13,34920.27,41
VTA0078534,2022-11-19,11,2022,C04510,Sara Sosa,Este,premiun,V032,Nelly Barela Cardenas,Este,P0103,Lente Canon RF 50mm,Fotografía,15867.56,4.0,0.07,59027.32,31
VTA0078535,2022-11-19,11,2022,C00932,Gabriel Velásquez Badillo,Centro,Premium,V031,  Bernabé César Salazar  ,Centro,P0118,Termostato Nest 3,Hogar Inteligente,1533.46,3.0,0.03,4462.37,30
VTA0078536,2022-11-05,11,2022,C04978,Débora Rosario Menéndez Barrientos,Centro,Ocasional,V011,Clara Loera,Este,P0051,Funda iPhone 15 Pro,Accesorios,1170.6,4.0,0.17,3886.39,40
VTA0078537,2022-11-16,11,2022,C03879,Eloy Andrés Lugo,Norte,Ocasional,V045,Marisela Vanesa Chapa Aranda,Norte,P0093,GPU RTX 4070 Ti,Gaming,26593.03,1.0,0.12,23401.87,29
VTA0078538,2022-11-14,11,2022,C00365,Rafaél Valles Archuleta,Centro,Ocasional,V003,Jacinto Rivero Valladares,Centro,P0040,Jabra Elite 85h,Audio,2757.95,2.0,0.07,5129.79,38
VTA0078539,2022-11-27,11,2022,C02097,Citlali Antonia Mireles Ávila,Centro,Ocasional,V026,Ing. Elias Valdivia,Oeste,P0101,DJI Mavic 3 Pro,Fotografía,13495.87,4.0,0.19,43726.62,27
VTA0078540,2022-11-15,11,2022,C00845,Salvador Aguilar,Centro,Premium,V003,Jacinto Rivero Valladares,Centro,P0082,Xbox Series X,Gaming,11291.12,2.0,0.12,19872.37,30
VTA0078541,2022-11-09,11,2022,C02070,Dr. Emilio Archuleta,Sur,Ocasional,V049,Ing. María Teresa Bétancourt,Este,P0081,PlayStation 5,Gaming,11666.72,5.0,0.04,56000.26,46
VTA0078542,2022-11-18,11,2022,C00720,Victoria Almanza,Este,REGULAR,V010,Sra. Guadalupe Llamas,Este,P0021,ASUS ROG Zephyrus,Laptops,12722.39,5.0,0.02,62339.71,36
VTA0078543,2022-11-18,11,2022,C01367,Lic. Esparta Cuellar,Norte,Regular,V046,Hermelinda Josefina Rodarte Bahena,Norte,P0050,Cable USB-C 2m,Accesorios,1430.19,4.0,0.04,5491.93,32
VTA0078544,2022-11-06,11,2022,C02392,Paulina Vaca,Centro,Ocasional,V023,Fidel Negrete Domínguez,Sur,P0053,Hub USB-C 7en1,Accesorios,454.77,5.0,0.17,1887.3,20
VTA0078545,2022-11-03,11,2022,C04398,Lic. Francisco Javier Padilla,Este,Ocasional,V010,Sra. Guadalupe Llamas,Este,P0114,Google Nest Hub 2,Hogar Inteligente,5111.46,4.0,0.07,19014.63,45
VTA0078546,2022-11-04,11,2022,C03283,Rafaél Julio César Chapa Ballesteros,Centro,Premium,V017,Abraham Apodaca Colunga,Centro,P0020,Lenovo ThinkPad X1,hogar inteligente,25688.33,4.0,0.12,90422.92,42
VTA0078547,2022-11-15,11,2022,C00799,Andrea Esther Otero,Este,Ocacional,V010,Sra. Guadalupe Llamas,Este,P0037,JBL Charge 5,Audio,7899.27,1.0,0.15,6714.38,21
VTA0078548,2022-11-17,11,2022,C01423,Alejandra Karla Escobedo,Sur,Premium,V034,Rufino Rivera,Sur,P0103,Lente Canon RF 50mm,Fotografía,15596.59,4.0,0.1,56147.72,31
VTA0078549,2022-11-11,11,2022,C04614,Lic. Florencia Ávila,Oeste,Regular,V047,  Estela Bianca Melgar Arias  ,Oeste,P0079,Realme Pad 2,Tablets,8314.87,5.0,0.09,37832.66,20
VTA0078550,15/11/2022,11,2022,C02088,Patricia Estela Mateo,Norte,Regular,V046,Hermelinda Josefina Rodarte Bahena,Norte,P0126,Proyector BenQ 4K, Accesorios,7053.03,3.0,0.17,17562.04,35
VTA0078551,2022-11-18,11,2022,C02949,Zacarías Olivera Verduzco,Sur,Premium,V034,Rufino Rivera,Sur,P0057,Soporte Laptop Adjustable,Accesorios,502.86,4.0,0.08,1850.52,39
VTA0078552,2022-11-05,11,2022,C01900,Cecilia Lilia Serna,Este,Premium,V010,Sra. Guadalupe Llamas,Este,P0069,Xiaomi Pad 6 Pro,Tablets,5396.04,5.0,0.14,23202.97,37
VTA0078553,2022-11-27,11,2022,C01609,  Dr. Abraham Casares  ,Este,Ocasional,V010,Sra. Guadalupe Llamas,Este,P0109,Filtro ND Variable,Fotografía,3767.05,1.0,0.11,3352.67,30
VTA0078554,2022-11-26,11,2022,C02128,Dr. Benjamín Suárez,Oeste,Premium,V038,Violeta Itzel Benavídez,Oeste,P0090,Control Xbox Elite 2,Gaming,24941.0,2.0,0.19,40404.42,40
VTA0078555,2022-11-03,11,2022,C04652,  Lic. Rodrigo Prado  ,Sur,Regular,V018,Lic. Gilberto Castellanos,Sur,P0078,Chuwi HiPad X,Tablets,13569.02,5.0,0.01,67166.65,20
VTA0078556,08/11/2022,11,2022,C02133,  Noelia Trinidad Villa Estrada  ,Sur,Premium,V024,Bernabé Guerra,Sur,P0078,Chuwi HiPad X,Tablets,12432.22,5.0,0.0,62161.1,20
VTA0078557,17/11/2022,11,2022,C01121,Ing. Estela Batista,Centro,Regular,V044,Julia Esther Solorio,Centro,P0068,Lenovo Tab P12,Tablets,14226.86,5.0,0.0,71134.3,21
VTA0078558,2022-11-19,11,2022,C00022,Cristal Ana Burgos Colunga,Este,Ocasional,V005,Aldo Adán Rodrígez Galarza,Este,P0106,Mochila Lowepro Pro,Fotografía,17361.84,1.0,0.02,17014.6,40
VTA0078559,15/11/2022,11,2022,C00475,Ilse Catalina Jimínez,Centro,Premium,V003,Jacinto Rivero Valladares,Centro,P0019,HP Spectre x360,Laptops,34269.44,1.0,0.19,27758.25,26
VTA0078560,2022-11-20,11,2022,C00913,,Norte,Regular,V043,Homero Esquivel,Norte,P0010,Huawei Pura 70,Celulares,9510.4,,0.17,7893.63,27
VTA0078561,2022-11-21,11,2022,C02936,,Sur,Ocasional,V045,Marisela Vanesa Chapa Aranda,Norte,P0091,Capturadora Elgato 4K,Gaming,1589.16,1.0,0.17,1319.0,25
VTA0078562,2022-11-27,11,2022,C01141,Abraham Juan Carlos Prado,Este,Premium,V005,Aldo Adán Rodrígez Galarza,Este,P0038,Beats Studio Pro,Audio,2173.76,1.0,0.17,1804.22,39
VTA0078563,2022-11-10,11,2022,C04294,Mauricio Porfirio Muñoz,Oeste,Premium,V007,Conchita Leticia Gastélum Corral,Oeste,P0016,Tecno Spark 20,audio ,15746.19,1.0,0.11,14014.11,20
VTA0078564,2022-11-10,11,2022,C01594,Dr. Gerardo Prieto,Sur,Premium,V025,Manuel Gerónimo Armas,Sur,P0037,JBL Charge 5,Audio,7480.62,2.0,0.17,12417.83,21
VTA0078565,2022-11-21,11,2022,C02915,Lorena Aldonza Murillo Paz,Este,Premium,V005,Aldo Adán Rodrígez Galarza,Este,P0004,Google Pixel 8,Celulares,4998.49,5.0,0.06,23492.9,34
VTA0078566,2022-11-13,11,2022,C04830,Santiago Jurado Quezada,Centro,Ocasional,V041,Srita. Nadia Casas,Centro,P0085,Monitor LG 27GP950,Gaming,16935.91,5.0,0.13,73671.21,43
VTA0078567,2022-11-29,11,2022,C04129,Gustavo Zavala,Sur,Regular,V036,  Dr. Ignacio Aparicio  ,Sur,P0051,Funda iPhone 15 Pro,Accesorios,1198.47,3.0,0.04,3451.59,40
VTA0078568,06/11/2022,11,2022,C00939,Dr. Camilo Marín,Este,Premium,V010,Sra. Guadalupe Llamas,Este,P0016,Tecno Spark 20,Celulares,15699.12,5.0,0.18,64366.39,20
VTA0078569,2022-11-09,11,2022,C01925,  Federico Polanco  ,Centro,Premium,V031,  Bernabé César Salazar  ,Centro,P0061,Batería Portátil 20000,Accesorios,2012.09,5.0,0.03,9758.64,32
VTA0078570,28/11/2022,11,2022,C00785,Ing. Cristina Navarrete,Sur,Regular,V020,Dr. Arturo Angulo,Sur,P0094,RAM Corsair 32GB,Gaming,17127.78,2.0,0.02,33570.45,26
VTA0078571,2022-11-02,11,2022,C00570,Omar Nájera Soliz,Centro,Ocasional,V003,Jacinto Rivero Valladares,Centro,P0034,AirPods Pro 2,Audio,1202.52,3.0,0.11,3210.73,27
VTA0078572,2022-11-29,11,2022,C01727,Lucía Zarate Navarro,Centro,Ocasional,V033,Jaime Gamez Maldonado,Centro,P0091,Capturadora Elgato 4K,Gaming,1436.34,2.0,0.04,2757.77,25
VTA0078573,2022-11-30,11,2022,C02231,  Evelio Puente Flórez  ,Este,Premium,V032,Nelly Barela Cardenas,Este,P0065,iPad Pro M2 12.9,LAPTOPS,8069.11,3.0,0.15,20576.23,21
VTA0078574,01/11/2022,11,2022,C04185,Teodoro Miguel Ángel Zamora Treviño,Sur,Regular,V025,Manuel Gerónimo Armas,Sur,P0012,Samsung A55,Celulares,18239.08,3.0,0.06,51434.21,36
VTA0078575,2022-11-19,11,2022,C01074,  Anel Zavala Guevara  ,Norte,Ocacional,V015,Joaquín Benavides Meza,Norte,P0049,Cargador MagSafe 30W,Accesorios,994.18,4.0,0.12,3499.51,37
VTA0078576,2022-11-25,11,2022,C01066,Sra. Alejandra Gracia,Norte,Regular,V029,Francisco Ballesteros,Norte,P0051,Funda iPhone 15 Pro,Accesorios,1343.85,3.0,0.15,3426.82,40
VTA0078577,2022-11-26,11,2022,C02871,Luisa Uribe Bonilla,Este,ocasional,V019,Jacinto Rodrigo Salazar Rolón,Sur,P0121,Roomba j7 Plus,Hogar Inteligente,7082.41,5.0,0.11,31516.72,38
VTA0078578,2022-11-07,11,2022,C01143,Oswaldo Báez,Centro,ocasional,V031,  Bernabé César Salazar  ,Centro,P0057,Soporte Laptop Adjustable,Accesorios,563.41,5.0,0.02,2760.71,39
VTA0078579,2022-11-23,11,2022,C01440,Tania Adriana Lucero,Norte,Premium,V009,Amanda María José Bravo,Norte,P0084,Steam Deck 512GB,Gaming,12387.48,1.0,0.1,11148.73,26
VTA0078580,2022-11-11,11,2022,C04424,Susana Gonzales,Centro,Regular,V031,  Bernabé César Salazar  ,Centro,P0117,Cámara Nest Doorbell,Hogar Inteligente,10236.7,2.0,0.1,18426.06,34
VTA0078581,17/11/2022,11,2022,C00259,Alicia Mireles,Centro,Premium,V037,Victoria Caridad Concepción,Centro,P0117,Cámara Nest Doorbell,Hogar Inteligente,9853.36,4.0,0.13,34289.69,34
VTA0078582,2022-11-19,11,2022,C04566,Lic. Óliver Zamudio,Norte,Regular,V002,Nelly Marrero Ortiz,Norte,P0072,Huawei MatePad Pro,Tablets,17078.5,1.0,0.17,14175.16,43
VTA0078583,2022-11-22,11,2022,C01954,Julio Horacio Meraz Santiago,Oeste,REGULAR,V022,Bernardo Lemus Caballero,Oeste,P0025,Razer Blade 15,Laptops,30537.23,1.0,0.03,29621.11,44
VTA0078584,2022-11-16,11,2022,C03834,María Teresa Alba,Centro,Ocasional,V028,Sofía Delia Gurule Cantú,Centro,P0048,Skullcandy Crusher,Audio,3378.77,3.0,0.18,8311.77,44
VTA0078585,2022-11-05,11,2022,C02155,Lic. Cristobal Correa,Norte,Premium,V026,Ing. Elias Valdivia,Oeste,P0049,Cargador MagSafe 30W,Accesorios,887.56,3.0,0.03,-2582.8,37
VTA0078586,2022-11-21,11,2022,C02335,Ing. Mauricio Sanches,Oeste,ocasional,V014,Ofelia Miriam Negrón,Oeste,P0064,Limpiador Pantallas Kit,Accesorios,1322.34,5.0,0.16,5553.83,44
VTA0078587,2022-11-04,11,2022,C04736,Jorge Menéndez Soliz,Oeste,Premium,V007,Conchita Leticia Gastélum Corral,Oeste,P0117,Cámara Nest Doorbell,Hogar Inteligente,11937.44,5.0,0.04,57299.71,34
VTA0078588,02/11/2022,11,2022,C00741,Héctor Lara,Este,Regular,V011,Clara Loera,Este,P0041,Bang Olufsen H95,Audio,6800.33,2.0,0.02,-13328.65,20
VTA0078589,2022-11-18,11,2022,C01127,Camilo Carbajal,Centro,Premium,V028,Sofía Delia Gurule Cantú,Centro,P0117,Cámara Nest Doorbell,Hogar Inteligente,11117.64,4.0,0.0,44470.56,34
VTA0078590,2022-11-08,11,2022,C02941,Alejandra Alejandra Leyva de la Garza,Sur,premiun,V050,José María Gustavo Beltrán,Oeste,P0123,Cerradura Yale Smart,Hogar Inteligente,8772.13,1.0,0.05,8333.52,29
VTA0078591,2022-11-16,11,2022,C04577,Paulina Leticia Páez Saldaña,Sur,Regular,V023,Fidel Negrete Domínguez,Sur,P0016,Tecno Spark 20,Celulares,13442.21,3.0,0.01,39923.36,20
VTA0078592,2022-11-01,11,2022,C00596,Irma Fabiola Vallejo,Este,Premium,V002,Nelly Marrero Ortiz,Norte,P0048,Skullcandy Crusher,Audio,3297.24,1.0,0.19,2670.76,44
VTA0078593,22/11/2022,11,2022,C02263,Luis Manuel Serafín Garica,Norte,Regular,V043,Homero Esquivel,Norte,P0007,Realme GT5,Celulares,16890.62,1.0,0.11,15032.65,39
VTA0078594,2022-11-20,11,2022,C00888,Ing. Samuel Saavedra,Oeste,Ocasional,V040,Karla Silvia Mireles Patiño,Oeste,P0043,Sony WF-1000XM5,Audio,4048.59,4.0,0.17,13441.32,25
VTA0078595,2022-11-04,11,2022,C01829,Ing. María Luisa Ballesteros,Centro,Ocasional,V041,Srita. Nadia Casas,Centro,P0103,Lente Canon RF 50mm,Fotografía,14299.95,4.0,0.03,55483.81,31
VTA0078596,2022-11-22,11,2022,C03581,Esmeralda Ariadna Menchaca,Este,premiun,V032,Nelly Barela Cardenas,Este,P0021,ASUS ROG Zephyrus,Laptops,12535.22,3.0,0.02,36853.55,36
VTA0078597,2022-11-25,11,2022,C01763,Srita. Amelia Núñez,Centro,ocasional,V031,  Bernabé César Salazar  ,Centro,P0066,Samsung Galaxy Tab S9,tablets,11864.19,3.0,0.05,33812.94,24
VTA0078598,2022-11-11,11,2022,C03884,Angélica Segura Franco,Este,Ocasional,V010,Sra. Guadalupe Llamas,Este,P0084,Steam Deck 512GB,Gaming,12206.04,2.0,0.05,23191.48,26
VTA0078599,2022-11-29,11,2022,C03975,Barbara Segovia Jimínez,Sur,Regular,V034,Rufino Rivera,Sur,P0007,Realme GT5,Celulares,19260.79,5.0,0.14,82821.4,39
VTA0078600,30/11/2022,11,2022,C04190,Clara Inés Ozuna Marrero,Este,REGULAR,V011,Clara Loera,Este,P0026,MSI Prestige 16,Laptops,9661.2,4.0,0.16,32461.63,44
VTA0078601,01/11/2022,11,2022,C02792,Cristina Aparicio Valdivia,Sur,Regular,V019,Jacinto Rodrigo Salazar Rolón,Sur,P0029,HP Pavilion 15,Laptops,8915.02,2.0,0.18,14620.63,24
VTA0078602,2022-11-23,11,2022,C02722,  Irene Liliana Domínguez  ,Centro,Premium,V038,Violeta Itzel Benavídez,Oeste,P0026,MSI Prestige 16,Laptops,9738.8,4.0,0.17,32332.82,44
VTA0078603,2022-11-27,11,2022,C01295,Eugenia Linares Tijerina,Sur,Premiun,V010,Sra. Guadalupe Llamas,Este,P0061,Batería Portátil 20000,Accesorios,1826.12,4.0,0.12,6427.94,32
VTA0078604,2022-11-01,11,2022,C03524,Lic. Tomás Armenta,Norte,Premium,V009,Amanda María José Bravo,Norte,P0100,Fujifilm X-T5,Fotografía,17292.95,1.0,0.05,16428.3,42
VTA0078605,2022-11-15,11,2022,C00434,Lic. Agustín Sánchez,Oeste,Premiun,V050,José María Gustavo Beltrán,Oeste,P0027,MacBook Air M2,Laptops,38152.02,4.0,0.11,-135821.19,24
VTA0078606,2022-11-13,11,2022,C02327,Gabriela Débora Vaca,Norte,Premium,V042,  Srita. Sandra Escamilla  ,Norte,P0117,Cámara Nest Doorbell,Hogar Inteligente,10359.93,1.0,0.06,9738.33,34
VTA0078607,2022-11-20,11,2022,C03769,Estefanía Judith Carvajal Padilla,Sur,Regular,V024,Bernabé Guerra,Sur,P0039,Sennheiser HD 450,Audio,1021.75,3.0,0.12,2697.42,24
VTA0078608,2022-11-24,11,2022,C04460,  Modesto Martín Abrego Acevedo  ,Sur,Ocasional,V025,Manuel Gerónimo Armas,Sur,P0056,Webcam Logitech C920,Accesorios,1938.75,2.0,0.19,3140.78,43
VTA0078609,2022-11-22,11,2022,C00630,Antonio Malave Montoya,Centro,Premium,V033,Jaime Gamez Maldonado,Centro,P0077,Blackview Tab 16,LAPTOPS,9550.46,1.0,0.06,8977.43,21
VTA0078610,2022-11-19,11,2022,C00592,Sra. Frida Madrid,Sur,Ocasional,V022,Bernardo Lemus Caballero,Oeste,P0017,MacBook Pro M3,Laptops,12569.9,,0.13,43743.25,43
VTA0078611,06/11/2022,11,2022,C00724,Flavio Mauricio Cervantes,Norte,premiun,V046,Hermelinda Josefina Rodarte Bahena,Norte,P0096,Cooling Noctua NH-D15,Gaming,10849.14,5.0,0.12,47736.22,41
VTA0078612,2022-11-11,11,2022,C03488,Mauro Valles,Este,Ocacional,V049,Ing. María Teresa Bétancourt,Este,P0110,Reflector 5en1 80cm,Fotografía,15486.56,5.0,0.11,68915.19,26
VTA0078613,07/11/2022,11,2022,C04401,Srita. Salma Robledo,Oeste,premiun,V026,Ing. Elias Valdivia,Oeste,P0073,Microsoft Surface Go 3,Tablets,11094.7,5.0,0.04,53254.56,22
VTA0078614,2022-11-19,11,2022,C00489,Roberto Roberto Peña,Oeste,Regular,V038,Violeta Itzel Benavídez,Oeste,P0085,Monitor LG 27GP950,fotografia,16537.67,4.0,0.19,53582.05,43
VTA0078615,2022-11-07,11,2022,C01852,Magdalena Urrutia Dueñas,Este,Premium,V005,Aldo Adán Rodrígez Galarza,Este,P0012,Samsung A55,Celulares,20318.8,3.0,0.05,57908.58,36
VTA0078616,2022-11-23,11,2022,C04058,Cristian José Manuél Reséndez Jasso,Este,Ocasional,V049,Ing. María Teresa Bétancourt,Este,P0045,Marshall Emberton III,Audio,7009.74,5.0,0.09,31894.32,22
VTA0078617,2022-11-23,11,2022,C04588,Abraham Almaraz,Norte,Premium,V029,Francisco Ballesteros,Norte,P0093,GPU RTX 4070 Ti,Gaming,28182.4,3.0,0.09,76937.95,29
VTA0078618,2022-11-26,11,2022,C04235,Carlota Hermelinda Delgado,Norte,Ocasional,V045,Marisela Vanesa Chapa Aranda,Norte,P0121,Roomba j7 Plus,Hogar Inteligente,6912.14,5.0,0.18,28339.77,38
VTA0078619,2022-11-01,11,2022,C03310,Inés Patricia Prado Polanco,Sur,premiun,V020,Dr. Arturo Angulo,Sur,P0093,GPU RTX 4070 Ti, Accesorios,31370.11,4.0,0.15,106658.37,29
VTA0078620,2022-11-17,11,2022,C00345,Anabel Ana Paz Limón,Oeste,Premium,V039,Sr. Modesto Guillen,Oeste,P0121,Roomba j7 Plus,Hogar Inteligente,6193.79,5.0,0.18,25394.54,38
VTA0078621,2022-11-04,11,2022,C04481,Ing. María Eugenia Mateo,Oeste,Regular,V030,Gustavo Camilo Ochoa Gamboa,Oeste,P0069,Xiaomi Pad 6 Pro,Tablets,5333.05,5.0,0.13,23198.77,37
VTA0078622,2022-11-13,11,2022,C00407,  Marcela Micaela Heredia  ,Oeste,Ocacional,V040,Karla Silvia Mireles Patiño,Oeste,P0014,Motorola G84,Celulares,5585.66,4.0,0.05,21225.51,20
VTA0078623,23/11/2022,11,2022,C01769,Flavio Israel Carmona Lomeli,Este,premiun,V032,Nelly Barela Cardenas,Este,P0091,Capturadora Elgato 4K,Gaming,1442.7,3.0,0.01,4284.82,25
VTA0078624,2022-11-07,11,2022,C01715,Natalia Casárez Miramontes,Oeste,Ocasional,V040,Karla Silvia Mireles Patiño,Oeste,P0099,Nikon Z6 III,Fotografía,30922.34,3.0,0.12,81634.98,21
VTA0078625,2022-11-16,11,2022,C01607,Rufino Casárez,Oeste,Premiun,V010,Sra. Guadalupe Llamas,Este,P0108,Batería Canon LP-E6,audio ,16679.03,3.0,0.04,48035.61,32
VTA0078626,2022-11-21,11,2022,C00012,Rafaél Darío Saiz Rosado,Sur,Regular,V046,Hermelinda Josefina Rodarte Bahena,Norte,P0028,Dell Inspiron 15,audio ,29465.21,4.0,0.19,95467.28,37
VTA0078627,2022-11-11,11,2022,C01939,Gabriela Hermelinda Reynoso,Este,Ocasional,V005,Aldo Adán Rodrígez Galarza,Este,P0027,MacBook Air M2,Laptops,37961.8,2.0,0.05,72127.42,24
VTA0078628,2022-11-12,11,2022,C00041,Jorge Luis Narváez,Oeste,Premium,V030,Gustavo Camilo Ochoa Gamboa,Oeste,P0058,Mochila Techpack 30L,Accesorios,755.59,1.0,0.15,642.25,23
VTA0078629,28/11/2022,11,2022,C04256,Flavio Gamboa Sotelo,Centro,Regular,V017,Abraham Apodaca Colunga,Centro,P0088,Teclado Razer Huntsman,Gaming,22329.7,5.0,0.19,90435.28,44
VTA0078630,2022-11-02,11,2022,C00773,Dr. Abraham Sánchez,Centro,Premium,V012,Rubén Marco Antonio Orta Ramos,Sur,P0022,Acer Swift 5,Laptops,31188.71,1.0,0.13,27134.18,41
VTA0078631,2022-11-08,11,2022,C01614,Antonia Yeni Ríos Gil,Sur,Regular,V027,Claudio Andrés Gómez Sosa,Sur,P0028,Dell Inspiron 15,Laptops,28276.15,4.0,0.07,105187.28,37
VTA0078632,2022-11-09,11,2022,C03030,Débora Muñoz Rivas,Este,Ocasional,V008,Irene Franco,Sur,P0078,Chuwi HiPad X,Tablets,11994.13,2.0,0.17,19910.26,20
VTA0078633,14/11/2022,11,2022,C02698,Elvira Gloria Barajas Loera,Centro,Premium,V010,Sra. Guadalupe Llamas,Este,P0015,Nokia G42,LAPTOPS,20855.07,3.0,0.14,53806.08,26
VTA0078634,2022-11-26,11,2022,C03903,Eric José Manuél del Río,Norte,Premium,V015,Joaquín Benavides Meza,Norte,P0053,Hub USB-C 7en1,Accesorios,420.77,4.0,0.02,1649.42,20
VTA0078635,2022-11-21,11,2022,C04947,Genaro Ramón Bahena,Centro,ocasional,V028,Sofía Delia Gurule Cantú,Centro,P0113,Alexa Echo Dot 5,Hogar Inteligente,10244.22,2.0,0.04,19668.9,20
VTA0078636,11/11/2022,11,2022,C01141,Abraham Juan Carlos Prado,Este,Premium,V038,Violeta Itzel Benavídez,Oeste,P0093,GPU RTX 4070 Ti,Gaming,30037.58,5.0,0.06,141176.63,29
VTA0078637,2022-11-16,11,2022,C04402,Lic. José Eduardo Valdez,Norte,Regular,V016,Octavio Mario Rincón Marín,Norte,P0007,Realme GT5,Celulares,19348.31,2.0,0.02,37922.69,39
VTA0078638,2022-11-27,11,2022,C02766,Marisela González Padilla,Centro,Ocacional,V048,Ivonne Véliz,Centro,P0058,Mochila Techpack 30L,Accesorios,762.62,1.0,0.05,724.49,23
VTA0078639,2022-11-22,11,2022,C00627,,Sur,Ocasional,V032,Nelly Barela Cardenas,Este,P0120,Timbre Ring Video Pro,Hogar Inteligente,8011.22,4.0,0.2,25635.9,21
VTA0078640,2022-11-19,11,2022,C02440,Fernando Alonzo Nazario,Oeste,Premium,V039,Sr. Modesto Guillen,Oeste,P0101,DJI Mavic 3 Pro,Fotografía,15545.05,2.0,0.1,27981.09,27
VTA0078641,2022-11-17,11,2022,C03967,  Eva Fajardo  ,Oeste,premiun,V019,Jacinto Rodrigo Salazar Rolón,Sur,P0023,Microsoft Surface Pro 9,Laptops,31109.22,4.0,0.19,100793.87,27
VTA0078642,2022-11-26,11,2022,C00021,Lic. Cristian Yáñez,Este,Premium,V032,Nelly Barela Cardenas,Este,P0034,AirPods Pro 2,Audio,1242.28,5.0,0.01,6149.29,27
VTA0078643,03/11/2022,11,2022,C02373,Germán Orosco Peres,Sur,Ocacional,V024,Bernabé Guerra,Sur,P0043,Sony WF-1000XM5,Audio,4278.88,1.0,0.06,4022.15,25
VTA0078644,2022-11-04,11,2022,C00726,Sr. Lorenzo Aparicio,Este,Premium,V032,Nelly Barela Cardenas,Este,P0080,Honor Pad 8,Tablets,8523.35,3.0,0.01,25314.35,19
VTA0078645,2022-11-26,11,2022,C00031,Sr. José María Arguello,Este,Regular,V013,Alvaro Gaona Ocasio,Sur,P0051,Funda iPhone 15 Pro,Accesorios,1394.97,3.0,0.04,4017.51,40
VTA0078646,2022-11-23,11,2022,C04250,Arturo Pelayo Amaya,Oeste,Ocasional,V001,Fernando Casares Jimínez,Oeste,P0116,Foco Philips Hue,Hogar Inteligente,3765.58,4.0,0.06,14158.58,44
VTA0078647,2022-11-11,11,2022,C03530,Germán Chapa Llamas,Este,Ocasional,V010,Sra. Guadalupe Llamas,Este,P0043,Sony WF-1000XM5,fotografia,4331.09,5.0,0.11,19273.35,25
VTA0078648,2022-11-15,11,2022,C01701,Verónica María del Carmen Camacho,Oeste,Ocasional,V050,José María Gustavo Beltrán,Oeste,P0063,Pad Mouse XL Gaming,Accesorios,1922.63,4.0,0.15,6536.94,42
VTA0078649,2022-11-21,11,2022,C01718,Jerónimo Fernando Archuleta,Este,REGULAR,V032,Nelly Barela Cardenas,Este,P0089,Mouse Logitech G Pro X,Gaming,6314.53,5.0,0.12,27783.93,45
VTA0078650,2022-11-05,11,2022,C01424,Karina Ledesma Almaraz,Norte,Ocasional,V036,  Dr. Ignacio Aparicio  ,Sur,P0115,Apple HomePod Mini,Hogar Inteligente,6672.9,1.0,0.02,6539.44,46
VTA0078651,2022-11-30,11,2022,C04183,Bruno Muñoz Santacruz,Oeste,Regular,V050,José María Gustavo Beltrán,Oeste,P0010,Huawei Pura 70,audio ,9689.51,,0.11,43118.32,27
VTA0078652,2022-11-01,11,2022,C02610,Dr. Abraham Fuentes,Sur,Regular,V020,Dr. Arturo Angulo,Sur,P0025,Razer Blade 15,Laptops,30441.74,3.0,0.16,76713.18,44
VTA0078653,05/11/2022,11,2022,C03082,Jos Mayorga Iglesias,Este,Ocasional,V011,Clara Loera,Este,P0019,HP Spectre x360,Laptops,40772.62,3.0,0.14,105193.36,26
VTA0078654,2022-11-29,11,2022,C03191,Srita. Violeta Centeno,Norte,Ocasional,V039,Sr. Modesto Guillen,Oeste,P0047,Bose SoundLink,Audio,4219.49,3.0,0.12,11139.45,44
VTA0078655,2022-11-20,11,2022,C01986,Enrique Silvano González Serna,Oeste,Regular,V007,Conchita Leticia Gastélum Corral,Oeste,P0050,Cable USB-C 2m,Accesorios,1492.93,1.0,0.03,1448.14,32
VTA0078656,2022-11-22,11,2022,C00861,Sra. Mitzy Godoy,Norte,Ocasional,V047,  Estela Bianca Melgar Arias  ,Oeste,P0055,Teclado Keychron K2,LAPTOPS,1465.71,3.0,0.13,3825.5,28
VTA0078657,2022-11-16,11,2022,C01124,Lic. Alicia Tello,Centro,premiun,V037,Victoria Caridad Concepción,Centro,P0035,Bose QC45,Audio,2800.1,5.0,0.08,12880.46,19
VTA0078658,2022-11-12,11,2022,C04185,Teodoro Miguel Ángel Zamora Treviño,Sur,Regular,V023,Fidel Negrete Domínguez,Sur,P0019,HP Spectre x360, Accesorios,40870.0,2.0,0.12,71931.2,26
VTA0078659,16/11/2022,11,2022,C04967,Ing. Cristal Enríquez,Norte,Ocacional,V045,Marisela Vanesa Chapa Aranda,Norte,P0010,Huawei Pura 70,Celulares,10587.72,5.0,0.11,47115.35,27
VTA0078660,2022-11-26,11,2022,C01777,Rosario Lucía Aponte Nieto,Sur,Premium,V001,Fernando Casares Jimínez,Oeste,P0026,MSI Prestige 16,Laptops,9686.78,4.0,0.05,36809.76,44
VTA0078661,2022-11-16,11,2022,C00278,Juan Carlos Ruelas,Centro,Regular,V044,Julia Esther Solorio,Centro,P0030,Lenovo IdeaPad 5,Laptops,44676.5,1.0,0.05,42442.68,21
VTA0078662,2022-11-01,11,2022,C00216,Marisol Wendolin Solís,Oeste,ocasional,V022,Bernardo Lemus Caballero,Oeste,P0122,Aspiradora Dyson V15,Hogar Inteligente,3041.88,1.0,0.15,2585.6,28
VTA0078663,2022-11-08,11,2022,C02114,Marcos Octavio Meza Gaytán,Este,Premium,V049,Ing. María Teresa Bétancourt,Este,P0066,Samsung Galaxy Tab S9,audio ,12204.72,1.0,0.17,10129.92,24
VTA0078664,2022-11-15,11,2022,C01256,Débora Reyna,Centro,Ocasional,V002,Nelly Marrero Ortiz,Norte,P0082,Xbox Series X,Gaming,11337.66,4.0,0.0,45350.64,30
VTA0078665,2022-11-13,11,2022,C03109,Srita. Leonor Esparza,Este,Premium,V049,Ing. María Teresa Bétancourt,Este,P0066,Samsung Galaxy Tab S9,Tablets,12008.84,3.0,0.01,35666.25,24
VTA0078666,2022-11-02,11,2022,C03242,Alfonso Piña,Este,Ocasional,V011,Clara Loera,Este,P0019,HP Spectre x360,Laptops,37218.37,3.0,0.14,96023.39,26
VTA0078667,02/11/2022,11,2022,C00831,Wendolin Irizarry,Oeste,Premium,V035,Estela Haro,Oeste,P0007,Realme GT5,Celulares,17941.63,3.0,0.04,51671.89,39
VTA0078668,2022-11-01,11,2022,C01379,Cristian Romero Durán,Sur,Premium,V021,  Cristal Valdés Maya  ,Sur,P0043,Sony WF-1000XM5,Audio,4754.86,5.0,0.0,23774.3,25
VTA0078669,14/11/2022,11,2022,C04573,Benito Zacarías Montez Sepúlveda,Centro,Ocasional,V044,Julia Esther Solorio,Centro,P0057,Soporte Laptop Adjustable,Accesorios,542.43,4.0,0.16,1822.56,39
VTA0078670,2022-11-16,11,2022,C02563,Magdalena Fabiola Rosado,Oeste,Ocasional,V050,José María Gustavo Beltrán,Oeste,P0007,Realme GT5,Celulares,18166.77,2.0,0.1,32700.19,39
VTA0078671,2022-11-27,11,2022,C02674,Lucas Víctor Monroy Guerra,Centro,premiun,V044,Julia Esther Solorio,Centro,P0124,Sensor Movimiento Aqara,gaming,7403.18,4.0,0.11,26355.32,35
VTA0078672,2022-11-14,11,2022,C04680,Rufino Gregorio Montalvo Carbajal,Sur,REGULAR,V023,Fidel Negrete Domínguez,Sur,P0019,HP Spectre x360,Laptops,40990.69,1.0,0.09,37301.53,26
VTA0078673,2022-11-06,11,2022,C01702,Mayte Cintrón Casas,Centro,Premium,V044,Julia Esther Solorio,Centro,P0017,MacBook Pro M3,Laptops,12810.26,5.0,0.1,-57646.17,43
VTA0078674,2022-11-10,11,2022,C01900,Cecilia Lilia Serna,Este,Premium,V011,Clara Loera,Este,P0068,Lenovo Tab P12,Tablets,14080.29,1.0,0.0,14080.29,21
VTA0078675,2022-11-19,11,2022,C03341,José Manuél Villegas Mendoza,Norte,Regular,V029,Francisco Ballesteros,Norte,P0015,Nokia G42,Celulares,21004.98,1.0,0.01,20794.93,26
VTA0078676,16/11/2022,11,2022,C00637,Sra. Mónica Girón,Sur,ocasional,V021,  Cristal Valdés Maya  ,Sur,P0111,Monitor Portátil 4K,Fotografía,6762.23,4.0,0.03,26237.45,41
VTA0078677,2022-11-09,11,2022,C03994,Paulina Ojeda,Sur,ocasional,V023,Fidel Negrete Domínguez,Sur,P0101,DJI Mavic 3 Pro,Fotografía,15622.71,1.0,0.08,14372.89,27
VTA0078678,2022-11-13,11,2022,C04826,Pilar Lorena Bueno,Este,Regular,V011,Clara Loera,Este,P0073,Microsoft Surface Go 3,Tablets,12081.68,4.0,0.1,43494.05,22
VTA0078679,2022-11-13,11,2022,C03807,Elias Espartaco Espino Cortez,Centro,Ocasional,V044,Julia Esther Solorio,Centro,P0052,Protector Pantalla S24,Accesorios,1201.3,4.0,0.12,4228.58,31
VTA0078680,2022-11-22,11,2022,C01733,Nadia Corral Cisneros,Sur,Ocasional,V036,  Dr. Ignacio Aparicio  ,Sur,P0030,Lenovo IdeaPad 5,Laptops,42737.73,2.0,0.07,79492.18,21
VTA0078681,26/11/2022,11,2022,C01264,José Eduardo Garibay,Centro,Premium,V033,Jaime Gamez Maldonado,Centro,P0097,Canon EOS R6 Mark II,Fotografía,31109.51,3.0,0.14,80262.54,38
VTA0078682,2022-11-18,11,2022,C01396,Bernardo Alonso Serrano Samaniego,Norte,Regular,V042,  Srita. Sandra Escamilla  ,Norte,P0081,PlayStation 5,Gaming,10753.61,3.0,0.05,30647.79,46
VTA0078683,2022-11-04,11,2022,C00584,  Cristobal Salcedo Zelaya  ,Centro,Premium,V048,Ivonne Véliz,Centro,P0072,Huawei MatePad Pro,Tablets,17034.93,4.0,0.0,68139.72,43
VTA0078684,2022-11-24,11,2022,C04411,Dr. Emilio Quintero,Sur,Premium,V024,Bernabé Guerra,Sur,P0052,Protector Pantalla S24,LAPTOPS,1149.11,3.0,0.19,2792.34,31
VTA0078685,2022-11-11,11,2022,C03613,Lic. Porfirio Domínguez,Norte,Regular,V030,Gustavo Camilo Ochoa Gamboa,Oeste,P0056,Webcam Logitech C920,Accesorios,1785.95,3.0,0.1,4822.07,43
VTA0078686,2022-11-10,11,2022,C01298,Elisa Mitzy Alvarado,Norte,Ocacional,V046,Hermelinda Josefina Rodarte Bahena,Norte,P0034,AirPods Pro 2, Accesorios,1335.26,4.0,0.1,4806.94,27
VTA0078687,2022-11-10,11,2022,C01507,  Minerva Reyna Tejada  ,Oeste,Premium,V038,Violeta Itzel Benavídez,Oeste,P0112,Estabilizador DJI OM6, Accesorios,15702.64,3.0,0.0,47107.92,33
VTA0078688,2022-11-18,11,2022,C00380,Yolanda Micaela Guillen,Norte,Regular,V002,Nelly Marrero Ortiz,Norte,P0041,Bang Olufsen H95,Audio,6542.33,5.0,0.07,30421.83,20
VTA0078689,2022-11-05,11,2022,C04034,  Hugo Barrientos Peralta  ,Oeste,REGULAR,V039,Sr. Modesto Guillen,Oeste,P0092,Micrófono Blue Yeti,Gaming,13413.27,2.0,0.07,24948.68,47
VTA0078690,2022-11-02,11,2022,C00146,Mauro Barragán Borrego,Este,premiun,V005,Aldo Adán Rodrígez Galarza,Este,P0096,Cooling Noctua NH-D15, Accesorios,9881.26,4.0,0.15,33596.28,41
VTA0078691,2022-11-15,11,2022,C01953,Emilia Ramírez,Centro,Ocasional,V048,Ivonne Véliz,Centro,P0039,Sennheiser HD 450,Audio,1017.94,4.0,0.05,3868.17,24
VTA0078692,2022-11-15,11,2022,C03157,Lic. Lourdes Otero,Este,Ocasional,V010,Sra. Guadalupe Llamas,Este,P0007,Realme GT5,Celulares,17112.06,1.0,0.02,16769.82,39
VTA0078693,11/11/2022,11,2022,C02904,Alvaro Salazar Puente,Oeste,Regular,V002,Nelly Marrero Ortiz,Norte,P0078,Chuwi HiPad X,Tablets,12669.11,3.0,0.02,37247.18,20
VTA0078694,2022-11-18,11,2022,C00768,Jorge Luis Zedillo Laboy,Oeste,Regular,V022,Bernardo Lemus Caballero,Oeste,P0058,Mochila Techpack 30L,Accesorios,780.19,5.0,0.15,3315.81,23
VTA0078695,04/11/2022,11,2022,C03036,Ramiro Colón Chavarría,Sur,Premium,V019,Jacinto Rodrigo Salazar Rolón,Sur,P0006,Motorola Edge 50,hogar inteligente,8299.32,5.0,0.13,36102.04,32
VTA0078696,2022-11-12,11,2022,C03626,Patricio Claudio Trujillo Serna,Sur,Premium,V025,Manuel Gerónimo Armas,Sur,P0113,Alexa Echo Dot 5,Hogar Inteligente,12085.53,2.0,0.13,21028.82,20
VTA0078697,10/11/2022,11,2022,C00521,Olivia Cecilia Díaz Macías,Oeste,Premium,V038,Violeta Itzel Benavídez,Oeste,P0115,Apple HomePod Mini,Hogar Inteligente,7569.68,5.0,0.18,31035.69,46
VTA0078698,2022-11-29,11,2022,C03357,Guillermina Amanda Holguín Concepción,Este,Regular,V049,Ing. María Teresa Bétancourt,Este,P0104,Flash Godox V1,Fotografía,16276.31,4.0,0.0,65105.24,40
VTA0078699,30/11/2022,11,2022,C03896,José Carlos Vallejo Vélez,Sur,Regular,V014,Ofelia Miriam Negrón,Oeste,P0067,iPad Air M1,Tablets,15745.0,5.0,0.03,76363.25,39
VTA0078700,2022-11-27,11,2022,C03557,Blanca Nazario Arellano,Oeste,Ocacional,V022,Bernardo Lemus Caballero,Oeste,P0051,Funda iPhone 15 Pro,Accesorios,1272.51,1.0,0.01,1259.78,40
VTA0078701,2022-11-27,11,2022,C00910,Micaela Mata,Este,Premium,V049,Ing. María Teresa Bétancourt,Este,P0084,Steam Deck 512GB,Gaming,12369.24,3.0,0.03,35994.49,26
VTA0078702,2022-11-21,11,2022,C03634,Dr. Horacio Castillo,Este,premiun,V010,Sra. Guadalupe Llamas,Este,P0059,Audífonos USB-C,Accesorios,1512.64,5.0,0.17,6277.46,43
VTA0078703,11/11/2022,11,2022,C04247,Estefanía Cabán Cardenas,Sur,Regular,V035,Estela Haro,Oeste,P0073,Microsoft Surface Go 3,Tablets,11974.82,3.0,0.11,31972.77,22
VTA0078704,2022-11-28,11,2022,C03360,Roberto Isaac Gutiérrez,Oeste,Regular,V027,Claudio Andrés Gómez Sosa,Sur,P0125,TV Samsung QLED 55,Hogar Inteligente,2659.03,2.0,0.1,-4786.25,20
VTA0078705,2022-11-03,11,2022,C02554,Paola Granado Alcaraz,Oeste,Regular,V007,Conchita Leticia Gastélum Corral,Oeste,P0037,JBL Charge 5,Audio,7980.32,5.0,0.08,36709.47,21
VTA0078706,2022-11-26,11,2022,C02553,Francisca Ulibarri,Centro,Ocasional,V003,Jacinto Rivero Valladares,Centro,P0128,Panel Solar Portátil,Hogar Inteligente,4078.14,5.0,0.1,18351.63,39
VTA0078707,2022-11-23,11,2022,C02484,Jos Pedraza Arevalo,Sur,Ocasional,V034,Rufino Rivera,Sur,P0051,Funda iPhone 15 Pro,Accesorios,1347.45,5.0,0.01,6669.88,40
VTA0078708,2022-11-04,11,2022,C03296,Srita. Barbara Gaytán,Norte,Premium,V004,Aurora Zelaya,Norte,P0034,AirPods Pro 2,Audio,1361.66,5.0,0.03,6604.05,27
VTA0078709,19/11/2022,11,2022,C02439,,Oeste,ocasional,V044,Julia Esther Solorio,Centro,P0112,Estabilizador DJI OM6,Fotografía,16361.08,2.0,0.2,26177.73,33
VTA0078710,2022-11-06,11,2022,C04450,Wilfrido Mares,Norte,Regular,V009,Amanda María José Bravo,Norte,P0098,Sony Alpha 7 IV,Fotografía,20112.06,5.0,0.15,85476.26,34
VTA0078711,2022-11-01,11,2022,C04756,Modesto Díaz,Sur,Regular,V018,Lic. Gilberto Castellanos,Sur,P0071,ASUS Zenpad 3S,Tablets,12769.05,4.0,0.1,45968.58,20
VTA0078712,2022-11-23,11,2022,C00183,María del Carmen Francisca Pizarro Figueroa,Norte,Ocasional,V009,Amanda María José Bravo,Norte,P0082,Xbox Series X,Gaming,10511.72,1.0,0.15,8934.96,30
VTA0078713,2022-11-25,11,2022,C01189,Dalia Raquel Carrillo Puente,Centro,Premiun,V033,Jaime Gamez Maldonado,Centro,P0004,Google Pixel 8,Celulares,5388.58,5.0,0.19,21823.75,34
VTA0078714,2022-11-27,11,2022,C04298,Esparta Débora Huerta Garibay,Centro,Regular,V003,Jacinto Rivero Valladares,Centro,P0079,Realme Pad 2,Tablets,8703.23,2.0,0.15,14795.49,20
VTA0078715,2022-11-28,11,2022,C03421,Celia Muñoz,Centro,Regular,V028,Sofía Delia Gurule Cantú,Centro,P0068,Lenovo Tab P12,Tablets,15319.29,2.0,0.0,30638.58,21
VTA0078716,2022-11-11,11,2022,C03500,Hermelinda Duarte,Sur,Premium,V012,Rubén Marco Antonio Orta Ramos,Sur,P0096,Cooling Noctua NH-D15,Gaming,10477.67,2.0,0.04,20117.13,41
VTA0078717,2022-11-14,11,2022,C04286,Ricardo Báez,Oeste,Premium,V038,Violeta Itzel Benavídez,Oeste,P0084,Steam Deck 512GB,Gaming,12230.75,3.0,0.1,33023.02,26
VTA0078718,2022-11-17,11,2022,C02524,  Ing. Irene Ulloa  ,Norte,premiun,V018,Lic. Gilberto Castellanos,Sur,P0005,OnePlus 12,audio ,5783.43,2.0,0.19,9369.16,40
VTA0078719,2022-11-11,11,2022,C04244,Arcelia Ángela Orozco,Este,Ocasional,V010,Sra. Guadalupe Llamas,Este,P0083,Nintendo Switch OLED,Gaming,15127.21,4.0,0.13,52642.69,39
VTA0078720,2022-11-13,11,2022,C00441,Andrea Irma Galindo,Centro,Premium,V008,Irene Franco,Sur,P0060,Adaptador HDMI 4K,Accesorios,1047.05,5.0,0.04,5025.84,29
VTA0078721,2022-11-11,11,2022,C01441,Indira Aparicio,Este,Premium,V012,Rubén Marco Antonio Orta Ramos,Sur,P0076,TCL Tab 10,Tablets,15811.78,2.0,0.09,28777.44,24
VTA0078722,2022-11-03,11,2022,C03529,Lic. Lucas Naranjo,Oeste,Regular,V038,Violeta Itzel Benavídez,Oeste,P0017,MacBook Pro M3,Laptops,13450.48,3.0,0.1,36316.3,43
VTA0078723,2022-11-06,11,2022,C00599,  Sr. Eloy Pichardo  ,Centro,Premiun,V041,Srita. Nadia Casas,Centro,P0082,Xbox Series X,Gaming,11288.67,1.0,0.13,-9821.14,30
VTA0078724,27/11/2022,11,2022,C03421,Celia Muñoz,Centro,Regular,V041,Srita. Nadia Casas,Centro,P0128,Panel Solar Portátil,LAPTOPS,3668.74,4.0,0.13,12767.22,39
VTA0078725,2022-11-16,11,2022,C02744,Violeta Guillermina Barrera,Este,ocasional,V032,Nelly Barela Cardenas,Este,P0059,Audífonos USB-C,Accesorios,1622.45,5.0,0.14,6976.54,43
VTA0078726,2022-11-10,11,2022,C03187,Lic. Bruno Mascareñas,Centro,Regular,V035,Estela Haro,Oeste,P0079,Realme Pad 2,Tablets,9301.06,5.0,0.19,37669.29,20
VTA0078727,20/11/2022,11,2022,C01421,Esteban Renato Melgar Chapa,Oeste,Premium,V007,Conchita Leticia Gastélum Corral,Oeste,P0032,ASUS VivoBook 16,Laptops,11408.25,4.0,0.15,38788.05,38
VTA0078728,2022-11-30,11,2022,C02640,José María Guerra,Oeste,Ocasional,V030,Gustavo Camilo Ochoa Gamboa,Oeste,P0027,MacBook Air M2,Laptops,38721.23,3.0,0.18,95254.23,24
VTA0078729,2022-11-22,11,2022,C01322,Leonardo Osorio,Este,Premium,V005,Aldo Adán Rodrígez Galarza,Este,P0072,Huawei MatePad Pro,Tablets,18326.18,2.0,0.17,30421.46,43
VTA0078730,2022-11-17,11,2022,C01888,Leticia Abril Escamilla Dávila,Sur,Premium,V040,Karla Silvia Mireles Patiño,Oeste,P0048,Skullcandy Crusher,Audio,3901.79,4.0,0.16,13110.01,44
VTA0078731,2022-11-16,11,2022,C04155,Sr. Francisco Javier Galván,Norte,premiun,V046,Hermelinda Josefina Rodarte Bahena,Norte,P0089,Mouse Logitech G Pro X,Gaming,7365.37,2.0,0.1,13257.67,45
VTA0078732,2022-11-23,11,2022,C00284,Florencia Estefanía Rivera Farías,Este,Regular,V015,Joaquín Benavides Meza,Norte,P0106,Mochila Lowepro Pro,Fotografía,16411.39,4.0,0.06,61706.83,40
VTA0078733,2022-11-21,11,2022,C00370,Fidel Teodoro Quiñónez,Este,ocasional,V010,Sra. Guadalupe Llamas,Este,P0041,Bang Olufsen H95,Audio,5814.39,1.0,0.13,5058.52,20
VTA0078734,2022-11-10,11,2022,C01354,Mitzy Adriana Casares,Oeste,Premium,V038,Violeta Itzel Benavídez,Oeste,P0016,Tecno Spark 20,Celulares,13511.02,5.0,0.14,58097.39,20
VTA0078735,2022-11-06,11,2022,C03215,Jos Ojeda,Centro,Ocasional,V037,Victoria Caridad Concepción,Centro,P0073,Microsoft Surface Go 3,Tablets,11261.41,5.0,0.03,54617.84,22
VTA0078736,12/11/2022,11,2022,C04063,Lic. Vanesa de León,Norte,Regular,V007,Conchita Leticia Gastélum Corral,Oeste,P0014,Motorola G84,Celulares,6521.93,5.0,0.05,30979.17,20
VTA0078737,2022-11-01,11,2022,C02571,Débora Lorena Barrera,Centro,Premium,V013,Alvaro Gaona Ocasio,Sur,P0063,Pad Mouse XL Gaming,Accesorios,2003.04,5.0,0.19,8112.31,42
VTA0078738,2022-11-09,11,2022,C02957,Estela Urías Palomino,Sur,premiun,V006,  Dr. Evelio Murillo  ,Sur,P0062,Reloj Smartwatch Band,Accesorios,1195.88,3.0,0.02,-3515.89,38
VTA0078739,2022-11-03,11,2022,C02391,Diana María del Carmen Maya Limón,Norte,Ocasional,V016,Octavio Mario Rincón Marín,Norte,P0056,Webcam Logitech C920,Accesorios,1959.94,1.0,0.09,1783.55,43
VTA0078740,2022-11-13,11,2022,C00116,Francisco Javier Navarrete,Sur,Premium,V023,Fidel Negrete Domínguez,Sur,P0126,Proyector BenQ 4K,Hogar Inteligente,8025.38,1.0,0.13,6982.08,35
VTA0078741,2022-11-17,11,2022,C01593,Rosa Sandra Ponce Sánchez,Sur,Regular,V025,Manuel Gerónimo Armas,Sur,P0006,Motorola Edge 50,Celulares,8008.15,2.0,0.17,13293.53,32
VTA0078742,2022-11-12,11,2022,C00277,Asunción Luz Posada,Norte,Ocasional,V045,Marisela Vanesa Chapa Aranda,Norte,P0112,Estabilizador DJI OM6,gaming,17174.03,2.0,0.04,32974.14,33
VTA0078743,2022-11-26,11,2022,C01806,,Norte,REGULAR,V015,Joaquín Benavides Meza,Norte,P0074,iPad Mini 6, Accesorios,17915.34,4.0,0.15,60912.16,31
VTA0078744,2022-11-01,11,2022,C02780,Mónica Conchita Becerra,Oeste,Ocasional,V050,José María Gustavo Beltrán,Oeste,P0025,Razer Blade 15,LAPTOPS,29767.27,,0.13,25897.52,44
VTA0078745,2022-11-05,11,2022,C03895,Lic. Ivonne Esquivel,Este,Ocasional,V010,Sra. Guadalupe Llamas,Este,P0018,Dell XPS 15,Laptops,41925.21,1.0,0.13,36474.93,40
VTA0078746,2022-11-20,11,2022,C01141,Abraham Juan Carlos Prado,Este,Premium,V032,Nelly Barela Cardenas,Este,P0083,Nintendo Switch OLED,Gaming,15659.63,3.0,0.03,45569.52,39
VTA0078747,2022-11-17,11,2022,C04487,Ana María Eugenia Madrigal de la Garza,Centro,Regular,V044,Julia Esther Solorio,Centro,P0017,MacBook Pro M3,Laptops,12296.35,2.0,0.15,20903.79,43
VTA0078748,2022-11-19,11,2022,C00351,,Sur,Regular,V036,  Dr. Ignacio Aparicio  ,Sur,P0016,Tecno Spark 20,Celulares,14123.02,5.0,0.04,67790.5,20
VTA0078749,25/11/2022,11,2022,C01388,Yolanda Bonilla Patiño,Centro,Regular,V028,Sofía Delia Gurule Cantú,Centro,P0121,Roomba j7 Plus,Hogar Inteligente,6155.44,3.0,0.02,18096.99,38
VTA0078750,2022-11-10,11,2022,C01930,Raúl Uriel Yáñez,Este,Premium,V005,Aldo Adán Rodrígez Galarza,Este,P0020,Lenovo ThinkPad X1,Laptops,24765.29,5.0,0.19,100299.42,42
VTA0078751,2022-11-30,11,2022,C02144,Julia Andrea Olivárez Quezada,Centro,Ocasional,V033,Jaime Gamez Maldonado,Centro,P0086,Silla Gamer DXRacer,LAPTOPS,22496.08,1.0,0.05,21371.28,26
VTA0078752,2022-11-21,11,2022,C03462,  Alfredo Luis Calvillo  ,Centro,ocasional,V019,Jacinto Rodrigo Salazar Rolón,Sur,P0055,Teclado Keychron K2,LAPTOPS,1280.78,1.0,0.14,1101.47,28
VTA0078753,2022-11-24,11,2022,C03673,Emilia Osorio Mesa,Norte,Ocasional,V042,  Srita. Sandra Escamilla  ,Norte,P0071,ASUS Zenpad 3S,Tablets,13993.87,5.0,0.07,65071.5,20
VTA0078754,2022-11-20,11,2022,C03179,Ariadna Lorena Paredes Castro,Sur,ocasional,V027,Claudio Andrés Gómez Sosa,Sur,P0010,Huawei Pura 70,Celulares,10271.29,4.0,0.14,35333.24,27
VTA0078755,2022-11-23,11,2022,C00670,Renato Jaime Escamilla Archuleta,Sur,Premium,V039,Sr. Modesto Guillen,Oeste,P0044,Anker Q45,Audio,7358.57,5.0,0.09,33481.49,23
VTA0078756,2022-11-03,11,2022,C00281,Lic. Alejandra Díaz,Centro,Ocasional,V048,Ivonne Véliz,Centro,P0106,Mochila Lowepro Pro,Fotografía,15376.03,1.0,0.04,14760.99,40
VTA0078757,14/11/2022,11,2022,C03745,Ariadna Mitzy Carmona,Sur,Regular,V019,Jacinto Rodrigo Salazar Rolón,Sur,P0068,Lenovo Tab P12,audio ,15296.76,1.0,0.18,12543.34,21
VTA0078758,2022-11-05,11,2022,C00052,Ángel Oquendo Bonilla,Norte,Ocasional,V030,Gustavo Camilo Ochoa Gamboa,Oeste,P0078,Chuwi HiPad X,Tablets,13435.96,3.0,0.17,33455.54,20
VTA0078759,2022-11-08,11,2022,C04047,Socorro Fonseca,Este,Premium,V049,Ing. María Teresa Bétancourt,Este,P0052,Protector Pantalla S24,Accesorios,1245.69,3.0,0.08,3438.1,31
VTA0078760,2022-11-23,11,2022,C04601,Homero Felix Valdivia Zamudio,Oeste,premiun,V035,Estela Haro,Oeste,P0114,Google Nest Hub 2,Hogar Inteligente,5981.92,2.0,0.07,11126.37,45
VTA0078761,2022-11-02,11,2022,C01011,Indira Catalina Zamora Cruz,Norte,Ocasional,V004,Aurora Zelaya,Norte,P0078,Chuwi HiPad X,Tablets,13949.88,2.0,0.18,22877.8,20
VTA0078762,2022-11-21,11,2022,C01482,Hugo Eloy Cruz,Este,Regular,V032,Nelly Barela Cardenas,Este,P0049,Cargador MagSafe 30W,Accesorios,964.72,5.0,0.09,4389.48,37
VTA0078763,01/11/2022,11,2022,C03265,Graciela Urías Fajardo,Sur,Ocasional,V008,Irene Franco,Sur,P0018,Dell XPS 15,Laptops,42077.7,1.0,0.06,39553.04,40
VTA0078764,2022-11-17,11,2022,C01272,Estela Carla Flórez,Norte,Regular,V029,Francisco Ballesteros,Norte,P0043,Sony WF-1000XM5,Audio,4086.75,5.0,0.04,19616.4,25
VTA0078765,04/11/2022,11,2022,C01164,Mateo Jorge Luis Candelaria Franco,Oeste,Regular,V050,José María Gustavo Beltrán,Oeste,P0086,Silla Gamer DXRacer,Gaming,20029.52,2.0,0.04,38456.68,26
VTA0078766,11/11/2022,11,2022,C03801,Óscar Arias,Sur,Premium,V008,Irene Franco,Sur,P0032,ASUS VivoBook 16,Laptops,9744.66,3.0,0.17,24264.2,38
VTA0078767,2022-11-06,11,2022,C01601,Lic. Zacarías Verdugo,Centro,Premium,V043,Homero Esquivel,Norte,P0109,Filtro ND Variable,Fotografía,3487.84,4.0,0.02,13672.33,30
VTA0078768,30/11/2022,11,2022,C01031,Lic. Claudia Granado,Sur,Premium,V012,Rubén Marco Antonio Orta Ramos,Sur,P0044,Anker Q45,Audio,6601.39,4.0,0.05,25085.28,23
VTA0078769,2022-11-04,11,2022,C03127,Julio César Flavio Magaña,Este,Regular,V015,Joaquín Benavides Meza,Norte,P0101,DJI Mavic 3 Pro,Fotografía,15099.83,5.0,0.13,65684.26,27
VTA0078770,2022-11-21,11,2022,C01530,Reynaldo Claudio Aguilar,Este,Premiun,V011,Clara Loera,Este,P0128,Panel Solar Portátil,Hogar Inteligente,3802.32,5.0,0.01,18821.48,39
VTA0078771,2022-11-06,11,2022,C02424,Gabriel Aponte,Sur,ocasional,V008,Irene Franco,Sur,P0097,Canon EOS R6 Mark II,Fotografía,32901.03,2.0,0.16,55273.73,38
VTA0078772,2022-11-29,11,2022,C00713,Olivia Cardenas,Centro,Premium,V037,Victoria Caridad Concepción,Centro,P0073,Microsoft Surface Go 3,Tablets,10928.09,4.0,0.17,-36281.26,22
VTA0078773,2022-11-02,11,2022,C02824,Oswaldo Israel Mata,Este,Ocasional,V005,Aldo Adán Rodrígez Galarza,Este,P0089,Mouse Logitech G Pro X,Gaming,6324.57,4.0,0.04,24286.35,45
VTA0078774,2022-11-29,11,2022,C03657,Alma Ariadna Valdés Bermúdez,Norte,Ocasional,V046,Hermelinda Josefina Rodarte Bahena,Norte,P0102,GoPro Hero 12,Fotografía,28576.54,3.0,0.07,79728.55,45
VTA0078775,2022-11-25,11,2022,C03716,,Norte,Ocasional,V015,Joaquín Benavides Meza,Norte,P0024,LG Gram 17,Laptops,45792.2,3.0,0.01,136002.83,26
VTA0078776,2022-11-21,11,2022,C04091,Itzel Lucía Pabón,Este,Premium,V005,Aldo Adán Rodrígez Galarza,Este,P0117,Cámara Nest Doorbell,Hogar Inteligente,10107.23,2.0,0.01,20012.32,34
VTA0078777,2022-11-17,11,2022,C03777,Octavio Fuentes,Norte,ocasional,V016,Octavio Mario Rincón Marín,Norte,P0095,SSD Samsung 980 Pro,Gaming,3104.23,2.0,0.05,5898.04,28
VTA0078778,2022-11-04,11,2022,C03562,Cristina Magdalena Regalado,Oeste,Premium,V039,Sr. Modesto Guillen,Oeste,P0038,Beats Studio Pro,Audio,2406.24,3.0,0.11,6424.66,39
VTA0078779,2022-11-18,11,2022,C04241,Hernán Iván Campos,Sur,REGULAR,V036,  Dr. Ignacio Aparicio  ,Sur,P0090,Control Xbox Elite 2,audio ,28941.37,1.0,0.1,26047.23,40
VTA0078780,2022-11-13,11,2022,C03643,Alma Alta  Gracia Aguirre Bahena,Norte,Premium,V026,Ing. Elias Valdivia,Oeste,P0020,Lenovo ThinkPad X1,Laptops,23698.55,,0.04,22750.61,42
VTA0078781,30/11/2022,11,2022,C04851,Alfonso Medina Luevano,Sur,Premiun,V008,Irene Franco,Sur,P0117,Cámara Nest Doorbell,Hogar Inteligente,10760.46,3.0,0.15,27439.17,34
VTA0078782,2022-11-02,11,2022,C02095,Eva Gamez,Norte,Premiun,V002,Nelly Marrero Ortiz,Norte,P0098,Sony Alpha 7 IV,Fotografía,20926.17,4.0,0.01,82867.63,34
VTA0078783,04/11/2022,11,2022,C04836,Lilia Terán Galindo,Sur,Ocasional,V012,Rubén Marco Antonio Orta Ramos,Sur,P0114,Google Nest Hub 2,Hogar Inteligente,5475.05,5.0,0.19,22173.95,45
VTA0078784,2022-11-01,11,2022,C03424,  Ing. Pilar Valverde  ,Norte,Regular,V046,Hermelinda Josefina Rodarte Bahena,Norte,P0071,ASUS Zenpad 3S,Tablets,14405.74,1.0,0.07,13397.34,20
VTA0078785,2022-11-25,11,2022,C04541,Carolina Casares Valdez,Centro,Premium,V033,Jaime Gamez Maldonado,Centro,P0119,Enchufe Inteligente TP,Hogar Inteligente,4934.23,1.0,0.03,4786.2,27
VTA0078786,2022-11-21,11,2022,C04765,Mario Vergara,Oeste,Premiun,V026,Ing. Elias Valdivia,Oeste,P0013,Xiaomi Redmi Note 13,celulares,11630.52,4.0,0.06,43730.76,30
VTA0078787,2022-11-01,11,2022,C03505,,Este,Ocasional,V010,Sra. Guadalupe Llamas,Este,P0033,Sony WH-1000XM5,Audio,7736.02,5.0,0.03,37519.7,25
VTA0078788,2022-11-10,11,2022,C03900,Dolores Hermelinda Lugo Cortés,Sur,Premium,V046,Hermelinda Josefina Rodarte Bahena,Norte,P0012,Samsung A55,Celulares,22151.0,5.0,0.15,94141.75,36
VTA0078789,16/11/2022,11,2022,C02940,Francisco Javier Eloy Ferrer,Sur,Regular,V021,  Cristal Valdés Maya  ,Sur,P0113,Alexa Echo Dot 5,Hogar Inteligente,11853.05,2.0,0.05,22520.8,20
VTA0078790,2022-11-06,11,2022,C00478,Sr. Ramón Galarza,Sur,Premium,V020,Dr. Arturo Angulo,Sur,P0125,TV Samsung QLED 55,Hogar Inteligente,2839.68,4.0,0.17,9427.74,20
VTA0078791,29/11/2022,11,2022,C00444,Sra. Dulce Alba,Oeste,Premium,V014,Ofelia Miriam Negrón,Oeste,P0070,Amazon Fire HD 10,Tablets,15978.18,1.0,0.07,14859.71,33
VTA0078792,30/11/2022,11,2022,C03873,José Luis Salgado Alva,Norte,Ocasional,V045,Marisela Vanesa Chapa Aranda,Norte,P0094,RAM Corsair 32GB,Gaming,18247.67,5.0,0.07,84851.67,26
VTA0078793,2022-11-16,11,2022,C00138,Noelia Paulina Roldán Tovar,Este,Premiun,V032,Nelly Barela Cardenas,Este,P0086,Silla Gamer DXRacer,Gaming,22170.6,1.0,0.03,21505.48,26
VTA0078794,2022-11-08,11,2022,C03860,José María Arriaga Dueñas,Norte,Premiun,V004,Aurora Zelaya,Norte,P0064,Limpiador Pantallas Kit,Accesorios,1416.0,3.0,0.19,3440.88,44
VTA0078795,2022-11-24,11,2022,C00245,Juan Alberto Mesa,Oeste,Premium,V012,Rubén Marco Antonio Orta Ramos,Sur,P0116,Foco Philips Hue,Hogar Inteligente,3978.46,4.0,0.18,13049.35,44
VTA0078796,2022-11-01,11,2022,C00314,Dra. Arcelia Bueno,Oeste,Ocasional,V035,Estela Haro,Oeste,P0114,Google Nest Hub 2,Hogar Inteligente,5266.67,2.0,0.16,8848.01,45
VTA0078797,2022-11-24,11,2022,C01036,Ángela Villareal,Este,Premium,V030,Gustavo Camilo Ochoa Gamboa,Oeste,P0032,ASUS VivoBook 16,Laptops,11246.82,3.0,0.04,32390.84,38
VTA0078798,2022-11-09,11,2022,C04442,Claudia León Guzmán,Sur,Ocasional,V012,Rubén Marco Antonio Orta Ramos,Sur,P0013,Xiaomi Redmi Note 13,Celulares,12693.84,1.0,0.05,12059.15,30
VTA0078799,2022-11-23,11,2022,C00818,  Aurelio César Abreu Rodarte  ,Oeste,Ocasional,V001,Fernando Casares Jimínez,Oeste,P0082,Xbox Series X,Gaming,10991.57,1.0,0.09,10002.33,30
VTA0078800,2022-11-01,11,2022,C00049,Srita. Elsa Contreras,Sur,Premium,V046,Hermelinda Josefina Rodarte Bahena,Norte,P0105,Tripié Joby GorillaPod,Fotografía,10905.27,1.0,0.18,8942.32,41
VTA0078801,2022-11-26,11,2022,C02344,Ing. Arturo Quintana,Oeste,Premiun,V041,Srita. Nadia Casas,Centro,P0071,ASUS Zenpad 3S,Tablets,14969.48,3.0,0.2,35926.75,20
VTA0078802,2022-11-27,11,2022,C04699,Zoé Castillo Nájera,Centro,Premium,V037,Victoria Caridad Concepción,Centro,P0120,Timbre Ring Video Pro,Hogar Inteligente,7576.58,3.0,0.02,-22275.15,21
VTA0078803,19/11/2022,11,2022,C00529,  Luis Manuel Loya  ,Este,Premium,V022,Bernardo Lemus Caballero,Oeste,P0041,Bang Olufsen H95,Audio,5916.97,2.0,0.19,9585.49,20
VTA0078804,2022-11-02,11,2022,C03321,  Oswaldo Rodrígez  ,Este,Regular,V010,Sra. Guadalupe Llamas,Este,P0066,Samsung Galaxy Tab S9,Tablets,11780.62,2.0,0.08,21676.34,24
VTA0078805,2022-11-25,11,2022,C00178,Leonardo Alcala,Sur,Ocasional,V020,Dr. Arturo Angulo,Sur,P0052,Protector Pantalla S24,Accesorios,1051.14,1.0,0.09,956.54,31
VTA0078806,2022-11-21,11,2022,C01923,Conchita Zavala de la Torre,Sur,Ocacional,V032,Nelly Barela Cardenas,Este,P0113,Alexa Echo Dot 5,Hogar Inteligente,12198.37,5.0,0.15,51843.07,20
VTA0078807,2022-11-02,11,2022,C01169,  Gonzalo Ríos Salcido  ,Este,Premium,V010,Sra. Guadalupe Llamas,Este,P0063,Pad Mouse XL Gaming,Accesorios,1778.57,4.0,0.16,5976.0,42
VTA0078808,2022-11-25,11,2022,C04394,Guadalupe Liliana Gallardo,Oeste,Regular,V035,Estela Haro,Oeste,P0119,Enchufe Inteligente TP,Hogar Inteligente,4482.6,5.0,0.09,-20395.83,27
VTA0078809,2022-11-01,11,2022,C02085,Lic. Mónica Páez,Centro,Ocasional,V031,  Bernabé César Salazar  ,Centro,P0038,Beats Studio Pro,Audio,2109.8,5.0,0.1,9494.1,39
VTA0078810,2022-11-16,11,2022,C04108,Lic. Indira Ortiz,Oeste,premiun,V022,Bernardo Lemus Caballero,Oeste,P0111,Monitor Portátil 4K,Fotografía,6875.27,1.0,0.01,6806.52,41
VTA0078811,2022-11-24,11,2022,C04809,Silvano Cruz,Centro,Regular,V044,Julia Esther Solorio,Centro,P0084,Steam Deck 512GB,Gaming,10933.12,5.0,0.05,51932.32,26
VTA0078812,2022-11-12,11,2022,C04506,Georgina Hilda Camarillo Galarza,Norte,Premium,V029,Francisco Ballesteros,Norte,P0003,Xiaomi 14 Pro,celulares,21372.26,2.0,0.03,41462.18,36
VTA0078813,2022-11-08,11,2022,C03307,José Luis Ibarra,Norte,Premium,V002,Nelly Marrero Ortiz,Norte,P0120,Timbre Ring Video Pro,Hogar Inteligente,7142.69,3.0,0.04,-20570.95,21
VTA0078814,2022-11-16,11,2022,C00448,Andrés Miguel Segovia Concepción,Este,Premium,V049,Ing. María Teresa Bétancourt,Este,P0035,Bose QC45,Audio,2792.78,2.0,0.02,5473.85,19
VTA0078815,27/11/2022,11,2022,C00213,Felipe Ricardo Romo Vergara,Norte,Regular,V045,Marisela Vanesa Chapa Aranda,Norte,P0107,Tarjeta SD SanDisk 256,Fotografía,10890.29,2.0,0.19,17642.27,27
VTA0078816,2022-11-15,11,2022,C01712,Reina Sandra Rojas,Norte,Regular,V002,Nelly Marrero Ortiz,Norte,P0001,iPhone 15 Pro,Celulares,20569.85,1.0,0.07,19129.96,37
VTA0078817,2022-11-06,11,2022,C01361,Sra. Elvira Zapata,Oeste,Ocasional,V026,Ing. Elias Valdivia,Oeste,P0112,Estabilizador DJI OM6,Fotografía,16382.04,3.0,0.06,46197.35,33
VTA0078818,2022-11-21,11,2022,C00732,Cristal Eva Matías,Oeste,Ocasional,V040,Karla Silvia Mireles Patiño,Oeste,P0031,Acer Aspire 7,Laptops,8646.87,4.0,0.17,28707.61,38
VTA0078819,2022-11-27,11,2022,C01880,Lic. Fidel Lozada,Oeste,Ocasional,V001,Fernando Casares Jimínez,Oeste,P0013,Xiaomi Redmi Note 13,audio ,13990.58,1.0,0.09,12731.43,30
VTA0078820,2022-11-20,11,2022,C03396,Enrique Velasco,Sur,Ocasional,V020,Dr. Arturo Angulo,Sur,P0121,Roomba j7 Plus,Hogar Inteligente,6503.49,3.0,0.08,17949.63,38
VTA0078821,2022-11-05,11,2022,C02017,Ariadna María Luisa Olvera Montero,Oeste,premiun,V040,Karla Silvia Mireles Patiño,Oeste,P0005,OnePlus 12,Celulares,5617.57,4.0,0.02,22020.87,40
VTA0078822,2022-11-10,11,2022,C02893,Dr. Antonio Guajardo,Oeste,Premium,V047,  Estela Bianca Melgar Arias  ,Oeste,P0033,Sony WH-1000XM5,Audio,6780.16,5.0,0.11,30171.71,25
VTA0078823,2022-11-10,11,2022,C04237,Marcela Barbara Vega Nieves,Norte,Premium,V013,Alvaro Gaona Ocasio,Sur,P0006,Motorola Edge 50,Celulares,9000.24,1.0,0.12,7920.21,32
VTA0078824,2022-11-27,11,2022,C00234,Fidel Herrera Avilés,Sur,Premium,V036,  Dr. Ignacio Aparicio  ,Sur,P0109,Filtro ND Variable,Fotografía,3714.33,5.0,0.05,17643.07,30
VTA0078825,2022-11-25,11,2022,C01709,Gerónimo Jacobo Osorio Quintana,Centro,ocasional,V041,Srita. Nadia Casas,Centro,P0026,MSI Prestige 16,Laptops,8817.31,4.0,0.06,33153.09,44
VTA0078826,2022-11-17,11,2022,C02215,  Lic. Eric Arriaga  ,Norte,Ocasional,V006,  Dr. Evelio Murillo  ,Sur,P0012,Samsung A55,audio ,20976.42,3.0,0.2,50343.41,36
VTA0078827,2022-11-25,11,2022,C00782,Natividad Perales,Este,Regular,V005,Aldo Adán Rodrígez Galarza,Este,P0128,Panel Solar Portátil,Hogar Inteligente,3695.61,3.0,0.15,9423.81,39
VTA0078828,2022-11-28,11,2022,C00382,Micaela Fabiola Segovia Ferrer,Centro,Regular,V028,Sofía Delia Gurule Cantú,Centro,P0048,Skullcandy Crusher,Audio,3746.62,3.0,0.04,10790.27,44
VTA0078829,2022-11-19,11,2022,C04756,Modesto Díaz,Sur,Regular,V020,Dr. Arturo Angulo,Sur,P0108,Batería Canon LP-E6,Fotografía,17519.03,3.0,0.13,45724.67,32
VTA0078830,2022-11-07,11,2022,C03101,Lic. Miriam Tamayo,Sur,Ocasional,V031,  Bernabé César Salazar  ,Centro,P0096,Cooling Noctua NH-D15,Gaming,9320.34,2.0,0.13,16217.39,41
VTA0078831,2022-11-26,11,2022,C02647,Rosa Dávila Barraza,Centro,premiun,V041,Srita. Nadia Casas,Centro,P0037,JBL Charge 5,Audio,7188.81,2.0,0.1,12939.86,21
VTA0078832,2022-11-08,11,2022,C00088,Arturo José Eduardo Ríos,Este,Ocasional,V049,Ing. María Teresa Bétancourt,Este,P0069,Xiaomi Pad 6 Pro,celulares,5746.14,3.0,0.2,13790.74,37
VTA0078833,2022-11-10,11,2022,C00388,,Este,Premium,V010,Sra. Guadalupe Llamas,Este,P0015,Nokia G42,Celulares,21183.8,5.0,0.17,87912.77,26
VTA0078834,2022-11-27,11,2022,C03323,Sra. Eugenia Matías,Sur,Premium,V023,Fidel Negrete Domínguez,Sur,P0107,Tarjeta SD SanDisk 256,Fotografía,11955.87,5.0,0.16,50214.65,27
VTA0078835,2022-11-09,11,2022,C01281,  Perla Irma Laureano  ,Norte,Premium,V009,Amanda María José Bravo,Norte,P0023,Microsoft Surface Pro 9,Laptops,34607.93,1.0,0.07,32185.37,27
VTA0078836,2022-11-01,11,2022,C03079,Uriel Sanabria,Oeste,Premium,V047,  Estela Bianca Melgar Arias  ,Oeste,P0083,Nintendo Switch OLED,Gaming,16038.91,1.0,0.05,15236.96,39
VTA0078837,2022-11-05,11,2022,C04802,Ing. Andrea Gonzales,Centro,Regular,V031,  Bernabé César Salazar  ,Centro,P0025,Razer Blade 15,Laptops,30646.42,3.0,0.03,89181.08,44
VTA0078838,2022-11-28,11,2022,C00638,  Laura Montalvo  ,Norte,Regular,V029,Francisco Ballesteros,Norte,P0038,Beats Studio Pro,Audio,2169.81,3.0,0.15,5533.02,39
VTA0078839,2022-11-01,11,2022,C03494,Susana Villalpando Alvarez,Este,Premiun,V010,Sra. Guadalupe Llamas,Este,P0119,Enchufe Inteligente TP,Hogar Inteligente,4894.7,3.0,0.04,14096.74,27
VTA0078840,2022-11-01,11,2022,C00418,Angélica Piña Verdugo,Este,Regular,V038,Violeta Itzel Benavídez,Oeste,P0070,Amazon Fire HD 10,Tablets,15547.48,5.0,0.1,69963.66,33
VTA0078841,2022-11-24,11,2022,C03166,Ing. María Elena Naranjo,Este,REGULAR,V010,Sra. Guadalupe Llamas,Este,P0034,AirPods Pro 2,Audio,1161.15,2.0,0.2,1857.84,27
VTA0078842,23/11/2022,11,2022,C00148,Zoé Sosa Mota,Este,Ocasional,V010,Sra. Guadalupe Llamas,Este,P0116,Foco Philips Hue,Hogar Inteligente,3822.22,4.0,0.02,14983.1,44
VTA0078843,13/11/2022,11,2022,C01636,Zeferino Torres Garay,Oeste,Ocasional,V039,Sr. Modesto Guillen,Oeste,P0072,Huawei MatePad Pro,Tablets,18507.59,4.0,0.19,59964.59,43
VTA0078844,25/11/2022,11,2022,C04894,Liliana Grijalva Aguilera,Este,ocasional,V032,Nelly Barela Cardenas,Este,P0017,MacBook Pro M3,Laptops,13009.57,4.0,0.18,42671.39,43
VTA0078845,10/11/2022,11,2022,C04630,Alma Silvia Ordóñez Pichardo,Norte,Premium,V015,Joaquín Benavides Meza,Norte,P0085,Monitor LG 27GP950,Gaming,17563.03,3.0,0.09,47947.07,43
VTA0078846,2022-11-18,11,2022,C04018,Ofelia Noemí Espinal Colunga,Centro,Premium,V031,  Bernabé César Salazar  ,Centro,P0094,RAM Corsair 32GB,Gaming,16552.6,1.0,0.0,16552.6,26
VTA0078847,2022-11-14,11,2022,C03450,Sra. Graciela Arias,Este,Ocasional,V010,Sra. Guadalupe Llamas,Este,P0104,Flash Godox V1,Fotografía,15970.5,2.0,0.18,26191.62,40
VTA0078848,2022-11-05,11,2022,C00523,Sr. Jorge Zavala,Centro,Regular,V028,Sofía Delia Gurule Cantú,Centro,P0079,Realme Pad 2,Tablets,9143.19,1.0,0.15,7771.71,20
VTA0078849,2022-11-25,11,2022,C04483,Mauro Granados Navarrete,Este,Premium,V005,Aldo Adán Rodrígez Galarza,Este,P0017,MacBook Pro M3,Laptops,13485.8,2.0,0.2,21577.28,43
VTA0078850,20/11/2022,11,2022,C03352,Débora Catalina Ruelas Reyna,Centro,Regular,V003,Jacinto Rivero Valladares,Centro,P0027,MacBook Air M2,Laptops,37466.9,4.0,0.17,124390.11,24
VTA0078851,2022-11-09,11,2022,C01588,Jacobo Treviño,Norte,Ocasional,V016,Octavio Mario Rincón Marín,Norte,P0072,Huawei MatePad Pro,Tablets,18810.3,3.0,0.07,52480.74,43
VTA0078852,2022-11-28,11,2022,C04882,Olga Luna,Sur,Regular,V024,Bernabé Guerra,Sur,P0087,Headset HyperX Cloud III,Gaming,2007.53,5.0,0.1,9033.88,38
VTA0078853,2022-11-15,11,2022,C04662,  Lic. Fabiola Melgar  ,Este,REGULAR,V032,Nelly Barela Cardenas,Este,P0123,Cerradura Yale Smart,Hogar Inteligente,8684.43,4.0,0.15,29527.06,29
VTA0078854,2022-11-08,11,2022,C01442,Dr. Ignacio Gutiérrez,Sur,Premiun,V024,Bernabé Guerra,Sur,P0102,GoPro Hero 12,Fotografía,24483.27,1.0,0.01,24238.44,45
VTA0078855,08/11/2022,11,2022,C02308,Esperanza Coronado Barajas,Este,Premium,V030,Gustavo Camilo Ochoa Gamboa,Oeste,P0029,HP Pavilion 15,Laptops,8838.34,4.0,0.02,34646.29,24
VTA0078856,2022-11-19,11,2022,C02075,Sr. Gonzalo Chavarría,Oeste,Premium,V001,Fernando Casares Jimínez,Oeste,P0127,Router WiFi 6 Mesh,tablets,5472.56,4.0,0.01,21671.34,44
VTA0078857,25/11/2022,11,2022,C00445,Diana Zapata,Oeste,Premiun,V014,Ofelia Miriam Negrón,Oeste,P0029,HP Pavilion 15,Laptops,8282.56,2.0,0.03,16068.17,24
VTA0078858,2022-11-20,11,2022,C04724,  Alberto Gamez  ,Oeste,Premium,V014,Ofelia Miriam Negrón,Oeste,P0016,Tecno Spark 20,Celulares,14341.73,5.0,0.01,70991.56,20
VTA0078859,2022-11-15,11,2022,C01598,Dr. David Arias,Sur,Premium,V024,Bernabé Guerra,Sur,P0118,Termostato Nest 3,Hogar Inteligente,1585.54,3.0,0.17,3947.99,30
VTA0078860,2022-11-26,11,2022,C00125,  Modesto Tamayo Cotto  ,Norte,Ocasional,V043,Homero Esquivel,Norte,P0124,Sensor Movimiento Aqara,Hogar Inteligente,7583.72,2.0,0.17,12588.98,35
VTA0078861,2022-11-08,11,2022,C04193,Abel Palacios Echeverría,Norte,Premium,V002,Nelly Marrero Ortiz,Norte,P0064,Limpiador Pantallas Kit,Accesorios,1510.42,3.0,0.01,4485.95,44
VTA0078862,2022-11-11,11,2022,C04685,Lic. Fidel Saldivar,Este,Regular,V049,Ing. María Teresa Bétancourt,Este,P0030,Lenovo IdeaPad 5,Laptops,40429.89,3.0,0.04,116438.08,21
VTA0078863,2022-11-30,11,2022,C00003,Mayte Vera,Norte,Regular,V016,Octavio Mario Rincón Marín,Norte,P0002,Samsung Galaxy S24,Celulares,8082.44,,0.17,26833.7,19
VTA0078864,2022-11-02,11,2022,C02153,  Bernabé Gutiérrez  ,Este,Ocasional,V005,Aldo Adán Rodrígez Galarza,Este,P0028,Dell Inspiron 15,Laptops,27591.48,1.0,0.09,25108.25,37
VTA0078865,2022-11-15,11,2022,C01433,Dr. Rafaél Vanegas,Oeste,Regular,V022,Bernardo Lemus Caballero,Oeste,P0001,iPhone 15 Pro,Celulares,18820.87,5.0,0.15,79988.7,37
VTA0078866,2022-11-13,11,2022,C00388,Concepción Esquibel Echeverría,Este,Premium,V010,Sra. Guadalupe Llamas,Este,P0118,Termostato Nest 3,Hogar Inteligente,1593.86,2.0,0.06,2996.46,30
VTA0078867,2022-11-26,11,2022,C01732,Srita. Nelly Suárez,Este,Premium,V046,Hermelinda Josefina Rodarte Bahena,Norte,P0080,Honor Pad 8,Tablets,9053.09,1.0,0.16,7604.6,19
VTA0078868,2022-11-22,11,2022,C04236,Jorge Lorenzo Nevárez,Este,Regular,V032,Nelly Barela Cardenas,Este,P0109,Filtro ND Variable,audio ,3750.76,1.0,0.12,3300.67,30
VTA0078869,2022-11-05,11,2022,C03006,Fernando Fernando Ornelas,Sur,Ocasional,V013,Alvaro Gaona Ocasio,Sur,P0102,GoPro Hero 12,audio ,27836.28,1.0,0.06,26166.1,45
VTA0078870,30/11/2022,11,2022,C02145,Dra. Ariadna Padilla,Este,Premium,V005,Aldo Adán Rodrígez Galarza,Este,P0115,Apple HomePod Mini,celulares,7621.84,1.0,0.15,6478.56,46
VTA0078871,2022-11-18,11,2022,C03595,Lic. Gonzalo Páez,Sur,Premium,V036,  Dr. Ignacio Aparicio  ,Sur,P0070,Amazon Fire HD 10,Tablets,18029.51,3.0,0.04,51924.99,33
VTA0078872,06/11/2022,11,2022,C02692,Adalberto Mojica Carrasco,Sur,REGULAR,V027,Claudio Andrés Gómez Sosa,Sur,P0114,Google Nest Hub 2,Hogar Inteligente,5923.18,4.0,0.1,21323.45,45
VTA0078873,2022-11-20,11,2022,C01236,Manuel Marcos Pantoja,Oeste,premiun,V035,Estela Haro,Oeste,P0022,Acer Swift 5,Laptops,34745.78,3.0,0.09,94855.98,41
VTA0078874,2022-11-18,11,2022,C02305,Dr. Tomás Villagómez,Oeste,Premiun,V038,Violeta Itzel Benavídez,Oeste,P0096,Cooling Noctua NH-D15,Gaming,10374.81,5.0,0.17,43055.46,41
VTA0078875,2022-11-15,11,2022,C03115,Barbara Reina Zedillo Caraballo,Oeste,Regular,V007,Conchita Leticia Gastélum Corral,Oeste,P0040,Jabra Elite 85h,Audio,3052.43,5.0,0.12,13430.69,38
VTA0078876,2022-11-09,11,2022,C04387,Omar Gilberto Murillo,Centro,Regular,V041,Srita. Nadia Casas,Centro,P0050,Cable USB-C 2m,Accesorios,1402.5,5.0,0.04,6732.0,32
VTA0078877,2022-11-16,11,2022,C01355,Mayte Mercedes Cervántez,Centro,Regular,V028,Sofía Delia Gurule Cantú,Centro,P0082,Xbox Series X,Gaming,10882.97,4.0,0.14,37437.42,30
VTA0078878,2022-11-29,11,2022,C02229,Diana Ceja Acosta,Norte,ocasional,V015,Joaquín Benavides Meza,Norte,P0098,Sony Alpha 7 IV,tablets,20962.47,1.0,0.01,20752.85,34
VTA0078879,2022-11-02,11,2022,C04887,Yolanda Becerra,Norte,Premiun,V046,Hermelinda Josefina Rodarte Bahena,Norte,P0036,Samsung Galaxy Buds2,LAPTOPS,7686.85,2.0,0.13,13375.12,43
VTA0078880,2022-11-21,11,2022,C03145,Minerva Concepción González Prieto,Este,Regular,V005,Aldo Adán Rodrígez Galarza,Este,P0040,Jabra Elite 85h,Audio,3073.96,3.0,0.14,7930.82,38
VTA0078881,2022-11-09,11,2022,C02604,,Norte,REGULAR,V042,  Srita. Sandra Escamilla  ,Norte,P0057,Soporte Laptop Adjustable,Accesorios,573.21,2.0,0.1,1031.78,39
VTA0078882,03/11/2022,11,2022,C01672,María Cristina Sanches,Centro,Regular,V044,Julia Esther Solorio,Centro,P0103,Lente Canon RF 50mm,Fotografía,15375.74,1.0,0.08,14145.68,31
VTA0078883,2022-11-06,11,2022,C01839,Mauricio Trujillo Nájera,Centro,Premium,V031,  Bernabé César Salazar  ,Centro,P0046,JBL Flip 6,Audio,2552.26,3.0,0.12,6737.97,40
VTA0078884,2022-11-05,11,2022,C00602,Porfirio Canales Sierra,Este,Ocacional,V005,Aldo Adán Rodrígez Galarza,Este,P0125,TV Samsung QLED 55,Hogar Inteligente,2762.42,5.0,0.08,12707.13,20
VTA0078885,2022-11-09,11,2022,C03622,Ing. Sonia Iglesias,Este,Premiun,V027,Claudio Andrés Gómez Sosa,Sur,P0097,Canon EOS R6 Mark II, Accesorios,30048.59,1.0,0.1,27043.73,38
VTA0078886,2022-11-02,11,2022,C00226,Alta  Gracia Ruby Jimínez,Norte,Ocasional,V046,Hermelinda Josefina Rodarte Bahena,Norte,P0100,Fujifilm X-T5,Fotografía,14700.25,3.0,0.12,38808.66,42
VTA0078887,2022-11-04,11,2022,C00119,Ing. Ricardo Lozada,Sur,Regular,V044,Julia Esther Solorio,Centro,P0022,Acer Swift 5,Laptops,31505.41,1.0,0.09,28669.92,41
VTA0078888,2022-11-16,11,2022,C03991,Lilia Arredondo,Sur,Ocasional,V006,  Dr. Evelio Murillo  ,Sur,P0001,iPhone 15 Pro,Celulares,20354.4,3.0,0.18,50071.82,37
VTA0078889,2022-11-09,11,2022,C01350,Pamela Georgina Rosas Mora,Este,Regular,V032,Nelly Barela Cardenas,Este,P0005,OnePlus 12,Celulares,5266.52,3.0,0.07,14693.59,40
VTA0078890,2022-11-04,11,2022,C01903,Lucas Andrés Castellanos,Sur,Ocasional,V043,Homero Esquivel,Norte,P0044,Anker Q45,Audio,6902.32,2.0,0.15,11733.94,23
VTA0078891,2022-11-02,11,2022,C04791,Ing. Andrés Arellano,Este,Regular,V010,Sra. Guadalupe Llamas,Este,P0090,Control Xbox Elite 2,Gaming,25018.95,3.0,0.15,63798.32,40
VTA0078892,2022-11-13,11,2022,C04757,Aldo Gerardo Peres Carvajal,Este,Regular,V033,Jaime Gamez Maldonado,Centro,P0109,Filtro ND Variable,Fotografía,3371.25,3.0,0.12,8900.1,30
VTA0078893,2022-11-02,11,2022,C00783,Trinidad Micaela Orellana,Norte,Premium,V004,Aurora Zelaya,Norte,P0034,AirPods Pro 2,Audio,1278.52,1.0,0.18,1048.39,27
VTA0078894,2022-11-21,11,2022,C01039,Natalia Zelaya Valdés,Norte,Regular,V045,Marisela Vanesa Chapa Aranda,Norte,P0086,Silla Gamer DXRacer,Gaming,23412.61,1.0,0.1,21071.35,26
VTA0078895,2022-11-11,11,2022,C01693,Salma Alba,Oeste,Ocasional,V039,Sr. Modesto Guillen,Oeste,P0121,Roomba j7 Plus,Hogar Inteligente,6266.04,4.0,0.1,22557.74,38
VTA0078896,2022-11-28,11,2022,C01175,  Ing. Asunción Méndez  ,Sur,Premium,V036,  Dr. Ignacio Aparicio  ,Sur,P0089,Mouse Logitech G Pro X,Gaming,7056.34,1.0,0.18,5786.2,45
VTA0078897,20/11/2022,11,2022,C04381,Roberto Alvaro Carranza Laboy,Este,Premiun,V010,Sra. Guadalupe Llamas,Este,P0055,Teclado Keychron K2,hogar inteligente,1327.06,4.0,0.19,4299.67,28
VTA0078898,2022-11-06,11,2022,C00441,Andrea Irma Galindo,Centro,Premium,V041,Srita. Nadia Casas,Centro,P0053,Hub USB-C 7en1,Accesorios,396.06,4.0,0.04,1520.87,20
VTA0078899,2022-11-08,11,2022,C00549,Humberto Orellana de Anda,Centro,Premium,V048,Ivonne Véliz,Centro,P0111,Monitor Portátil 4K,Fotografía,6892.26,2.0,0.11,12268.22,41
VTA0078900,2022-11-30,11,2022,C01493,Jorge Iglesias,Oeste,Premium,V022,Bernardo Lemus Caballero,Oeste,P0114,Google Nest Hub 2,hogar inteligente,5621.72,3.0,0.01,16696.51,45
VTA0078901,2022-11-05,11,2022,C02738,,Norte,Regular,V009,Amanda María José Bravo,Norte,P0009,Sony Xperia 1 VI,Celulares,25450.57,3.0,0.08,70243.57,24
VTA0078902,2022-11-22,11,2022,C03585,José Emilio Camilo Roldán,Norte,Premium,V036,  Dr. Ignacio Aparicio  ,Sur,P0030,Lenovo IdeaPad 5,Laptops,43420.33,2.0,0.1,78156.59,21
VTA0078903,03/11/2022,11,2022,C00501,Marco Antonio Ramírez Laureano,Oeste,Ocasional,V014,Ofelia Miriam Negrón,Oeste,P0010,Huawei Pura 70,Celulares,10207.55,4.0,0.03,39605.29,27
VTA0078904,2022-11-18,11,2022,C01089,Timoteo Frías,Sur,Ocasional,V034,Rufino Rivera,Sur,P0027,MacBook Air M2,Laptops,33347.81,1.0,0.07,31013.46,24
VTA0078905,2022-11-08,11,2022,C04839,  Israel Alba Lozada  ,Norte,Premiun,V004,Aurora Zelaya,Norte,P0044,Anker Q45,Audio,7537.95,2.0,0.07,14020.59,23
VTA0078906,13/11/2022,11,2022,C00411,Rufino Perales Chacón,Norte,Premium,V004,Aurora Zelaya,Norte,P0095,SSD Samsung 980 Pro,Gaming,3124.76,1.0,0.11,2781.04,28
VTA0078907,2022-11-08,11,2022,C01253,Andrés Ordóñez Tafoya,Este,Ocasional,V028,Sofía Delia Gurule Cantú,Centro,P0013,Xiaomi Redmi Note 13,Celulares,12507.72,2.0,0.17,20762.82,30
VTA0078908,2022-11-06,11,2022,C03507,Sra. Linda Villagómez,Sur,Premiun,V008,Irene Franco,Sur,P0049,Cargador MagSafe 30W,gaming,1015.25,3.0,0.1,2741.18,37
VTA0078909,2022-11-10,11,2022,C02819,Lorenzo Elias Alcaraz,Sur,Premium,V025,Manuel Gerónimo Armas,Sur,P0013,Xiaomi Redmi Note 13,Celulares,11945.8,4.0,0.14,41093.55,30
VTA0078910,2022-11-14,11,2022,C04482,Lorenzo José Manuél Rodríguez,Oeste,Ocasional,V030,Gustavo Camilo Ochoa Gamboa,Oeste,P0004,Google Pixel 8,Celulares,5326.1,3.0,0.1,14380.47,34
VTA0078911,2022-11-10,11,2022,C01175,  Ing. Asunción Méndez  ,Sur,Premium,V036,  Dr. Ignacio Aparicio  ,Sur,P0073,Microsoft Surface Go 3,Tablets,12126.67,1.0,0.17,10065.14,22
VTA0078912,2022-11-02,11,2022,C03733,David Valdez Olvera,Norte,Ocasional,V002,Nelly Marrero Ortiz,Norte,P0128,Panel Solar Portátil,Hogar Inteligente,3567.39,4.0,0.05,13556.08,39
VTA0078913,2022-11-07,11,2022,C02882,Andrea Georgina Marín Alva,Centro,Ocacional,V044,Julia Esther Solorio,Centro,P0076,TCL Tab 10,Tablets,16974.2,5.0,0.03,82324.87,24
VTA0078914,2022-11-30,11,2022,C04368,Flavio Iglesias,Centro,REGULAR,V033,Jaime Gamez Maldonado,Centro,P0017,MacBook Pro M3,Laptops,12868.12,5.0,0.13,55976.32,43
VTA0078915,2022-11-15,11,2022,C04112,  Germán Alcántar Coronado  ,Sur,premiun,V026,Ing. Elias Valdivia,Oeste,P0014,Motorola G84,Celulares,6618.19,1.0,0.16,5559.28,20
VTA0078916,2022-11-17,11,2022,C01273,Luz Girón,Sur,Premium,V018,Lic. Gilberto Castellanos,Sur,P0010,Huawei Pura 70,Celulares,9708.62,2.0,0.1,17475.52,27
VTA0078917,11/11/2022,11,2022,C04987,Abigail Olmos,Centro,Premium,V033,Jaime Gamez Maldonado,Centro,P0091,Capturadora Elgato 4K,Gaming,1628.54,4.0,0.09,5927.89,25
VTA0078918,2022-11-02,11,2022,C04069,Lic. Flavio Franco,Centro,Premium,V031,  Bernabé César Salazar  ,Centro,P0093,GPU RTX 4070 Ti,Gaming,30406.98,2.0,0.06,57165.12,29
VTA0078919,2022-11-07,11,2022,C00173,Miriam Salma Tirado Sepúlveda,Este,Premium,V023,Fidel Negrete Domínguez,Sur,P0103,Lente Canon RF 50mm,Fotografía,15804.3,4.0,0.05,60056.34,31
VTA0078920,2022-11-23,11,2022,C03299,  Dr. Salvador Armendáriz  ,Norte,Ocasional,V004,Aurora Zelaya,Norte,P0019,HP Spectre x360,Laptops,35801.19,4.0,0.04,137476.57,26
VTA0078921,2022-11-14,11,2022,C02312,Noelia Verónica Velázquez Marrero,Centro,Premium,V003,Jacinto Rivero Valladares,Centro,P0121,Roomba j7 Plus,Hogar Inteligente,6755.44,5.0,0.17,28035.08,38
VTA0078922,2022-11-30,11,2022,C00704,  José María Marín Bernal  ,Oeste,Premium,V039,Sr. Modesto Guillen,Oeste,P0027,MacBook Air M2,Laptops,33690.97,5.0,0.04,161716.66,24
VTA0078923,2022-11-28,11,2022,C00115,Dulce María Asunción Alonso,Oeste,Ocasional,V026,Ing. Elias Valdivia,Oeste,P0053,Hub USB-C 7en1,Accesorios,420.12,,0.18,344.5,20
VTA0078924,2022-11-09,11,2022,C01179,Karina Rodríguez,Centro,Ocasional,V017,Abraham Apodaca Colunga,Centro,P0051,Funda iPhone 15 Pro,Accesorios,1302.25,2.0,0.12,2291.96,40
VTA0078925,2022-11-23,11,2022,C02218,Pedro Quintero Villagómez,Oeste,Ocasional,V019,Jacinto Rodrigo Salazar Rolón,Sur,P0128,Panel Solar Portátil,Hogar Inteligente,3642.62,5.0,0.15,15481.13,39
VTA0078926,2022-11-26,11,2022,C02711,Rodolfo Humberto Bahena,Sur,Ocasional,V034,Rufino Rivera,Sur,P0053,Hub USB-C 7en1,Accesorios,410.43,3.0,0.03,1194.35,20
VTA0078927,2022-11-13,11,2022,C01683,Cristobal Gracia,Oeste,Ocasional,V026,Ing. Elias Valdivia,Oeste,P0065,iPad Pro M2 12.9,Tablets,7581.32,5.0,0.01,37527.53,21
VTA0078928,2022-11-21,11,2022,C04643,  Daniela Padrón Nazario  ,Oeste,Regular,V014,Ofelia Miriam Negrón,Oeste,P0084,Steam Deck 512GB,Gaming,11250.18,2.0,0.17,18675.3,26
VTA0078929,2022-11-26,11,2022,C04635,Sergio Renato Cervantes Chacón,Este,Regular,V011,Clara Loera,Este,P0110,Reflector 5en1 80cm,Fotografía,14668.02,1.0,0.01,14521.34,26
VTA0078930,2022-11-21,11,2022,C00576,Mercedes Granado Viera,Centro,Premium,V028,Sofía Delia Gurule Cantú,Centro,P0015,Nokia G42,Celulares,18166.02,3.0,0.09,49593.23,26
VTA0078931,2022-11-15,11,2022,C00392,,Sur,Regular,V012,Rubén Marco Antonio Orta Ramos,Sur,P0026,MSI Prestige 16,Laptops,9639.27,3.0,0.01,28628.63,44
VTA0078932,2022-11-23,11,2022,C01020,Lucas Villareal Jasso,Este,Regular,V010,Sra. Guadalupe Llamas,Este,P0079,Realme Pad 2,Tablets,8232.74,1.0,0.17,-6833.17,20
VTA0078933,2022-11-30,11,2022,C04727,Julio César Quiroz,Norte,Ocasional,V026,Ing. Elias Valdivia,Oeste,P0076,TCL Tab 10,LAPTOPS,18189.79,5.0,0.01,90039.46,24
VTA0078934,2022-11-30,11,2022,C00618,Araceli Concepción Luevano Riojas,Este,Premiun,V015,Joaquín Benavides Meza,Norte,P0052,Protector Pantalla S24,Accesorios,1154.61,5.0,0.01,5715.32,31
VTA0078935,16/11/2022,11,2022,C00997,Samuel Feliciano Archuleta,Centro,premiun,V026,Ing. Elias Valdivia,Oeste,P0013,Xiaomi Redmi Note 13,Celulares,12923.22,2.0,0.05,24554.12,30
VTA0078936,2022-11-04,11,2022,C02985,,Norte,REGULAR,V042,  Srita. Sandra Escamilla  ,Norte,P0024,LG Gram 17,Laptops,44717.79,2.0,0.19,72442.82,26
VTA0078937,2022-11-13,11,2022,C02277,Rocío Brito Rojas,Centro,Ocacional,V042,  Srita. Sandra Escamilla  ,Norte,P0127,Router WiFi 6 Mesh,Hogar Inteligente,5329.49,3.0,0.06,15029.16,44
VTA0078938,2022-11-01,11,2022,C01968,Miriam Alcala,Sur,REGULAR,V006,  Dr. Evelio Murillo  ,Sur,P0109,Filtro ND Variable,Fotografía,3159.79,5.0,0.16,13271.12,30
VTA0078939,2022-11-17,11,2022,C02441,Angélica Olivas Longoria,Este,Ocasional,V010,Sra. Guadalupe Llamas,Este,P0014,Motorola G84,Celulares,6662.56,5.0,0.08,30647.78,20
VTA0078940,2022-11-28,11,2022,C03898,Cornelio Trujillo,Norte,Ocasional,V042,  Srita. Sandra Escamilla  ,Norte,P0037,JBL Charge 5,Audio,6839.95,2.0,0.02,13406.3,21
VTA0078941,2022-11-23,11,2022,C02467,Dulce Calvillo,Norte,REGULAR,V004,Aurora Zelaya,Norte,P0103,Lente Canon RF 50mm,Fotografía,14571.81,5.0,0.03,70673.28,31
VTA0078942,2022-11-09,11,2022,C01412,Francisco Luis Manuel Anaya Benavídez,Centro,Premium,V031,  Bernabé César Salazar  ,Centro,P0010,Huawei Pura 70,Celulares,9591.18,5.0,0.13,41721.63,27
VTA0078943,17/11/2022,11,2022,C01263,José Carlos Homero Olivo Rivera,Sur,Ocacional,V023,Fidel Negrete Domínguez,Sur,P0020,Lenovo ThinkPad X1,Laptops,25490.51,5.0,0.0,127452.55,42
VTA0078944,2022-11-04,11,2022,C03859,Jos Saldivar,Sur,REGULAR,V018,Lic. Gilberto Castellanos,Sur,P0040,Jabra Elite 85h,Audio,3269.98,3.0,0.15,8338.45,38
VTA0078945,2022-11-30,11,2022,C00089,  Estela Alonso Treviño  ,Centro,Ocacional,V003,Jacinto Rivero Valladares,Centro,P0014,Motorola G84, Accesorios,6263.28,2.0,0.03,12150.76,20
VTA0078946,2022-11-12,11,2022,C00940,,Este,Premium,V049,Ing. María Teresa Bétancourt,Este,P0053,Hub USB-C 7en1,Accesorios,416.54,4.0,0.05,1582.85,20
VTA0078947,2022-11-30,11,2022,C01681,Marcela Núñez,Sur,Premium,V025,Manuel Gerónimo Armas,Sur,P0067,iPad Air M1,Tablets,17610.62,2.0,0.06,33107.97,39
VTA0078948,2022-11-17,11,2022,C01188,Silvia Páez Jaimes,Este,Ocasional,V046,Hermelinda Josefina Rodarte Bahena,Norte,P0128,Panel Solar Portátil,Hogar Inteligente,3604.15,5.0,0.14,15497.84,39
VTA0078949,2022-11-11,11,2022,C03943,Salvador Fernández Esquivel,Centro,Ocasional,V038,Violeta Itzel Benavídez,Oeste,P0091,Capturadora Elgato 4K,Gaming,1433.59,4.0,0.12,5046.24,25
VTA0078950,11/11/2022,11,2022,C03311,Estefanía Maldonado Alfaro,Este,Regular,V049,Ing. María Teresa Bétancourt,Este,P0032,ASUS VivoBook 16,Laptops,9955.21,4.0,0.15,33847.71,38
VTA0078951,2022-11-20,11,2022,C01041,Sr. Lorenzo Méndez,Oeste,Premium,V039,Sr. Modesto Guillen,Oeste,P0122,Aspiradora Dyson V15,Hogar Inteligente,3164.57,5.0,0.05,15031.71,28
VTA0078952,2022-11-30,11,2022,C04023,Rufino Quiñónez,Este,Ocasional,V032,Nelly Barela Cardenas,Este,P0067,iPad Air M1,Tablets,16850.65,2.0,0.04,32353.25,39
VTA0078953,03/11/2022,11,2022,C02525,Juan Peralta Cano,Centro,Regular,V028,Sofía Delia Gurule Cantú,Centro,P0045,Marshall Emberton III,audio ,8120.43,5.0,0.15,34511.83,22
VTA0078954,2022-11-15,11,2022,C02830,Guillermo Ontiveros Valdés,Este,Ocasional,V010,Sra. Guadalupe Llamas,Este,P0063,Pad Mouse XL Gaming,Accesorios,1933.07,1.0,0.06,1817.09,42
VTA0078955,03/11/2022,11,2022,C00293,Srita. Sessa Garica,Oeste,Regular,V050,José María Gustavo Beltrán,Oeste,P0123,Cerradura Yale Smart,Hogar Inteligente,8558.35,2.0,0.18,14035.69,29
VTA0078956,2022-11-06,11,2022,C02677,Conchita Mascareñas,Este,Premium,V011,Clara Loera,Este,P0072,Huawei MatePad Pro,Tablets,19769.51,3.0,0.06,55750.02,43
VTA0078957,2022-11-17,11,2022,C01151,Esther Gurule Carrillo,Centro,Ocasional,V017,Abraham Apodaca Colunga,Centro,P0088,Teclado Razer Huntsman,Gaming,24634.57,2.0,0.01,48776.45,44
VTA0078958,2022-11-10,11,2022,C03244,Srita. Elisa Pantoja,Norte,Regular,V009,Amanda María José Bravo,Norte,P0058,Mochila Techpack 30L,Accesorios,889.73,3.0,0.17,2215.43,23
VTA0078959,2022-11-11,11,2022,C03847,Andrea Cristal Longoria Lomeli,Centro,premiun,V044,Julia Esther Solorio,Centro,P0069,Xiaomi Pad 6 Pro,Tablets,6044.09,5.0,0.09,27500.61,37
VTA0078960,2022-11-27,11,2022,C02457,Amalia de Jesús,Oeste,Ocasional,V026,Ing. Elias Valdivia,Oeste,P0038,Beats Studio Pro,Audio,2330.84,1.0,0.15,1981.21,39
VTA0078961,06/11/2022,11,2022,C00593,Pablo Ramón Barela Guerrero,Este,Regular,V005,Aldo Adán Rodrígez Galarza,Este,P0083,Nintendo Switch OLED,Gaming,15021.08,5.0,0.16,63088.54,39
VTA0078962,2022-11-12,11,2022,C01155,Paola Aguilar,Este,Ocasional,V010,Sra. Guadalupe Llamas,Este,P0075,Samsung Galaxy Tab A9,Tablets,16830.37,1.0,0.02,16493.76,35
VTA0078963,2022-11-17,11,2022,C00769,Teodoro Baeza Sanabria,Oeste,Premium,V014,Ofelia Miriam Negrón,Oeste,P0078,Chuwi HiPad X,hogar inteligente,13281.29,5.0,0.02,65078.32,20
VTA0078964,2022-11-01,11,2022,C03728,Guillermina Ivonne Colón,Oeste,Regular,V050,José María Gustavo Beltrán,Oeste,P0040,Jabra Elite 85h,Audio,3230.78,2.0,0.18,-5298.48,38
VTA0078965,21/11/2022,11,2022,C04421,Gilberto Matías,Norte,Premiun,V045,Marisela Vanesa Chapa Aranda,Norte,P0077,Blackview Tab 16,Tablets,10918.33,3.0,0.19,26531.54,21
VTA0078966,2022-11-21,11,2022,C00568,Porfirio Amador Bañuelos Jurado,Oeste,Ocasional,V026,Ing. Elias Valdivia,Oeste,P0099,Nikon Z6 III,Fotografía,29061.16,3.0,0.18,71490.45,21
VTA0078967,2022-11-04,11,2022,C00582,Estela Olivo,Oeste,Ocasional,V039,Sr. Modesto Guillen,Oeste,P0083,Nintendo Switch OLED,Gaming,15705.59,2.0,0.07,29212.4,39
VTA0078968,2022-11-28,11,2022,C04374,César Marco Antonio Espinosa,Norte,Premium,V015,Joaquín Benavides Meza,Norte,P0028,Dell Inspiron 15,Laptops,28029.45,3.0,0.07,78202.17,37
VTA0078969,2022-11-09,11,2022,C03779,Ing. Raúl Samaniego,Este,Ocasional,V007,Conchita Leticia Gastélum Corral,Oeste,P0068,Lenovo Tab P12,Tablets,14984.53,1.0,0.17,12437.16,21
VTA0078970,2022-11-29,11,2022,C03822,Uriel Aguayo Villalobos,Oeste,Ocasional,V014,Ofelia Miriam Negrón,Oeste,P0089,Mouse Logitech G Pro X,Gaming,7175.2,5.0,0.03,34799.72,45
VTA0078971,21/11/2022,11,2022,C03026,Guadalupe González,Centro,Premium,V028,Sofía Delia Gurule Cantú,Centro,P0046,JBL Flip 6,Audio,2687.87,1.0,0.14,2311.57,40
VTA0078972,2022-11-09,11,2022,C00621,,Este,Premium,V049,Ing. María Teresa Bétancourt,Este,P0008,OPPO Find X7,Celulares,21954.5,2.0,0.08,40396.28,26
VTA0078973,2022-11-14,11,2022,C04292,Sr. Mateo Verdugo,Este,Premium,V032,Nelly Barela Cardenas,Este,P0095,SSD Samsung 980 Pro,Gaming,2648.23,5.0,0.02,12976.33,28
VTA0078974,2022-11-01,11,2022,C03104,  Lic. Alejandro Ortiz  ,Este,Regular,V042,  Srita. Sandra Escamilla  ,Norte,P0034,AirPods Pro 2,Audio,1216.95,1.0,0.1,1095.26,27
VTA0078975,2022-11-18,11,2022,C02557,Ing. Victoria Pérez,Centro,Ocasional,V037,Victoria Caridad Concepción,Centro,P0114,Google Nest Hub 2,Hogar Inteligente,5054.0,3.0,0.19,12281.22,45
VTA0078976,2022-11-18,11,2022,C03942,,Oeste,Premium,V043,Homero Esquivel,Norte,P0063,Pad Mouse XL Gaming,Accesorios,1792.1,5.0,0.05,8512.48,42
VTA0078977,2022-11-22,11,2022,C02514,Magdalena Berta Domínguez Martínez,Este,Premium,V020,Dr. Arturo Angulo,Sur,P0107,Tarjeta SD SanDisk 256,Fotografía,11029.52,3.0,0.03,32095.9,27
VTA0078978,2022-11-20,11,2022,C00365,Rafaél Valles Archuleta,Centro,Ocasional,V017,Abraham Apodaca Colunga,Centro,P0045,Marshall Emberton III,Audio,6817.55,1.0,0.03,6613.02,22
VTA0078979,26/11/2022,11,2022,C03830,Darío Montemayor Alvarez,Norte,Ocasional,V032,Nelly Barela Cardenas,Este,P0126,Proyector BenQ 4K,Hogar Inteligente,7767.25,2.0,0.19,-12582.95,35
VTA0078980,2022-11-03,11,2022,C04345,Ing. Socorro Ruiz,Este,Premium,V049,Ing. María Teresa Bétancourt,Este,P0121,Roomba j7 Plus,Hogar Inteligente,7078.49,2.0,0.04,13590.7,38
VTA0078981,2022-11-08,11,2022,C02759,Abril Zoé Mayorga,Sur,REGULAR,V020,Dr. Arturo Angulo,Sur,P0045,Marshall Emberton III,Audio,8173.66,5.0,0.0,40868.3,22
VTA0078982,2022-11-04,11,2022,C00795,Cristian Rodríguez,Oeste,Regular,V014,Ofelia Miriam Negrón,Oeste,P0128,Panel Solar Portátil,Hogar Inteligente,3693.38,3.0,0.17,9196.52,39
VTA0078983,2022-11-15,11,2022,C01353,Cristian Luis Miguel Gonzales,Norte,Premium,V042,  Srita. Sandra Escamilla  ,Norte,P0108,Batería Canon LP-E6,Fotografía,16167.22,5.0,0.14,69519.05,32
VTA0078984,2022-11-02,11,2022,C03796,Mariano Francisco Macías Pedraza,Oeste,Ocasional,V022,Bernardo Lemus Caballero,Oeste,P0100,Fujifilm X-T5,Fotografía,15963.46,2.0,0.0,31926.92,42
VTA0078985,01/11/2022,11,2022,C03816,Ing. Mario Laureano,Este,Regular,V011,Clara Loera,Este,P0008,OPPO Find X7, Accesorios,19471.17,1.0,0.13,16939.92,26
VTA0078986,2022-11-17,11,2022,C04291,Martín Mojica Vela,Norte,Ocasional,V029,Francisco Ballesteros,Norte,P0073,Microsoft Surface Go 3,Tablets,11402.09,4.0,0.19,36942.77,22
VTA0078987,2022-11-29,11,2022,C01421,Esteban Renato Melgar Chapa,Oeste,Premium,V039,Sr. Modesto Guillen,Oeste,P0119,Enchufe Inteligente TP,Hogar Inteligente,4871.77,3.0,0.17,12130.71,27
VTA0078988,2022-11-30,11,2022,C04665,Ing. Silvia Carranza,Centro,Premium,V044,Julia Esther Solorio,Centro,P0057,Soporte Laptop Adjustable,Accesorios,495.07,5.0,0.05,2351.58,39
VTA0078989,2022-11-24,11,2022,C02921,  Julia Hernandes Figueroa  ,Este,Regular,V032,Nelly Barela Cardenas,Este,P0116,Foco Philips Hue,Hogar Inteligente,4447.57,5.0,0.04,21348.34,44
VTA0078990,03/11/2022,11,2022,C01139,María Cristina Rolón Soliz,Este,Ocacional,V005,Aldo Adán Rodrígez Galarza,Este,P0095,SSD Samsung 980 Pro,Gaming,2662.45,4.0,0.14,9158.83,28
VTA0078991,2022-11-25,11,2022,C02646,Eugenio Moreno Navarrete,Centro,Ocasional,V031,  Bernabé César Salazar  ,Centro,P0054,Mouse Logitech MX Master,Accesorios,1240.21,1.0,0.08,1140.99,25
VTA0078992,2022-11-12,11,2022,C03783,Jerónimo Rascón,Oeste,Premium,V014,Ofelia Miriam Negrón,Oeste,P0037,JBL Charge 5,Audio,6937.31,1.0,0.03,6729.19,21
VTA0078993,2022-11-07,11,2022,C04073,  Rodolfo Melgar Romo  ,Norte,Premium,V021,  Cristal Valdés Maya  ,Sur,P0012,Samsung A55,Celulares,20550.58,1.0,0.12,18084.51,36
VTA0078994,01/11/2022,11,2022,C04534,Eugenio Raya,Oeste,Premium,V040,Karla Silvia Mireles Patiño,Oeste,P0121,Roomba j7 Plus,Hogar Inteligente,6858.86,3.0,0.18,16872.8,38
VTA0078995,13/11/2022,11,2022,C00200,Genaro Bañuelos,Norte,Ocasional,V028,Sofía Delia Gurule Cantú,Centro,P0073,Microsoft Surface Go 3,Tablets,10565.67,4.0,0.01,41840.05,22
VTA0078996,2022-11-30,11,2022,C04549,  Ernesto Griego Ibarra  ,Norte,Premium,V015,Joaquín Benavides Meza,Norte,P0050,Cable USB-C 2m,Accesorios,1617.5,2.0,0.18,2652.7,32
VTA0078997,2022-11-24,11,2022,C00562,Angélica Collazo,Sur,Ocasional,V018,Lic. Gilberto Castellanos,Sur,P0048,Skullcandy Crusher,Audio,3417.03,4.0,0.06,12848.03,44
VTA0078998,2022-11-26,11,2022,C04421,Gilberto Matías,Norte,Premiun,V046,Hermelinda Josefina Rodarte Bahena,Norte,P0061,Batería Portátil 20000,Accesorios,1868.72,2.0,0.13,3251.57,32
VTA0078999,24/11/2022,11,2022,C02242,Luz Tania Olivera Ocampo,Sur,Ocacional,V013,Alvaro Gaona Ocasio,Sur,P0083,Nintendo Switch OLED,Gaming,16743.4,4.0,0.04,64294.66,39
VTA0079000,2022-11-16,11,2022,C01247,  Federico Noriega  ,Sur,Regular,V023,Fidel Negrete Domínguez,Sur,P0104,Flash Godox V1,Fotografía,16441.82,5.0,0.09,74810.28,40
VTA0079001,2022-11-30,11,2022,C00701,Nicolás Ramón,Oeste,Regular,V026,Ing. Elias Valdivia,Oeste,P0065,iPad Pro M2 12.9,Tablets,7564.29,2.0,0.03,14674.72,21
VTA0079002,2022-11-14,11,2022,C04774,  Dr. Nicolás Romero  ,Sur,ocasional,V013,Alvaro Gaona Ocasio,Sur,P0055,Teclado Keychron K2,Accesorios,1407.81,4.0,0.03,5462.3,28
VTA0079003,2022-11-22,11,2022,C00502,  Nadia María Cristina Niño  ,Sur,Premium,V008,Irene Franco,Sur,P0062,Reloj Smartwatch Band,Accesorios,1364.19,5.0,0.06,6411.69,38
VTA0079004,19/11/2022,11,2022,C00910,Micaela Mata,Este,Premium,V011,Clara Loera,Este,P0034,AirPods Pro 2,Audio,1228.07,2.0,0.05,2333.33,27
VTA0079005,2022-11-13,11,2022,C03729,Lic. Helena Fernández,Centro,Regular,V031,  Bernabé César Salazar  ,Centro,P0037,JBL Charge 5,Audio,6971.15,4.0,0.01,27605.75,21
VTA0079006,2022-11-12,11,2022,C00347,Lic. Luisa Marín,Norte,Ocasional,V009,Amanda María José Bravo,Norte,P0118,Termostato Nest 3,Hogar Inteligente,1367.14,5.0,0.05,6493.92,30
VTA0079007,08/11/2022,11,2022,C02891,Elena Minerva Mascareñas,Oeste,Ocasional,V022,Bernardo Lemus Caballero,Oeste,P0068,Lenovo Tab P12,Tablets,13899.06,5.0,0.15,59071.0,21
VTA0079008,2022-11-13,11,2022,C03699,Josefina Meza Haro,Este,Regular,V049,Ing. María Teresa Bétancourt,Este,P0033,Sony WH-1000XM5,Audio,6632.16,4.0,0.09,24141.06,25
VTA0079009,2022-11-16,11,2022,C03063,  Elena Martha Chávez Romo  ,Centro,Premium,V041,Srita. Nadia Casas,Centro,P0046,JBL Flip 6,Audio,2328.95,2.0,0.03,4518.16,40
VTA0079010,2022-11-06,11,2022,C03967,  Eva Fajardo  ,Oeste,premiun,V007,Conchita Leticia Gastélum Corral,Oeste,P0102,GoPro Hero 12,fotografia,23942.43,2.0,0.1,43096.37,45
VTA0079011,2022-11-18,11,2022,C04987,Abigail Olmos,Centro,Ocacional,V029,Francisco Ballesteros,Norte,P0008,OPPO Find X7,Celulares,22073.35,4.0,0.12,77698.19,26
VTA0079012,2022-11-14,11,2022,C03936,Luz Amaya Véliz,Este,Ocasional,V010,Sra. Guadalupe Llamas,Este,P0094,RAM Corsair 32GB,Gaming,16250.03,3.0,0.13,42412.58,26
VTA0079013,2022-11-04,11,2022,C02278,Esparta Lilia Olivo Soliz,Este,Regular,V010,Sra. Guadalupe Llamas,Este,P0016,Tecno Spark 20,Celulares,13780.65,2.0,0.01,27285.69,20
VTA0079014,2022-11-02,11,2022,C00825,Celia Prado,Centro,Premium,V041,Srita. Nadia Casas,Centro,P0052,Protector Pantalla S24,Accesorios,1157.4,5.0,0.11,5150.43,31
VTA0079015,18/11/2022,11,2022,C01257,Ángel Palomino,Este,Premium,V005,Aldo Adán Rodrígez Galarza,Este,P0083,Nintendo Switch OLED,Gaming,16165.72,1.0,0.02,15842.41,39
VTA0079016,2022-11-23,11,2022,C04141,Emiliano Luis Briseño,Centro,Ocacional,V003,Jacinto Rivero Valladares,Centro,P0068,Lenovo Tab P12,Tablets,14324.85,1.0,0.17,11889.63,21
VTA0079017,2022-11-15,11,2022,C01260,Violeta Garibay,Sur,Ocasional,V021,  Cristal Valdés Maya  ,Sur,P0021,ASUS ROG Zephyrus,Laptops,12990.95,,0.13,56510.63,36
VTA0079018,2022-11-25,11,2022,C01769,Flavio Israel Carmona Lomeli,Este,REGULAR,V005,Aldo Adán Rodrígez Galarza,Este,P0107,Tarjeta SD SanDisk 256,Fotografía,11298.79,1.0,0.02,11072.81,27
VTA0079019,2022-11-22,11,2022,C02202,  Dr. Augusto Gallardo  ,Este,Ocasional,V011,Clara Loera,Este,P0098,Sony Alpha 7 IV,Fotografía,18968.22,4.0,0.11,67526.86,34
VTA0079020,2022-11-22,11,2022,C02811,  Wilfrido Luna  ,Oeste,Premiun,V014,Ofelia Miriam Negrón,Oeste,P0039,Sennheiser HD 450,Audio,1130.69,1.0,0.13,983.7,24
VTA0079021,2022-11-13,11,2022,C01999,Abel Flavio Páez Elizondo,Sur,Premium,V018,Lic. Gilberto Castellanos,Sur,P0062,Reloj Smartwatch Band,Accesorios,1231.69,1.0,0.19,997.67,38
VTA0079022,2022-11-06,11,2022,C00714,Esparta Mejía,Centro,Premium,V041,Srita. Nadia Casas,Centro,P0089,Mouse Logitech G Pro X,celulares,6908.99,5.0,0.19,27981.41,45
VTA0079023,25/11/2022,11,2022,C03514,Dr. Jacinto Mota,Este,Premium,V010,Sra. Guadalupe Llamas,Este,P0113,Alexa Echo Dot 5,Hogar Inteligente,10180.72,2.0,0.11,18121.68,20
VTA0079024,2022-11-22,11,2022,C02264,Natalia Adriana Navarro Martínez,Sur,Premium,V023,Fidel Negrete Domínguez,Sur,P0115,Apple HomePod Mini,Hogar Inteligente,7456.74,5.0,0.12,32809.66,46
VTA0079025,2022-11-21,11,2022,C02837,  Leticia Nayeli Caraballo  ,Centro,premiun,V017,Abraham Apodaca Colunga,Centro,P0061,Batería Portátil 20000,Accesorios,1997.1,2.0,0.08,3674.66,32
VTA0079026,28/11/2022,11,2022,C04167,José María Abelardo Ponce Candelaria,Sur,Ocacional,V021,  Cristal Valdés Maya  ,Sur,P0103,Lente Canon RF 50mm,Fotografía,14744.16,5.0,0.19,59713.85,31
VTA0079027,2022-11-21,11,2022,C00373,Felix Renato Garza Meza,Oeste,Regular,V050,José María Gustavo Beltrán,Oeste,P0089,Mouse Logitech G Pro X,Gaming,7300.09,1.0,0.12,6424.08,45
VTA0079028,16/11/2022,11,2022,C03137,Bianca Partida,Sur,Premium,V025,Manuel Gerónimo Armas,Sur,P0056,Webcam Logitech C920,Accesorios,1774.71,2.0,0.17,2946.02,43
VTA0079029,2022-11-05,11,2022,C01417,Alonso Rolando Navarro,Oeste,Ocasional,V014,Ofelia Miriam Negrón,Oeste,P0073,Microsoft Surface Go 3,Tablets,11818.57,1.0,0.09,10754.9,22
VTA0079030,2022-11-10,11,2022,C01434,,Norte,Premium,V002,Nelly Marrero Ortiz,Norte,P0025,Razer Blade 15,Laptops,26642.53,5.0,0.12,-117227.13,44
VTA0079031,2022-11-26,11,2022,C00260,Sr. Miguel Ángel Olivares,Norte,Premium,V043,Homero Esquivel,Norte,P0028,Dell Inspiron 15,Laptops,25293.92,2.0,0.14,43505.54,37
VTA0079032,2022-11-29,11,2022,C02158,Pamela Aguayo,Centro,Ocacional,V045,Marisela Vanesa Chapa Aranda,Norte,P0015,Nokia G42,Celulares,20491.39,5.0,0.19,82990.13,26
VTA0079033,2022-11-06,11,2022,C04801,Sra. Nelly Morales,Oeste,Regular,V040,Karla Silvia Mireles Patiño,Oeste,P0071,ASUS Zenpad 3S,Tablets,14949.04,3.0,0.11,39913.94,20
VTA0079034,2022-11-10,11,2022,C00882,Mauricio Escobar,Centro,premiun,V005,Aldo Adán Rodrígez Galarza,Este,P0074,iPad Mini 6,Tablets,17045.29,5.0,0.03,82669.66,31
VTA0079035,26/11/2022,11,2022,C04291,Martín Mojica Vela,Norte,Ocasional,V002,Nelly Marrero Ortiz,Norte,P0054,Mouse Logitech MX Master,Accesorios,1279.26,1.0,0.09,1164.13,25
VTA0079036,2022-11-01,11,2022,C01319,Hernán Jesús Montez,Centro,Premium,V033,Jaime Gamez Maldonado,Centro,P0053,Hub USB-C 7en1,Accesorios,396.45,3.0,0.04,1141.78,20
VTA0079037,2022-11-29,11,2022,C03373,Jaime Valencia Vela,Norte,Regular,V016,Octavio Mario Rincón Marín,Norte,P0010,Huawei Pura 70,Celulares,10636.25,1.0,0.19,8615.36,27
VTA0079038,2022-11-14,11,2022,C01546,Linda Escamilla Arredondo,Sur,Ocasional,V023,Fidel Negrete Domínguez,Sur,P0058,Mochila Techpack 30L,Accesorios,801.59,4.0,0.1,2885.72,23
VTA0079039,2022-11-15,11,2022,C00660,Aida Asunción Montez,Oeste,Ocasional,V032,Nelly Barela Cardenas,Este,P0027,MacBook Air M2,Laptops,34143.64,1.0,0.1,30729.28,24
VTA0079040,2022-11-29,11,2022,C04014,Eloy Pulido Guajardo,Sur,Premium,V028,Sofía Delia Gurule Cantú,Centro,P0052,Protector Pantalla S24,Accesorios,1052.48,3.0,0.1,2841.7,31
VTA0079041,2022-11-13,11,2022,C02352,Sr. Gabino Puente,Sur,Regular,V020,Dr. Arturo Angulo,Sur,P0042,Audio Technica ATH,Audio,6474.61,3.0,0.19,15733.3,31
VTA0079042,2022-11-26,11,2022,C02496,Abel Rafaél Pacheco,Este,Premium,V005,Aldo Adán Rodrígez Galarza,Este,P0076,TCL Tab 10,Tablets,15499.93,5.0,0.14,66649.7,24
VTA0079043,2022-11-04,11,2022,C00937,Noemí Josefina Valdez,Este,Premium,V049,Ing. María Teresa Bétancourt,Este,P0003,Xiaomi 14 Pro,Celulares,22048.51,3.0,0.05,62838.25,36
VTA0079044,2022-11-12,11,2022,C00369,  Florencia Citlali Lira  ,Este,Premium,V011,Clara Loera,Este,P0020,Lenovo ThinkPad X1,Laptops,24129.44,5.0,0.1,108582.48,42
VTA0079045,2022-11-14,11,2022,C00537,Marisela Acevedo,Sur,Premium,V019,Jacinto Rodrigo Salazar Rolón,Sur,P0092,Micrófono Blue Yeti,Gaming,12129.93,5.0,0.19,49126.22,47
VTA0079046,2022-11-23,11,2022,C03383,Estela de la Torre Fuentes,Sur,Premium,V018,Lic. Gilberto Castellanos,Sur,P0006,Motorola Edge 50,Celulares,8582.09,2.0,0.1,15447.76,32
VTA0079047,2022-11-16,11,2022,C03695,Celia Abrego,Norte,Ocasional,V012,Rubén Marco Antonio Orta Ramos,Sur,P0085,Monitor LG 27GP950,Gaming,16757.38,5.0,0.06,78759.69,43
VTA0079048,09/11/2022,11,2022,C01128,Sr. Marco Antonio Laboy,Norte,Regular,V002,Nelly Marrero Ortiz,Norte,P0102,GoPro Hero 12,Fotografía,27386.84,5.0,0.11,121871.44,45
VTA0079049,2022-11-22,11,2022,C02603,Srita. Alicia Miramontes,Este,Premium,V005,Aldo Adán Rodrígez Galarza,Este,P0120,Timbre Ring Video Pro,Hogar Inteligente,8245.44,1.0,0.07,7668.26,21
VTA0079050,2022-11-28,11,2022,C00842,Clara Negrón Valdés,Este,Ocasional,V010,Sra. Guadalupe Llamas,Este,P0027,MacBook Air M2,Laptops,39295.58,3.0,0.19,95488.26,24
VTA0079051,2022-11-22,11,2022,C00043,Amador Olvera,Norte,Premium,V029,Francisco Ballesteros,Norte,P0125,TV Samsung QLED 55,Hogar Inteligente,2783.44,5.0,0.16,11690.45,20
VTA0079052,2022-11-01,11,2022,C04360,  Ing. Leonor Naranjo  ,Norte,Ocasional,V009,Amanda María José Bravo,Norte,P0094,RAM Corsair 32GB,Gaming,16366.19,5.0,0.13,71192.93,26
VTA0079053,2022-11-29,11,2022,C02536,Dr. Daniel Pulido,Centro,Ocasional,V017,Abraham Apodaca Colunga,Centro,P0046,JBL Flip 6,Audio,2628.5,3.0,0.0,7885.5,40
VTA0079054,21/11/2022,11,2022,C02383,Dra. Pilar Espinosa,Oeste,Premium,V039,Sr. Modesto Guillen,Oeste,P0002,Samsung Galaxy S24,Celulares,8808.71,4.0,0.12,31006.66,19
VTA0079055,2022-11-21,11,2022,C03330,  Héctor Jaime  ,Centro,Ocasional,V001,Fernando Casares Jimínez,Oeste,P0068,Lenovo Tab P12,Tablets,14325.97,1.0,0.03,13896.19,21
VTA0079056,2022-11-14,11,2022,C03353,Amador Montez Apodaca,Oeste,Premium,V038,Violeta Itzel Benavídez,Oeste,P0034,AirPods Pro 2,Audio,1286.69,4.0,0.16,4323.28,27
VTA0079057,2022-11-04,11,2022,C00829,Zoé Irene Leyva,Oeste,Premium,V035,Estela Haro,Oeste,P0080,Honor Pad 8,Tablets,9501.6,2.0,0.03,18433.1,19
VTA0079058,2022-11-01,11,2022,C00547,Olga Verónica de la O Baeza,Sur,Regular,V027,Claudio Andrés Gómez Sosa,Sur,P0090,Control Xbox Elite 2,Gaming,24578.42,5.0,0.16,103229.36,40
VTA0079059,2022-11-04,11,2022,C00103,Zoé Bañuelos,Norte,Ocasional,V043,Homero Esquivel,Norte,P0021,ASUS ROG Zephyrus,Laptops,11403.82,5.0,0.03,55308.53,36
VTA0079060,2022-11-09,11,2022,C02238,Armando Renato Espinoza Miranda,Centro,Regular,V031,  Bernabé César Salazar  ,Centro,P0070,Amazon Fire HD 10,Tablets,16465.7,4.0,0.09,59935.15,33
VTA0079061,2022-11-28,11,2022,C03803,Elsa Benítez Arias,Centro,Premiun,V041,Srita. Nadia Casas,Centro,P0084,Steam Deck 512GB,Gaming,11353.61,2.0,0.1,20436.5,26
VTA0079062,16/11/2022,11,2022,C01872,Yeni Lebrón Olivárez,Centro,Regular,V037,Victoria Caridad Concepción,Centro,P0116,Foco Philips Hue,Hogar Inteligente,3839.31,5.0,0.15,16317.07,44
VTA0079063,2022-11-01,11,2022,C02514,Magdalena Berta Domínguez Martínez,Este,Premium,V025,Manuel Gerónimo Armas,Sur,P0112,Estabilizador DJI OM6,LAPTOPS,17040.83,5.0,0.16,71571.49,33
VTA0079064,2022-11-14,11,2022,C02967,Armando Clemente Cordero Arellano,Norte,Premium,V043,Homero Esquivel,Norte,P0071,ASUS Zenpad 3S,fotografia,14217.5,3.0,0.06,40093.35,20
VTA0079065,2022-11-27,11,2022,C04665,Ing. Silvia Carranza,Centro,Premium,V028,Sofía Delia Gurule Cantú,Centro,P0118,Termostato Nest 3,Hogar Inteligente,1430.9,2.0,0.09,2604.24,30
VTA0079066,2022-11-26,11,2022,C02397,Alicia Moreno Carreón,Oeste,Ocasional,V050,José María Gustavo Beltrán,Oeste,P0066,Samsung Galaxy Tab S9,Tablets,12834.49,4.0,0.01,50824.58,24
VTA0079067,2022-11-19,11,2022,C01717,Zeferino Angulo Quintanilla,Este,Ocasional,V010,Sra. Guadalupe Llamas,Este,P0053,Hub USB-C 7en1,Accesorios,419.14,4.0,0.08,1542.44,20
VTA0079068,2022-11-05,11,2022,C02080,Gabriela Luz Torres,Oeste,Ocasional,V050,José María Gustavo Beltrán,Oeste,P0083,Nintendo Switch OLED,Gaming,16455.77,5.0,0.13,71582.6,39
VTA0079069,2022-11-27,11,2022,C00748,,Centro,Ocasional,V044,Julia Esther Solorio,Centro,P0048,Skullcandy Crusher,Audio,3471.17,4.0,0.16,11663.13,44
VTA0079070,18/11/2022,11,2022,C04525,Alicia Antonia Cisneros Aguilera,Centro,Premium,V035,Estela Haro,Oeste,P0107,Tarjeta SD SanDisk 256,Fotografía,10346.08,2.0,0.04,19864.47,27
VTA0079071,20/11/2022,11,2022,C00252,Amanda Esther Soliz Carrasco,Centro,ocasional,V035,Estela Haro,Oeste,P0020,Lenovo ThinkPad X1,Laptops,22951.29,2.0,0.11,40853.3,42
VTA0079072,2022-11-18,11,2022,C03239,Sofía Sandra Guillen,Este,Premium,V010,Sra. Guadalupe Llamas,Este,P0004,Google Pixel 8,Celulares,5552.68,1.0,0.07,5163.99,34
VTA0079073,2022-11-07,11,2022,C00668,Florencia Padilla Armendáriz,Sur,ocasional,V007,Conchita Leticia Gastélum Corral,Oeste,P0126,Proyector BenQ 4K,Hogar Inteligente,7423.39,3.0,0.17,18484.24,35
VTA0079074,2022-11-29,11,2022,C00308,Ing. Iván Franco,Este,ocasional,V010,Sra. Guadalupe Llamas,Este,P0091,Capturadora Elgato 4K,Gaming,1471.82,5.0,0.17,6108.05,25
VTA0079075,2022-11-16,11,2022,C04881,Lucía Tórrez,Centro,Premium,V048,Ivonne Véliz,Centro,P0054,Mouse Logitech MX Master,Accesorios,1405.35,1.0,0.12,1236.71,25
VTA0079076,2022-11-20,11,2022,C02308,,Este,Premium,V032,Nelly Barela Cardenas,Este,P0087,Headset HyperX Cloud III,Gaming,2010.14,3.0,0.05,5728.9,38
VTA0079077,2022-11-17,11,2022,C01341,Juana Borrego Quiñones,Oeste,Ocasional,V050,José María Gustavo Beltrán,Oeste,P0057,Soporte Laptop Adjustable,tablets,530.57,1.0,0.14,456.29,39
VTA0079078,2022-11-24,11,2022,C03748,Sra. Liliana Gastélum,Este,Regular,V005,Aldo Adán Rodrígez Galarza,Este,P0048,Skullcandy Crusher,Audio,3802.18,2.0,0.03,7376.23,44
VTA0079079,2022-11-15,11,2022,C02036,  Ing. Helena Cisneros  ,Oeste,Ocasional,V001,Fernando Casares Jimínez,Oeste,P0003,Xiaomi 14 Pro,Celulares,22876.34,4.0,0.07,85099.98,36
VTA0079080,2022-11-08,11,2022,C02283,Aurelio René Carrillo,Este,Premium,V010,Sra. Guadalupe Llamas,Este,P0048,Skullcandy Crusher,hogar inteligente,3737.11,1.0,0.0,3737.11,44
VTA0079081,2022-11-14,11,2022,C02131,Darío Eric Valdez Serrano,Norte,Ocasional,V047,  Estela Bianca Melgar Arias  ,Oeste,P0100,Fujifilm X-T5,celulares,17735.41,1.0,0.06,16671.29,42
VTA0079082,2022-11-27,11,2022,C04556,Abigail Parra Longoria,Centro,Premium,V031,  Bernabé César Salazar  ,Centro,P0047,Bose SoundLink,Audio,4347.31,1.0,0.04,4173.42,44
VTA0079083,2022-11-12,11,2022,C04585,Gregorio Colón Zapata,Centro,Regular,V049,Ing. María Teresa Bétancourt,Este,P0118,Termostato Nest 3,Hogar Inteligente,1508.34,1.0,0.04,1448.01,30
VTA0079084,2022-11-21,11,2022,C04305,  Gabino Gil Madrid  ,Centro,Premium,V017,Abraham Apodaca Colunga,Centro,P0015,Nokia G42,Celulares,20303.42,1.0,0.19,16445.77,26
VTA0079085,2022-11-02,11,2022,C03656,  Ing. Andrés Carvajal  ,Norte,Premiun,V016,Octavio Mario Rincón Marín,Norte,P0081,PlayStation 5,Gaming,11673.72,1.0,0.15,9922.66,46
VTA0079086,2022-11-12,11,2022,C04394,Guadalupe Liliana Gallardo,Oeste,Regular,V038,Violeta Itzel Benavídez,Oeste,P0016,Tecno Spark 20,Celulares,15040.19,5.0,0.18,61664.78,20
VTA0079087,2022-11-08,11,2022,C00153,Alejandra Norma Cabán,Oeste,Ocacional,V014,Ofelia Miriam Negrón,Oeste,P0109,Filtro ND Variable,tablets,3694.64,4.0,0.09,13448.49,30
VTA0079088,2022-11-30,11,2022,C01882,Bianca Cristina Jáquez Pantoja,Oeste,Premium,V030,Gustavo Camilo Ochoa Gamboa,Oeste,P0068,Lenovo Tab P12,Tablets,15959.42,1.0,0.17,13246.32,21
VTA0079089,2022-11-22,11,2022,C04856,Uriel Jaime,Norte,Regular,V042,  Srita. Sandra Escamilla  ,Norte,P0046,JBL Flip 6,Audio,2664.8,5.0,0.0,13324.0,40
VTA0079090,2022-11-14,11,2022,C02919,Daniel Bustamante,Norte,Premium,V034,Rufino Rivera,Sur,P0078,Chuwi HiPad X,Tablets,14489.18,3.0,0.08,39990.14,20
VTA0079091,2022-11-09,11,2022,C02040,Dr. René Mojica,Oeste,Regular,V014,Ofelia Miriam Negrón,Oeste,P0079,Realme Pad 2,Tablets,8541.12,1.0,0.17,7089.13,20
VTA0079092,2022-11-28,11,2022,C04458,  Yeni Lourdes Zamudio Olmos  ,Este,Premium,V032,Nelly Barela Cardenas,Este,P0046,JBL Flip 6,celulares,2531.72,2.0,0.12,4455.83,40
VTA0079093,2022-11-10,11,2022,C04000,Sr. Esteban Orosco,Norte,Ocasional,V046,Hermelinda Josefina Rodarte Bahena,Norte,P0035,Bose QC45,Audio,2563.24,2.0,0.13,4460.04,19
VTA0079094,2022-11-26,11,2022,C03292,Cynthia Josefina Rolón Coronado,Centro,Regular,V044,Julia Esther Solorio,Centro,P0081,PlayStation 5,Gaming,11748.66,1.0,0.15,9986.36,46
VTA0079095,2022-11-26,11,2022,C04517,Ruby Daniela Santillán Villaseñor,Norte,Regular,V009,Amanda María José Bravo,Norte,P0037,JBL Charge 5,Audio,7072.27,5.0,0.05,33593.28,21
VTA0079096,2022-11-06,11,2022,C03064,Miguel Jonás Cortez Ríos,Norte,premiun,V043,Homero Esquivel,Norte,P0035,Bose QC45,Audio,2750.7,4.0,0.2,8802.24,19
VTA0079097,2022-11-13,11,2022,C01845,María Elena Leyva,Centro,Regular,V015,Joaquín Benavides Meza,Norte,P0034,AirPods Pro 2,Audio,1294.99,3.0,0.05,3690.72,27
VTA0079098,2022-11-30,11,2022,C00271,Oswaldo José Carlos Palomo Mora,Centro,Premium,V018,Lic. Gilberto Castellanos,Sur,P0057,Soporte Laptop Adjustable,celulares,550.53,5.0,0.05,2615.02,39
VTA0079099,2022-11-10,11,2022,C02482,Dr. Pablo Tirado,Oeste,Regular,V014,Ofelia Miriam Negrón,Oeste,P0026,MSI Prestige 16,Laptops,10124.24,5.0,0.02,49608.78,44
VTA0079100,2022-11-01,11,2022,C00974,Salma Irma Espinoza Loya,Norte,ocasional,V017,Abraham Apodaca Colunga,Centro,P0021,ASUS ROG Zephyrus,Laptops,13537.16,,0.14,34925.87,36
VTA0079101,2022-11-30,11,2022,C03343,Roberto Ontiveros,Centro,Ocasional,V037,Victoria Caridad Concepción,Centro,P0078,Chuwi HiPad X,Tablets,13972.45,4.0,0.13,48624.13,20
VTA0079102,2022-11-06,11,2022,C00967,  Indira Yuridia Garica Alfaro  ,Sur,Ocasional,V018,Lic. Gilberto Castellanos,Sur,P0125,TV Samsung QLED 55,Hogar Inteligente,2841.59,5.0,0.11,12645.08,20
VTA0079103,28/11/2022,11,2022,C01502,Rafaél Salas,Oeste,Ocasional,V050,José María Gustavo Beltrán,Oeste,P0111,Monitor Portátil 4K,Fotografía,6142.51,1.0,0.09,5589.68,41
VTA0079104,2022-11-03,11,2022,C01855,Ana María Camarillo Angulo,Oeste,Ocasional,V012,Rubén Marco Antonio Orta Ramos,Sur,P0128,Panel Solar Portátil,Hogar Inteligente,3704.24,4.0,0.19,12001.74,39
VTA0079105,2022-11-04,11,2022,C02449,Mauro Ríos,Norte,Regular,V004,Aurora Zelaya,Norte,P0037,JBL Charge 5,Audio,8186.19,2.0,0.13,14243.97,21
VTA0079106,2022-11-29,11,2022,C01156,Oswaldo Aurelio Jurado,Centro,Ocasional,V037,Victoria Caridad Concepción,Centro,P0050,Cable USB-C 2m,Accesorios,1343.27,3.0,0.03,3908.92,32
VTA0079107,2022-11-23,11,2022,C03915,Humberto Rubio,Centro,Regular,V017,Abraham Apodaca Colunga,Centro,P0047,Bose SoundLink,fotografia,4239.96,4.0,0.17,14076.67,44
VTA0079108,2022-11-18,11,2022,C03828,María Dulce María Loya Báez,Norte,Premium,V047,  Estela Bianca Melgar Arias  ,Oeste,P0061,Batería Portátil 20000,Accesorios,1757.95,5.0,0.02,8613.96,32
VTA0079109,2022-11-01,11,2022,C04058,Cristian José Manuél Reséndez Jasso,Este,Ocasional,V010,Sra. Guadalupe Llamas,Este,P0105,Tripié Joby GorillaPod,Fotografía,9629.08,4.0,0.07,35820.18,41
VTA0079110,2022-11-01,11,2022,C00244,Humberto Arredondo,Este,premiun,V049,Ing. María Teresa Bétancourt,Este,P0128,Panel Solar Portátil,Hogar Inteligente,4043.22,1.0,0.01,4002.79,39
VTA0079111,2022-11-21,11,2022,C04187,Abel Mercado,Sur,Premium,V023,Fidel Negrete Domínguez,Sur,P0051,Funda iPhone 15 Pro,Accesorios,1328.51,2.0,0.07,2471.03,40
VTA0079112,2022-11-24,11,2022,C00791,Arturo Camilo Zaragoza,Sur,Regular,V023,Fidel Negrete Domínguez,Sur,P0010,Huawei Pura 70,Celulares,10200.07,3.0,0.1,27540.19,27
VTA0079113,2022-11-17,11,2022,C03868,  Aurelio del Valle  ,Este,Regular,V025,Manuel Gerónimo Armas,Sur,P0025,Razer Blade 15,Laptops,28208.32,2.0,0.1,50774.98,44
VTA0079114,2022-11-16,11,2022,C02785,Ing. Reynaldo Castellanos,Centro,Regular,V031,  Bernabé César Salazar  ,Centro,P0073,Microsoft Surface Go 3,hogar inteligente,10647.9,5.0,0.19,43124.0,22
VTA0079115,2022-11-24,11,2022,C00807,Carolina Patricia Iglesias,Sur,Ocasional,V036,  Dr. Ignacio Aparicio  ,Sur,P0028,Dell Inspiron 15,Laptops,27091.62,3.0,0.02,79649.36,37
VTA0079116,2022-11-16,11,2022,C01067,Clemente Gonzalo Gamboa Rojas,Norte,Regular,V046,Hermelinda Josefina Rodarte Bahena,Norte,P0024,LG Gram 17,Laptops,44100.0,2.0,0.16,74088.0,26
VTA0079117,2022-11-10,11,2022,C03858,Ing. Aldo Sosa,Este,Premium,V005,Aldo Adán Rodrígez Galarza,Este,P0044,Anker Q45,Audio,7090.78,5.0,0.09,32263.05,23
VTA0079118,2022-11-10,11,2022,C01352,Dr. Evelio Alemán,Centro,Ocasional,V003,Jacinto Rivero Valladares,Centro,P0099,Nikon Z6 III,Fotografía,28502.44,1.0,0.18,23372.0,21
VTA0079119,24/11/2022,11,2022,C02736,  Rosario Cortez  ,Norte,Ocasional,V046,Hermelinda Josefina Rodarte Bahena,Norte,P0122,Aspiradora Dyson V15,Hogar Inteligente,2772.42,4.0,0.16,9315.33,28
VTA0079120,2022-11-13,11,2022,C02981,  María Luisa Estela Velasco  ,Centro,Regular,V037,Victoria Caridad Concepción,Centro,P0088,Teclado Razer Huntsman,Gaming,21413.28,1.0,0.04,20556.75,44
VTA0079121,2022-11-11,11,2022,C02390,Emiliano Reynaldo Valle Flórez,Norte,Premium,V029,Francisco Ballesteros,Norte,P0080,Honor Pad 8,Tablets,9182.99,4.0,0.05,34895.36,19
VTA0079122,2022-11-15,11,2022,C03537,Francisco Valverde Lozada,Centro,Premium,V033,Jaime Gamez Maldonado,Centro,P0049,Cargador MagSafe 30W,Accesorios,1054.11,1.0,0.04,1011.95,37
VTA0079123,2022-11-17,11,2022,C03472,José Carlos Daniel Guajardo,Sur,Premium,V023,Fidel Negrete Domínguez,Sur,P0108,Batería Canon LP-E6,Fotografía,18272.62,4.0,0.17,60665.1,32
VTA0079124,2022-11-03,11,2022,C01900,Cecilia Lilia Serna,Este,Premium,V010,Sra. Guadalupe Llamas,Este,P0023,Microsoft Surface Pro 9,Laptops,32175.24,2.0,0.14,55341.41,27
VTA0079125,29/11/2022,11,2022,C03973,Micaela Ramos Quesada,Centro,Ocasional,V033,Jaime Gamez Maldonado,Centro,P0071,ASUS Zenpad 3S,Tablets,14122.09,4.0,0.08,51969.29,20
VTA0079126,2022-11-13,11,2022,C04298,Esparta Débora Huerta Garibay,Centro,Regular,V037,Victoria Caridad Concepción,Centro,P0016,Tecno Spark 20,Celulares,15296.21,5.0,0.19,61949.65,20
VTA0079127,2022-11-26,11,2022,C00971,Paulina Dulce Oquendo Almonte,Este,Ocasional,V003,Jacinto Rivero Valladares,Centro,P0076,TCL Tab 10, Accesorios,18839.99,5.0,0.15,80069.96,24
VTA0079128,2022-11-24,11,2022,C04771,Hugo Palomo Ramírez,Norte,REGULAR,V033,Jaime Gamez Maldonado,Centro,P0096,Cooling Noctua NH-D15,Gaming,9132.58,5.0,0.1,41096.61,41
VTA0079129,2022-11-02,11,2022,C00915,Irma Palacios,Sur,Premium,V039,Sr. Modesto Guillen,Oeste,P0071,ASUS Zenpad 3S,Tablets,14685.43,5.0,0.14,63147.35,20
VTA0079130,2022-11-10,11,2022,C03654,Alma Gabriela Carrillo Roldán,Centro,REGULAR,V001,Fernando Casares Jimínez,Oeste,P0075,Samsung Galaxy Tab A9,Tablets,19960.22,4.0,0.12,70259.97,35
VTA0079131,2022-11-30,11,2022,C00648,Ing. Judith Toledo,Norte,Regular,V004,Aurora Zelaya,Norte,P0047,Bose SoundLink,fotografia,3854.23,2.0,0.17,6398.02,44
VTA0079132,2022-11-20,11,2022,C02603,Srita. Alicia Miramontes,Este,Premium,V049,Ing. María Teresa Bétancourt,Este,P0070,Amazon Fire HD 10,Tablets,15615.5,5.0,0.02,76515.95,33
VTA0079133,27/11/2022,11,2022,C04912,Srita. Estefanía Gamez,Centro,Regular,V033,Jaime Gamez Maldonado,Centro,P0062,Reloj Smartwatch Band,Accesorios,1233.2,1.0,0.2,986.56,38
VTA0079134,2022-11-10,11,2022,C03867,  Aurora Fajardo Saavedra  ,Sur,Ocasional,V034,Rufino Rivera,Sur,P0106,Mochila Lowepro Pro,Fotografía,18000.29,2.0,0.04,34560.56,40
VTA0079135,2022-11-06,11,2022,C04817,Paola Saavedra,Sur,Premium,V023,Fidel Negrete Domínguez,Sur,P0024,LG Gram 17,Laptops,42453.43,2.0,0.01,84057.79,26
VTA0079136,2022-11-12,11,2022,C01872,Yeni Lebrón Olivárez,Centro,Regular,V003,Jacinto Rivero Valladares,Centro,P0068,Lenovo Tab P12,Tablets,14865.85,3.0,0.03,43259.62,21
VTA0079137,2022-11-10,11,2022,C03463,Margarita Bravo Flores,Este,Ocacional,V010,Sra. Guadalupe Llamas,Este,P0118,Termostato Nest 3,Hogar Inteligente,1316.69,4.0,0.03,5108.76,30
VTA0079138,23/11/2022,11,2022,C02269,Ing. Ramón Alvarado,Centro,Regular,V017,Abraham Apodaca Colunga,Centro,P0037,JBL Charge 5,Audio,7569.24,3.0,0.14,19528.64,21
VTA0079139,2022-11-28,11,2022,C02328,Lic. Carolina Orosco,Oeste,Ocasional,V040,Karla Silvia Mireles Patiño,Oeste,P0002,Samsung Galaxy S24,Celulares,7527.58,1.0,0.05,7151.2,19
VTA0079140,2022-11-16,11,2022,C03861,Carlos Zacarías Solorzano,Norte,Ocacional,V042,  Srita. Sandra Escamilla  ,Norte,P0077,Blackview Tab 16,Tablets,10871.06,2.0,0.07,20220.17,21
VTA0079141,2022-11-30,11,2022,C03788,Silvia Ulibarri Arevalo,Norte,Ocasional,V046,Hermelinda Josefina Rodarte Bahena,Norte,P0001,iPhone 15 Pro,Celulares,22330.62,5.0,0.07,103837.38,37
VTA0079142,2022-11-10,11,2022,C02272,Mónica Conchita Enríquez Rolón,Oeste,premiun,V038,Violeta Itzel Benavídez,Oeste,P0013,Xiaomi Redmi Note 13,Celulares,14005.0,4.0,0.19,45376.2,30
VTA0079143,01/11/2022,11,2022,C01149,  Ing. Armando Mora  ,Centro,Premium,V033,Jaime Gamez Maldonado,Centro,P0083,Nintendo Switch OLED,Gaming,16396.75,3.0,0.06,46238.84,39
VTA0079144,2022-11-27,11,2022,C03246,Ana Rocío Fonseca,Centro,Ocasional,V037,Victoria Caridad Concepción,Centro,P0055,Teclado Keychron K2,Accesorios,1407.51,5.0,0.09,6404.17,28
VTA0079145,2022-11-30,11,2022,C03020,  Victoria Trinidad Hernández  ,Oeste,Regular,V001,Fernando Casares Jimínez,Oeste,P0105,Tripié Joby GorillaPod,Fotografía,10658.69,1.0,0.15,9059.89,41
VTA0079146,2022-11-05,11,2022,C02304,Sra. Francisca Casares,Este,Premium,V032,Nelly Barela Cardenas,Este,P0020,Lenovo ThinkPad X1,Laptops,25599.81,4.0,0.14,88063.35,42
VTA0079147,2022-11-20,11,2022,C02741,Dra. Magdalena Romero,Norte,ocasional,V029,Francisco Ballesteros,Norte,P0050,Cable USB-C 2m,tablets,1382.74,2.0,0.0,2765.48,32
VTA0079148,2022-11-20,11,2022,C03161,Cornelio Collazo,Centro,Premium,V017,Abraham Apodaca Colunga,Centro,P0061,Batería Portátil 20000,Accesorios,1838.69,3.0,0.04,-5295.43,32
VTA0079149,2022-11-30,11,2022,C00923,Mercedes Ochoa Santiago,Centro,Premium,V041,Srita. Nadia Casas,Centro,P0127,Router WiFi 6 Mesh,Hogar Inteligente,4858.21,4.0,0.03,18849.85,44
VTA0079150,2022-11-15,11,2022,C03816,Ing. Mario Laureano,Este,Regular,V005,Aldo Adán Rodrígez Galarza,Este,P0045,Marshall Emberton III,Audio,7708.76,2.0,0.07,14338.29,22
VTA0079151,2022-11-11,11,2022,C02268,Ing. Ilse Valverde,Centro,Premium,V048,Ivonne Véliz,Centro,P0076,TCL Tab 10,Tablets,16673.32,3.0,0.01,49519.76,24
VTA0079152,2022-11-17,11,2022,C02723,Violeta Toledo Cortés,Oeste,Premium,V040,Karla Silvia Mireles Patiño,Oeste,P0037,JBL Charge 5,Audio,7745.79,2.0,0.18,12703.1,21
VTA0079153,19/11/2022,11,2022,C03400,Zoé Barbara Bermúdez Arellano,Norte,Regular,V042,  Srita. Sandra Escamilla  ,Norte,P0111,Monitor Portátil 4K,Fotografía,7292.0,5.0,0.02,35730.8,41
VTA0079154,2022-11-29,11,2022,C03750,Isabel Cristal Mata Torres,Centro,Regular,V044,Julia Esther Solorio,Centro,P0063,Pad Mouse XL Gaming,Accesorios,2079.67,4.0,0.13,7237.25,42
VTA0079155,2022-11-04,11,2022,C00906,Mariano Collazo Noriega,Oeste,ocasional,V026,Ing. Elias Valdivia,Oeste,P0128,Panel Solar Portátil,Hogar Inteligente,3996.21,3.0,0.16,10070.45,39
VTA0079156,2022-11-25,11,2022,C00971,Paulina Dulce Oquendo Almonte,Este,Ocasional,V005,Aldo Adán Rodrígez Galarza,Este,P0071,ASUS Zenpad 3S,Tablets,13206.07,3.0,0.02,38825.85,20
VTA0079157,2022-11-06,11,2022,C00692,Marcos Teodoro Cano,Centro,Regular,V031,  Bernabé César Salazar  ,Centro,P0016,Tecno Spark 20,Celulares,13797.18,3.0,0.19,33527.15,20
VTA0079158,2022-11-30,11,2022,C02122,Elvia Socorro Alejandro Vásquez,Sur,Regular,V006,  Dr. Evelio Murillo  ,Sur,P0093,GPU RTX 4070 Ti,Gaming,31030.36,3.0,0.04,89367.44,29
VTA0079159,2022-11-05,11,2022,C04288,Antonio Armendáriz Garay,Sur,Premium,V032,Nelly Barela Cardenas,Este,P0115,Apple HomePod Mini,Hogar Inteligente,7296.34,4.0,0.06,27434.24,46
VTA0079160,07/11/2022,11,2022,C04145,  Anabel Sandra Maldonado Peres  ,Centro,Ocasional,V003,Jacinto Rivero Valladares,Centro,P0031,Acer Aspire 7,Laptops,8150.48,2.0,0.03,15811.93,38
VTA0079161,10/11/2022,11,2022,C04291,Martín Mojica Vela,Norte,Ocasional,V004,Aurora Zelaya,Norte,P0100,Fujifilm X-T5,tablets,17615.81,3.0,0.03,51262.01,42
VTA0079162,2022-11-04,11,2022,C02594,Lic. Luis Manuel Calvillo,Oeste,Premium,V006,  Dr. Evelio Murillo  ,Sur,P0081,PlayStation 5,Gaming,10841.03,5.0,0.12,47700.53,46
VTA0079163,02/11/2022,11,2022,C03229,Olga Carmona,Oeste,Regular,V022,Bernardo Lemus Caballero,Oeste,P0101,DJI Mavic 3 Pro,Fotografía,13957.97,5.0,0.18,57227.68,27
VTA0079164,2022-11-12,11,2022,C00060,Amelia Flores,Oeste,Premium,V040,Karla Silvia Mireles Patiño,Oeste,P0007,Realme GT5,Celulares,16741.39,1.0,0.07,15569.49,39
VTA0079165,2022-11-14,11,2022,C03310,Inés Patricia Prado Polanco,Sur,Regular,V023,Fidel Negrete Domínguez,Sur,P0086,Silla Gamer DXRacer,Gaming,22033.53,5.0,0.04,105760.94,26
VTA0079166,09/11/2022,11,2022,C03356,Pascual Roberto Cardenas Gaytán,Oeste,premiun,V026,Ing. Elias Valdivia,Oeste,P0084,Steam Deck 512GB,Gaming,12331.7,4.0,0.06,46367.19,26
VTA0079167,2022-11-03,11,2022,C01770,Cristal Eloisa Alvarado,Oeste,Premium,V022,Bernardo Lemus Caballero,Oeste,P0076,TCL Tab 10,Tablets,15960.7,2.0,0.09,29048.47,24
VTA0079168,2022-11-21,11,2022,C02822,Aldonza Farías Bonilla,Sur,Premium,V020,Dr. Arturo Angulo,Sur,P0065,iPad Pro M2 12.9,Tablets,7779.15,5.0,0.11,34617.22,21
VTA0079169,2022-11-10,11,2022,C00251,Dr. Joaquín Castillo,Centro,ocasional,V022,Bernardo Lemus Caballero,Oeste,P0072,Huawei MatePad Pro,Tablets,18020.52,3.0,0.03,52439.71,43
VTA0079170,2022-11-04,11,2022,C01729,Diego Benjamín Orozco,Este,Regular,V005,Aldo Adán Rodrígez Galarza,Este,P0052,Protector Pantalla S24,Accesorios,1253.57,1.0,0.08,1153.28,31
VTA0079171,2022-11-28,11,2022,C04178,Guillermina Débora Barela,Norte,Premium,V002,Nelly Marrero Ortiz,Norte,P0081,PlayStation 5,Gaming,10725.52,4.0,0.16,36037.75,46
VTA0079172,2022-11-01,11,2022,C00381,Claudia Trejo Solorio,Este,Regular,V011,Clara Loera,Este,P0058,Mochila Techpack 30L,Accesorios,777.17,2.0,0.2,1243.47,23
VTA0079173,06/11/2022,11,2022,C00959,Srita. Susana Lira,Este,Regular,V010,Sra. Guadalupe Llamas,Este,P0035,Bose QC45,Audio,2664.5,4.0,0.14,9165.88,19
VTA0079174,2022-11-12,11,2022,C00738,  Isabel Lourdes Salazar  ,Centro,Ocasional,V033,Jaime Gamez Maldonado,Centro,P0103,Lente Canon RF 50mm,Fotografía,13967.1,5.0,0.19,56566.76,31
VTA0079175,2022-11-09,11,2022,C02630,Sara Manzanares Carmona,Oeste,Regular,V014,Ofelia Miriam Negrón,Oeste,P0020,Lenovo ThinkPad X1,Laptops,22142.94,4.0,0.16,74400.28,42
VTA0079176,2022-11-28,11,2022,C02700,Itzel Norma Rodríguez,Oeste,Premiun,V035,Estela Haro,Oeste,P0001,iPhone 15 Pro,Celulares,20929.75,1.0,0.12,18418.18,37
VTA0079177,2022-11-22,11,2022,C01466,Guadalupe Verónica Valle Ceja,Oeste,Ocasional,V026,Ing. Elias Valdivia,Oeste,P0121,Roomba j7 Plus, Accesorios,7112.92,2.0,0.12,12518.74,38
VTA0079178,2022-11-11,11,2022,C04680,Rufino Gregorio Montalvo Carbajal,Sur,Ocasional,V019,Jacinto Rodrigo Salazar Rolón,Sur,P0033,Sony WH-1000XM5,Audio,7834.23,1.0,0.09,7129.15,25
VTA0079179,2022-11-22,11,2022,C03422,  Dra. Dulce Lozada  ,Centro,Regular,V031,  Bernabé César Salazar  ,Centro,P0007,Realme GT5,Celulares,16557.23,1.0,0.1,14901.51,39
VTA0079180,2022-11-22,11,2022,C03979,Sr. José Carlos Maya,Norte,Premium,V042,  Srita. Sandra Escamilla  ,Norte,P0020,Lenovo ThinkPad X1,Laptops,26441.66,2.0,0.16,44421.99,42
VTA0079181,2022-11-27,11,2022,C04503,Claudio Gonzalo Mojica Ramos,Este,Premium,V032,Nelly Barela Cardenas,Este,P0003,Xiaomi 14 Pro,Celulares,21941.96,5.0,0.17,91059.13,36
VTA0079182,28/11/2022,11,2022,C02548,Dra. Rosalia Otero,Centro,Ocasional,V003,Jacinto Rivero Valladares,Centro,P0011,iPhone 14,Celulares,10871.3,1.0,0.02,10653.87,43
VTA0079183,2022-11-19,11,2022,C02970,Pamela Montenegro Hinojosa,Sur,Premium,V023,Fidel Negrete Domínguez,Sur,P0073,Microsoft Surface Go 3,Tablets,10611.05,1.0,0.03,10292.72,22
VTA0079184,05/11/2022,11,2022,C03172,Uriel Salvador Gracia Vega,Oeste,Premium,V039,Sr. Modesto Guillen,Oeste,P0038,Beats Studio Pro,Audio,2457.22,3.0,0.02,7224.23,39
VTA0079185,2022-11-17,11,2022,C04418,Guillermina Daniela Sauceda,Centro,Premium,V048,Ivonne Véliz,Centro,P0127,Router WiFi 6 Mesh,Hogar Inteligente,4932.11,,0.02,24167.34,44
VTA0079186,2022-11-22,11,2022,C04956,Genaro Carbajal Pelayo,Este,Regular,V049,Ing. María Teresa Bétancourt,Este,P0022,Acer Swift 5,Laptops,33505.95,1.0,0.2,26804.76,41
VTA0079187,2022-11-26,11,2022,C01104,Zeferino León Santana,Norte,Ocasional,V015,Joaquín Benavides Meza,Norte,P0034,AirPods Pro 2,Audio,1360.32,3.0,0.11,3632.05,27
VTA0079188,2022-11-13,11,2022,C01444,Lic. Mauricio Vaca,Este,Regular,V032,Nelly Barela Cardenas,Este,P0055,Teclado Keychron K2,Accesorios,1389.82,1.0,0.01,1375.92,28
VTA0079189,2022-11-07,11,2022,C03333,Felipe Godínez Linares,Norte,Premiun,V042,  Srita. Sandra Escamilla  ,Norte,P0046,JBL Flip 6,Audio,2281.62,4.0,0.11,8122.57,40
VTA0079190,18/11/2022,11,2022,C02649,  Dra. María Teresa Reséndez  ,Centro,Regular,V044,Julia Esther Solorio,Centro,P0076,TCL Tab 10,Tablets,15756.12,1.0,0.02,15441.0,24
VTA0079191,2022-11-25,11,2022,C01058,Alfonso Martín Baca,Centro,Ocasional,V048,Ivonne Véliz,Centro,P0068,Lenovo Tab P12,Tablets,14962.66,3.0,0.05,42643.58,21
VTA0079192,2022-11-14,11,2022,C01229,Adán Bustamante Roldán,Centro,Ocacional,V017,Abraham Apodaca Colunga,Centro,P0065,iPad Pro M2 12.9,Tablets,7955.21,4.0,0.1,28638.76,21
VTA0079193,2022-11-29,11,2022,C01858,Guillermo Timoteo Sauceda,Sur,Premium,V025,Manuel Gerónimo Armas,Sur,P0062,Reloj Smartwatch Band,Accesorios,1266.41,3.0,0.07,3533.28,38
VTA0079194,2022-11-20,11,2022,C03931,Jacobo Mario Segovia,Centro,Premium,V041,Srita. Nadia Casas,Centro,P0100,Fujifilm X-T5,Fotografía,14712.19,1.0,0.07,13682.34,42
VTA0079195,2022-11-27,11,2022,C03497,Sra. Georgina Ríos,Centro,Premium,V033,Jaime Gamez Maldonado,Centro,P0073,Microsoft Surface Go 3,Tablets,10998.23,4.0,0.02,43113.06,22
VTA0079196,2022-11-10,11,2022,C00294,,Norte,Ocasional,V004,Aurora Zelaya,Norte,P0124,Sensor Movimiento Aqara,Hogar Inteligente,7060.54,4.0,0.17,23440.99,35
VTA0079197,2022-11-15,11,2022,C04127,Pamela Armendáriz,Oeste,REGULAR,V049,Ing. María Teresa Bétancourt,Este,P0020,Lenovo ThinkPad X1,Laptops,25350.71,5.0,0.12,111543.12,42
VTA0079198,2022-11-07,11,2022,C03843,Olga Escobedo,Centro,Ocacional,V033,Jaime Gamez Maldonado,Centro,P0105,Tripié Joby GorillaPod,Fotografía,10255.69,5.0,0.18,-42048.33,41
VTA0079199,2022-11-22,11,2022,C00734,Eugenia Carreón,Este,Premium,V005,Aldo Adán Rodrígez Galarza,Este,P0006,Motorola Edge 50,Celulares,8140.15,3.0,0.18,20024.77,32
VTA0079200,2022-11-07,11,2022,C04402,Lic. José Eduardo Valdez,Norte,Regular,V002,Nelly Marrero Ortiz,Norte,P0067,iPad Air M1,Tablets,14953.46,3.0,0.17,37234.12,39
VTA0079201,21/11/2022,11,2022,C02914,María Teresa Lorena Ybarra Cazares,Norte,Ocasional,V046,Hermelinda Josefina Rodarte Bahena,Norte,P0069,Xiaomi Pad 6 Pro,Tablets,5872.73,5.0,0.17,24371.83,37
VTA0079202,2022-11-08,11,2022,C01765,Armando Marroquín,Oeste,Premium,V022,Bernardo Lemus Caballero,Oeste,P0084,Steam Deck 512GB,Gaming,12099.66,3.0,0.02,35573.0,26
VTA0079203,19/11/2022,11,2022,C02339,Emilio Emiliano Candelaria Gollum,Centro,Regular,V048,Ivonne Véliz,Centro,P0044,Anker Q45,Audio,7321.68,4.0,0.13,25479.45,23
VTA0079204,2022-11-04,11,2022,C04987,Abigail Olmos,Centro,Premium,V044,Julia Esther Solorio,Centro,P0105,Tripié Joby GorillaPod,celulares,10604.83,5.0,0.15,45070.53,41
VTA0079205,2022-11-16,11,2022,C01334,Pascual David Ruelas Soto,Norte,Ocasional,V004,Aurora Zelaya,Norte,P0017,MacBook Pro M3,Laptops,11750.62,4.0,0.09,42772.26,43
VTA0079206,2022-11-14,11,2022,C03280,  Rosario Mitzy Trujillo  ,Centro,Premium,V003,Jacinto Rivero Valladares,Centro,P0090,Control Xbox Elite 2,Gaming,25696.89,1.0,0.18,21071.45,40
VTA0079207,2022-11-05,11,2022,C00051,Barbara Nava,Este,Regular,V006,  Dr. Evelio Murillo  ,Sur,P0044,Anker Q45,Audio,7918.87,1.0,0.15,6731.04,23
VTA0079208,2022-11-23,11,2022,C03414,Srita. Leticia Rico,Sur,Ocasional,V034,Rufino Rivera,Sur,P0036,Samsung Galaxy Buds2,Audio,6848.13,1.0,0.11,-6094.84,43
VTA0079209,2022-11-24,11,2022,C03929,Helena Verduzco,Oeste,Premium,V001,Fernando Casares Jimínez,Oeste,P0026,MSI Prestige 16,Laptops,9209.01,1.0,0.04,8840.65,44
VTA0079210,2022-11-24,11,2022,C00486,Amador Mayorga,Norte,Premium,V029,Francisco Ballesteros,Norte,P0047,Bose SoundLink,Audio,4086.4,3.0,0.07,11401.06,44
VTA0079211,06/11/2022,11,2022,C02723,Violeta Toledo Cortés,Oeste,Premium,V047,  Estela Bianca Melgar Arias  ,Oeste,P0014,Motorola G84,Celulares,6634.74,4.0,0.06,24946.62,20
VTA0079212,2022-11-05,11,2022,C01267,Sandra Mares Pineda,Oeste,Ocasional,V050,José María Gustavo Beltrán,Oeste,P0108,Batería Canon LP-E6,Fotografía,16180.0,2.0,0.01,32036.4,32
VTA0079213,2022-11-23,11,2022,C00850,Alejandro Salvador Villalpando Saldivar,Norte,Regular,V009,Amanda María José Bravo,Norte,P0082,Xbox Series X,Gaming,11659.36,1.0,0.16,9793.86,30
VTA0079214,2022-11-24,11,2022,C02806,Hugo de la Garza,Sur,Regular,V013,Alvaro Gaona Ocasio,Sur,P0037,JBL Charge 5,Audio,8267.09,2.0,0.02,16203.5,21
VTA0079215,2022-11-11,11,2022,C01504,,Sur,Regular,V006,  Dr. Evelio Murillo  ,Sur,P0073,Microsoft Surface Go 3,Tablets,10791.05,2.0,0.05,20503.0,22
VTA0079216,2022-11-13,11,2022,C03166,Ing. María Elena Naranjo,Este,REGULAR,V011,Clara Loera,Este,P0018,Dell XPS 15,Laptops,37489.34,5.0,0.11,166827.56,40
VTA0079217,2022-11-08,11,2022,C02290,Dra. Daniela Colón,Sur,Regular,V025,Manuel Gerónimo Armas,Sur,P0048,Skullcandy Crusher,Audio,3437.68,5.0,0.13,14953.91,44
VTA0079218,2022-11-19,11,2022,C04927,Samuel Mendoza,Centro,Ocasional,V048,Ivonne Véliz,Centro,P0014,Motorola G84,Celulares,6312.84,4.0,0.06,23736.28,20
VTA0079219,15/11/2022,11,2022,C01261,Emilia Rosario Miramontes Montañez,Oeste,Premiun,V001,Fernando Casares Jimínez,Oeste,P0060,Adaptador HDMI 4K,Accesorios,1115.97,5.0,0.04,5356.66,29
VTA0079220,2022-11-14,11,2022,C01697,Lic. Benito Aguayo,Centro,Regular,V031,  Bernabé César Salazar  ,Centro,P0030,Lenovo IdeaPad 5,Laptops,41863.99,2.0,0.04,80378.86,21
VTA0079221,2022-11-18,11,2022,C02889,Dra. Lorena Mesa,Norte,Ocacional,V029,Francisco Ballesteros,Norte,P0122,Aspiradora Dyson V15,Hogar Inteligente,3080.57,1.0,0.03,2988.15,28
VTA0079222,2022-11-22,11,2022,C02552,Ilse Marisol Castillo,Centro,Regular,V019,Jacinto Rodrigo Salazar Rolón,Sur,P0072,Huawei MatePad Pro,Tablets,17463.02,5.0,0.16,73344.68,43
VTA0079223,2022-11-22,11,2022,C04798,Dra. Bianca Nieto,Norte,Ocasional,V046,Hermelinda Josefina Rodarte Bahena,Norte,P0070,Amazon Fire HD 10,tablets,17444.52,3.0,0.15,44483.53,33
VTA0079224,14/11/2022,11,2022,C01393,  Emilia Florencia Cuellar Viera  ,Oeste,Premium,V009,Amanda María José Bravo,Norte,P0046,JBL Flip 6,Audio,2248.44,2.0,0.01,4451.91,40
VTA0079225,2022-11-28,11,2022,C04397,Patricia Villagómez,Norte,Regular,V009,Amanda María José Bravo,Norte,P0071,ASUS Zenpad 3S,LAPTOPS,14106.73,1.0,0.07,13119.26,20
VTA0079226,05/11/2022,11,2022,C03864,,Norte,Regular,V043,Homero Esquivel,Norte,P0083,Nintendo Switch OLED,Gaming,15203.5,2.0,0.17,25237.81,39
VTA0079227,2022-11-19,11,2022,C04112,  Germán Alcántar Coronado  ,Sur,premiun,V012,Rubén Marco Antonio Orta Ramos,Sur,P0032,ASUS VivoBook 16,Laptops,11185.32,4.0,0.07,41609.39,38
VTA0079228,2022-11-08,11,2022,C02540,Delia Durán Toledo,Este,Premium,V011,Clara Loera,Este,P0104,Flash Godox V1,Fotografía,17303.71,4.0,0.13,60216.91,40
VTA0079229,2022-11-06,11,2022,C02544,  Ramón Vicente Alcala Vásquez  ,Oeste,Ocasional,V014,Ofelia Miriam Negrón,Oeste,P0128,Panel Solar Portátil,Hogar Inteligente,3504.26,2.0,0.14,6027.33,39
VTA0079230,14/11/2022,11,2022,C04074,Sessa Aldonza Ávila Santana,Centro,REGULAR,V012,Rubén Marco Antonio Orta Ramos,Sur,P0071,ASUS Zenpad 3S,Tablets,12637.61,3.0,0.08,34879.8,20
VTA0079231,2022-11-18,11,2022,C01949,Sra. Nelly Chávez,Norte,Premium,V016,Octavio Mario Rincón Marín,Norte,P0054,Mouse Logitech MX Master,Accesorios,1260.62,2.0,0.11,2243.9,25
VTA0079232,2022-11-06,11,2022,C03872,Dra. Aldonza Lucero,Centro,Ocasional,V031,  Bernabé César Salazar  ,Centro,P0032,ASUS VivoBook 16,Laptops,10563.01,1.0,0.11,9401.08,38
VTA0079233,2022-11-08,11,2022,C03257,  Isabela Hernandes  ,Norte,Ocasional,V009,Amanda María José Bravo,Norte,P0053,Hub USB-C 7en1,Accesorios,452.33,4.0,0.2,1447.46,20
VTA0079234,2022-11-21,11,2022,C03718,Olivia de León Jaimes,Norte,Regular,V007,Conchita Leticia Gastélum Corral,Oeste,P0030,Lenovo IdeaPad 5,Laptops,43239.11,3.0,0.18,106368.21,21
VTA0079235,2022-11-10,11,2022,C02709,Cecilia Díaz Perales,Centro,Regular,V028,Sofía Delia Gurule Cantú,Centro,P0093,GPU RTX 4070 Ti,Gaming,28650.29,3.0,0.03,83372.34,29
VTA0079236,11/11/2022,11,2022,C02893,Dr. Antonio Guajardo,Oeste,Premium,V039,Sr. Modesto Guillen,Oeste,P0040,Jabra Elite 85h,Audio,2716.81,3.0,0.08,7498.4,38
VTA0079237,2022-11-07,11,2022,C02797,Claudia Trejo Pichardo,Sur,Premium,V013,Alvaro Gaona Ocasio,Sur,P0084,Steam Deck 512GB,Gaming,11273.49,4.0,0.06,42388.32,26
VTA0079238,2022-11-26,11,2022,C00344,Anabel Arcelia Abrego,Centro,Premium,V003,Jacinto Rivero Valladares,Centro,P0103,Lente Canon RF 50mm,Fotografía,16091.79,1.0,0.05,15287.2,31
VTA0079239,2022-11-21,11,2022,C04255,Nadia de Jesús,Oeste,Ocasional,V037,Victoria Caridad Concepción,Centro,P0062,Reloj Smartwatch Band,Accesorios,1302.69,5.0,0.06,6122.64,38
VTA0079240,2022-11-30,11,2022,C02086,Ana María Adame Cantú,Sur,Premium,V006,  Dr. Evelio Murillo  ,Sur,P0087,Headset HyperX Cloud III,Gaming,2021.85,1.0,0.17,1678.14,38
VTA0079241,18/11/2022,11,2022,C04176,Esperanza Valdés Meraz,Centro,Ocasional,V028,Sofía Delia Gurule Cantú,Centro,P0015,Nokia G42,tablets,21378.38,3.0,0.04,61569.73,26
VTA0079242,2022-11-09,11,2022,C02139,Aldo Bustos Osorio,Este,Regular,V011,Clara Loera,Este,P0076,TCL Tab 10,tablets,16784.59,2.0,0.05,31890.72,24
VTA0079243,2022-11-23,11,2022,C04688,  Francisco Flores  ,Este,Regular,V010,Sra. Guadalupe Llamas,Este,P0087,Headset HyperX Cloud III,gaming,2107.04,1.0,0.17,1748.84,38
VTA0079244,04/11/2022,11,2022,C01455,María José Nieves,Centro,Premium,V041,Srita. Nadia Casas,Centro,P0030,Lenovo IdeaPad 5,Laptops,40101.84,1.0,0.07,37294.71,21
VTA0079245,2022-11-29,11,2022,C04584,Alfredo Salvador Piña Juárez,Norte,Regular,V022,Bernardo Lemus Caballero,Oeste,P0124,Sensor Movimiento Aqara,Hogar Inteligente,7457.31,1.0,0.04,7159.02,35
VTA0079246,23/11/2022,11,2022,C04394,Guadalupe Liliana Gallardo,Oeste,Regular,V050,José María Gustavo Beltrán,Oeste,P0051,Funda iPhone 15 Pro,Accesorios,1271.57,2.0,0.09,2314.26,40
VTA0079247,2022-11-12,11,2022,C03080,  Lic. Pilar Menéndez  ,Norte,Regular,V016,Octavio Mario Rincón Marín,Norte,P0031,Acer Aspire 7,Laptops,8267.34,3.0,0.16,20833.7,38
VTA0079248,2022-11-25,11,2022,C03633,,Centro,Ocasional,V037,Victoria Caridad Concepción,Centro,P0124,Sensor Movimiento Aqara,Hogar Inteligente,8111.29,3.0,0.03,23603.85,35
VTA0079249,2022-11-13,11,2022,C00713,,Centro,Premium,V044,Julia Esther Solorio,Centro,P0081,PlayStation 5,Gaming,10483.36,1.0,0.14,9015.69,46
VTA0079250,2022-11-23,11,2022,C01566,Paola Guerra,Este,Ocasional,V007,Conchita Leticia Gastélum Corral,Oeste,P0105,Tripié Joby GorillaPod,audio ,9935.07,5.0,0.16,41727.29,41
VTA0079251,20/11/2022,11,2022,C01990,Adriana Palomino,Sur,Ocasional,V018,Lic. Gilberto Castellanos,Sur,P0067,iPad Air M1,fotografia,15432.75,5.0,0.06,72533.92,39
VTA0079252,2022-11-16,11,2022,C00330,Mateo Pablo Prieto,Centro,Ocasional,V041,Srita. Nadia Casas,Centro,P0092,Micrófono Blue Yeti,Gaming,12451.35,1.0,0.1,11206.22,47
VTA0079253,2022-11-12,11,2022,C00343,  Dr. Benjamín de la Rosa  ,Norte,ocasional,V049,Ing. María Teresa Bétancourt,Este,P0117,Cámara Nest Doorbell,Hogar Inteligente,11220.87,2.0,0.02,21992.91,34
VTA0079254,2022-11-02,11,2022,C04363,Susana Ballesteros,Centro,Ocasional,V028,Sofía Delia Gurule Cantú,Centro,P0071,ASUS Zenpad 3S,Tablets,12670.97,3.0,0.14,32691.1,20
VTA0079255,10/11/2022,11,2022,C03739,Genaro Juan Arias,Oeste,premiun,V010,Sra. Guadalupe Llamas,Este,P0095,SSD Samsung 980 Pro,Gaming,3145.35,2.0,0.01,6227.79,28
VTA0079256,23/11/2022,11,2022,C03719,Srita. Zoé Cordero,Norte,Regular,V004,Aurora Zelaya,Norte,P0079,Realme Pad 2,Tablets,9941.43,1.0,0.16,8350.8,20
VTA0079257,2022-11-19,11,2022,C04839,  Israel Alba Lozada  ,Norte,Ocasional,V015,Joaquín Benavides Meza,Norte,P0034,AirPods Pro 2,Audio,1234.3,4.0,0.19,3999.13,27
VTA0079258,17/11/2022,11,2022,C00391,Genaro Israel Leiva,Norte,Ocasional,V009,Amanda María José Bravo,Norte,P0061,Batería Portátil 20000,Accesorios,1978.07,1.0,0.17,1641.8,32
VTA0079259,2022-11-21,11,2022,C00217,Salvador Espinoza Monroy,Sur,Regular,V018,Lic. Gilberto Castellanos,Sur,P0037,JBL Charge 5,Audio,7826.24,3.0,0.06,22070.0,21
VTA0079260,02/11/2022,11,2022,C03261,Ing. Elsa Nájera,Sur,Ocasional,V013,Alvaro Gaona Ocasio,Sur,P0128,Panel Solar Portátil,Hogar Inteligente,3960.59,1.0,0.14,3406.11,39
VTA0079261,2022-11-20,11,2022,C04510,Sara Sosa,Este,REGULAR,V032,Nelly Barela Cardenas,Este,P0040,Jabra Elite 85h,Audio,2977.15,5.0,0.07,13843.75,38
VTA0079262,2022-11-28,11,2022,C03421,Celia Muñoz,Centro,Regular,V037,Victoria Caridad Concepción,Centro,P0005,OnePlus 12,Celulares,5844.36,3.0,0.03,17007.09,40
VTA0079263,2022-11-11,11,2022,C00092,,Centro,Premium,V007,Conchita Leticia Gastélum Corral,Oeste,P0004,Google Pixel 8,hogar inteligente,5203.57,4.0,0.16,17484.0,34
VTA0079264,2022-11-28,11,2022,C04440,Noelia Alejandra Irizarry,Sur,Ocasional,V034,Rufino Rivera,Sur,P0074,iPad Mini 6,Tablets,18046.69,4.0,0.01,71464.89,31
VTA0079265,2022-11-16,11,2022,C04945,Rolando Darío Cervantes Iglesias,Norte,Ocacional,V045,Marisela Vanesa Chapa Aranda,Norte,P0120,Timbre Ring Video Pro,Hogar Inteligente,8493.5,5.0,0.13,36946.72,21
VTA0079266,2022-11-14,11,2022,C00683,Sofía Abigail Pelayo,Norte,Ocasional,V045,Marisela Vanesa Chapa Aranda,Norte,P0120,Timbre Ring Video Pro,Hogar Inteligente,7331.92,3.0,0.17,18256.48,21
VTA0079267,2022-11-20,11,2022,C04380,Andrea Sandra Alva,Este,Regular,V004,Aurora Zelaya,Norte,P0053,Hub USB-C 7en1,celulares,399.17,2.0,0.18,654.64,20
VTA0079268,2022-11-10,11,2022,C03984,Amelia Chapa,Oeste,Premium,V022,Bernardo Lemus Caballero,Oeste,P0117,Cámara Nest Doorbell,Hogar Inteligente,10948.84,4.0,0.1,39415.82,34
VTA0079269,2022-11-03,11,2022,C00960,Alma Elisa Barela Paz,Centro,Ocasional,V028,Sofía Delia Gurule Cantú,Centro,P0035,Bose QC45,Audio,2516.41,3.0,0.08,6945.29,19
VTA0079270,2022-11-17,11,2022,C00622,Lic. Luis Manuel Rendón,Este,Regular,V010,Sra. Guadalupe Llamas,Este,P0127,Router WiFi 6 Mesh,Hogar Inteligente,5451.73,3.0,0.02,16028.09,44
VTA0079271,2022-11-26,11,2022,C02151,Ing. Estela Montemayor,Norte,Regular,V004,Aurora Zelaya,Norte,P0057,Soporte Laptop Adjustable,Accesorios,544.74,1.0,0.19,441.24,39
VTA0079272,2022-11-15,11,2022,C01503,Isaac Emilio Alva,Oeste,Ocasional,V038,Violeta Itzel Benavídez,Oeste,P0076,TCL Tab 10,Tablets,16510.48,2.0,0.17,27407.4,24
VTA0079273,2022-11-17,11,2022,C04846,Srita. Emilia Lerma,Oeste,Premium,V026,Ing. Elias Valdivia,Oeste,P0011,iPhone 14,Celulares,9775.19,3.0,0.02,28739.06,43
VTA0079274,2022-11-18,11,2022,C04491,Diana Berta Montenegro,Este,Premium,V005,Aldo Adán Rodrígez Galarza,Este,P0108,Batería Canon LP-E6,audio ,15175.09,3.0,0.2,36420.22,32
VTA0079275,2022-11-26,11,2022,C00025,Jos Manzanares,Norte,Ocasional,V009,Amanda María José Bravo,Norte,P0012,Samsung A55,Celulares,21565.75,2.0,0.17,35799.14,36
VTA0079276,2022-11-21,11,2022,C01123,Irene Ojeda Acevedo,Sur,Premiun,V021,  Cristal Valdés Maya  ,Sur,P0117,Cámara Nest Doorbell,Hogar Inteligente,11733.67,4.0,0.18,38486.44,34
VTA0079277,2022-11-04,11,2022,C04050,Alma Vera,Este,premiun,V018,Lic. Gilberto Castellanos,Sur,P0047,Bose SoundLink,Audio,4377.45,2.0,0.08,-8054.51,44
VTA0079278,2022-11-09,11,2022,C01486,Cristian Fidel Pabón Corral,Oeste,Ocasional,V038,Violeta Itzel Benavídez,Oeste,P0066,Samsung Galaxy Tab S9,Tablets,12743.97,3.0,0.17,-31732.49,24
VTA0079279,2022-11-07,11,2022,C02264,Natalia Adriana Navarro Martínez,Sur,Premium,V018,Lic. Gilberto Castellanos,Sur,P0082,Xbox Series X,audio ,11495.78,1.0,0.18,9426.54,30
VTA0079280,2022-11-27,11,2022,C04184,  Nelly Ofelia Solano Ayala  ,Norte,Regular,V016,Octavio Mario Rincón Marín,Norte,P0051,Funda iPhone 15 Pro,Accesorios,1219.41,3.0,0.05,3475.32,40
VTA0079281,2022-11-09,11,2022,C00975,Wilfrido Juan Carlos Llamas Acosta,Sur,Regular,V021,  Cristal Valdés Maya  ,Sur,P0116,Foco Philips Hue,Hogar Inteligente,3763.12,4.0,0.15,12794.61,44
VTA0079282,2022-11-17,11,2022,C01388,Yolanda Bonilla Patiño,Centro,premiun,V033,Jaime Gamez Maldonado,Centro,P0017,MacBook Pro M3,Laptops,12443.42,1.0,0.12,10950.21,43
VTA0079283,2022-11-04,11,2022,C00472,Lic. Timoteo Parra,Sur,Ocasional,V006,  Dr. Evelio Murillo  ,Sur,P0029,HP Pavilion 15,Laptops,8926.13,4.0,0.16,29991.8,24
VTA0079284,2022-11-08,11,2022,C01816,Micaela Araceli Vázquez,Este,Ocasional,V005,Aldo Adán Rodrígez Galarza,Este,P0061,Batería Portátil 20000,Accesorios,1975.74,,0.11,5275.23,32
VTA0079285,2022-11-14,11,2022,C04572,Frida Paola Ornelas Maestas,Sur,Premiun,V036,  Dr. Ignacio Aparicio  ,Sur,P0070,Amazon Fire HD 10,Tablets,16446.66,4.0,0.04,63155.17,33
VTA0079286,2022-11-09,11,2022,C00470,  Dalia Elsa Armendáriz  ,Este,Premium,V011,Clara Loera,Este,P0068,Lenovo Tab P12,Tablets,15887.3,5.0,0.02,77847.77,21
VTA0079287,2022-11-13,11,2022,C03280,  Rosario Mitzy Trujillo  ,Centro,Premium,V028,Sofía Delia Gurule Cantú,Centro,P0093,GPU RTX 4070 Ti,Gaming,26469.55,2.0,0.06,49762.75,29
VTA0079288,2022-11-03,11,2022,C01585,Vanesa Valles Fierro,Este,REGULAR,V010,Sra. Guadalupe Llamas,Este,P0075,Samsung Galaxy Tab A9,Tablets,20162.55,2.0,0.03,39115.35,35
VTA0079289,2022-11-19,11,2022,C03184,  Juan Carlos Reynoso  ,Sur,Premium,V024,Bernabé Guerra,Sur,P0057,Soporte Laptop Adjustable,Accesorios,505.61,3.0,0.0,1516.83,39
VTA0079290,2022-11-28,11,2022,C01980,Joaquín Salazar,Este,Premium,V011,Clara Loera,Este,P0119,Enchufe Inteligente TP,Hogar Inteligente,4384.02,3.0,0.1,11836.85,27
VTA0079291,2022-11-11,11,2022,C04558,Eloisa Olmos Durán,Este,Premium,V044,Julia Esther Solorio,Centro,P0104,Flash Godox V1,Fotografía,14374.29,4.0,0.07,53472.36,40
VTA0079292,2022-11-18,11,2022,C02839,Amanda Yolanda Rodríguez Olivas,Centro,Premiun,V033,Jaime Gamez Maldonado,Centro,P0124,Sensor Movimiento Aqara,Hogar Inteligente,7244.27,2.0,0.02,14198.77,35
VTA0079293,2022-11-19,11,2022,C02242,Luz Tania Olivera Ocampo,Sur,Premiun,V027,Claudio Andrés Gómez Sosa,Sur,P0080,Honor Pad 8,Tablets,8679.03,4.0,0.17,28814.38,19
VTA0079294,2022-11-13,11,2022,C04414,  Laura Carolina Nájera  ,Oeste,Ocasional,V026,Ing. Elias Valdivia,Oeste,P0110,Reflector 5en1 80cm,Fotografía,15388.71,2.0,0.18,25237.48,26
VTA0079295,2022-11-13,11,2022,C02624,Socorro Sessa Valverde,Sur,Ocasional,V045,Marisela Vanesa Chapa Aranda,Norte,P0090,Control Xbox Elite 2,Gaming,24777.67,5.0,0.05,117693.93,40
VTA0079296,2022-11-14,11,2022,C01603,Oswaldo Alberto Barrios,Centro,premiun,V041,Srita. Nadia Casas,Centro,P0067,iPad Air M1,Tablets,14826.8,1.0,0.02,14530.26,39
VTA0079297,2022-11-01,11,2022,C02723,Violeta Toledo Cortés,Oeste,Premium,V038,Violeta Itzel Benavídez,Oeste,P0065,iPad Pro M2 12.9,Tablets,7064.39,5.0,0.2,28257.56,21
VTA0079298,2022-11-01,11,2022,C03363,Javier Gabino Carrión,Sur,Ocasional,V025,Manuel Gerónimo Armas,Sur,P0085,Monitor LG 27GP950,Gaming,18946.79,1.0,0.18,15536.37,43
VTA0079299,2022-11-10,11,2022,C02868,Miguel Martín Cantú Montero,Este,Ocasional,V010,Sra. Guadalupe Llamas,Este,P0034,AirPods Pro 2,Audio,1159.03,1.0,0.05,1101.08,27
VTA0079300,2022-11-01,11,2022,C01838,René Pablo Caldera Escobar,Oeste,Regular,V007,Conchita Leticia Gastélum Corral,Oeste,P0074,iPad Mini 6,Tablets,18975.44,3.0,0.14,48956.64,31
VTA0079301,2022-11-08,11,2022,C03520,,Este,Ocacional,V032,Nelly Barela Cardenas,Este,P0044,Anker Q45,Audio,6936.04,4.0,0.06,26079.51,23
VTA0079302,2022-11-20,11,2022,C04352,Ing. Guillermo Adame,Centro,Premium,V003,Jacinto Rivero Valladares,Centro,P0007,Realme GT5,Celulares,16082.56,4.0,0.17,53394.1,39
VTA0079303,11/11/2022,11,2022,C03679,Alonso Castellanos Negrón,Oeste,Premium,V020,Dr. Arturo Angulo,Sur,P0113,Alexa Echo Dot 5,celulares,10608.09,5.0,0.0,53040.45,20
VTA0079304,2022-11-14,11,2022,C00239,Óscar Zeferino Botello,Sur,Premiun,V012,Rubén Marco Antonio Orta Ramos,Sur,P0077,Blackview Tab 16,Tablets,11268.92,1.0,0.16,9465.89,21
VTA0079305,2022-11-08,11,2022,C01740,Vicente Zavala,Centro,Premium,V033,Jaime Gamez Maldonado,Centro,P0061,Batería Portátil 20000,Accesorios,1672.29,5.0,0.01,8277.84,32
VTA0079306,2022-11-12,11,2022,C04690,Joaquín Arteaga,Sur,Regular,V006,  Dr. Evelio Murillo  ,Sur,P0086,Silla Gamer DXRacer,Gaming,21493.61,2.0,0.1,38688.5,26
VTA0079307,2022-11-20,11,2022,C00281,Lic. Alejandra Díaz,Centro,REGULAR,V037,Victoria Caridad Concepción,Centro,P0047,Bose SoundLink,Audio,3663.01,5.0,0.17,15201.49,44
VTA0079308,2022-11-30,11,2022,C02373,Germán Orosco Peres,Sur,Premium,V018,Lic. Gilberto Castellanos,Sur,P0126,Proyector BenQ 4K,Hogar Inteligente,8117.91,1.0,0.09,7387.3,35
VTA0079309,2022-11-29,11,2022,C01928,Daniel Gonzales Casas,Norte,Regular,V045,Marisela Vanesa Chapa Aranda,Norte,P0110,Reflector 5en1 80cm,Fotografía,15476.64,1.0,0.05,14702.81,26
VTA0079310,2022-11-16,11,2022,C01518,Abraham Jesús Medrano,Este,Ocasional,V010,Sra. Guadalupe Llamas,Este,P0032,ASUS VivoBook 16,Laptops,10648.99,1.0,0.15,9051.64,38
VTA0079311,2022-11-08,11,2022,C00734,Eugenia Carreón,Este,Premium,V011,Clara Loera,Este,P0082,Xbox Series X,Gaming,11179.39,,0.08,41140.16,30
VTA0079312,03/11/2022,11,2022,C01929,Amanda Herrera Godínez,Centro,Ocasional,V044,Julia Esther Solorio,Centro,P0063,Pad Mouse XL Gaming,Accesorios,1894.91,3.0,0.16,4775.17,42
VTA0079313,2022-11-04,11,2022,C02906,Óliver Abel Chavarría de la Crúz,Este,Premium,V017,Abraham Apodaca Colunga,Centro,P0051,Funda iPhone 15 Pro,Accesorios,1305.64,1.0,0.03,1266.47,40
VTA0079314,2022-11-16,11,2022,C04092,Vanesa Gloria Rojas,Centro,Regular,V031,  Bernabé César Salazar  ,Centro,P0011,iPhone 14,Celulares,10854.3,1.0,0.11,9660.33,43
VTA0079315,2022-11-28,11,2022,C03407,  María Eugenia Bustos  ,Este,Ocasional,V005,Aldo Adán Rodrígez Galarza,Este,P0005,OnePlus 12,Celulares,5056.27,3.0,0.02,14865.43,40
VTA0079316,2022-11-10,11,2022,C04458,  Yeni Lourdes Zamudio Olmos  ,Este,Premium,V010,Sra. Guadalupe Llamas,Este,P0014,Motorola G84,Celulares,6015.53,4.0,0.01,23821.5,20
VTA0079317,2022-11-06,11,2022,C04284,Rubén Gonzalo Lerma,Oeste,ocasional,V030,Gustavo Camilo Ochoa Gamboa,Oeste,P0115,Apple HomePod Mini,Hogar Inteligente,7686.4,3.0,0.15,19600.32,46
VTA0079318,2022-11-23,11,2022,C00908,Catalina Guzmán Candelaria,Centro,premiun,V037,Victoria Caridad Concepción,Centro,P0060,Adaptador HDMI 4K,LAPTOPS,1019.83,2.0,0.15,1733.71,29
VTA0079319,2022-11-12,11,2022,C02222,  Ing. Pablo Ulibarri  ,Norte,Premium,V004,Aurora Zelaya,Norte,P0016,Tecno Spark 20,Celulares,15253.17,4.0,0.0,61012.68,20
VTA0079320,2022-11-26,11,2022,C01682,Agustín Castañeda Carrasco,Sur,Regular,V030,Gustavo Camilo Ochoa Gamboa,Oeste,P0026,MSI Prestige 16,Laptops,9538.94,4.0,0.13,33195.51,44
VTA0079321,30/11/2022,11,2022,C02256,Silvia Garrido,Sur,Ocasional,V013,Alvaro Gaona Ocasio,Sur,P0103,Lente Canon RF 50mm,Fotografía,16068.86,3.0,0.1,43385.92,31
VTA0079322,2022-11-08,11,2022,C02427,  Alejandra Rojo  ,Norte,Ocasional,V009,Amanda María José Bravo,Norte,P0047,Bose SoundLink,Audio,3880.17,4.0,0.1,13968.61,44
VTA0079323,2022-11-06,11,2022,C01011,Indira Catalina Zamora Cruz,Norte,Ocasional,V016,Octavio Mario Rincón Marín,Norte,P0002,Samsung Galaxy S24,Celulares,8647.81,5.0,0.14,37185.58,19
VTA0079324,2022-11-21,11,2022,C04157,Maximiliano Terrazas Verduzco,Norte,premiun,V002,Nelly Marrero Ortiz,Norte,P0028,Dell Inspiron 15,Laptops,29904.13,5.0,0.11,133073.38,37
VTA0079325,2022-11-20,11,2022,C01797,Eric Rendón,Este,premiun,V011,Clara Loera,Este,P0074,iPad Mini 6,Tablets,18346.43,2.0,0.07,34124.36,31
VTA0079326,2022-11-15,11,2022,C03605,David Quezada,Este,Ocasional,V034,Rufino Rivera,Sur,P0090,Control Xbox Elite 2,Gaming,27214.25,4.0,0.19,88174.17,40
VTA0079327,2022-11-16,11,2022,C02956,Gabino Ignacio Negrón Guevara,Centro,Premium,V044,Julia Esther Solorio,Centro,P0019,HP Spectre x360,Laptops,40373.68,4.0,0.07,150190.09,26
VTA0079328,2022-11-10,11,2022,C01480,Ing. Karla Montes,Oeste,Premium,V001,Fernando Casares Jimínez,Oeste,P0114,Google Nest Hub 2,Hogar Inteligente,5278.18,4.0,0.17,17523.56,45
VTA0079329,2022-11-03,11,2022,C00040,,Este,Regular,V005,Aldo Adán Rodrígez Galarza,Este,P0123,Cerradura Yale Smart,Hogar Inteligente,9225.63,5.0,0.09,41976.62,29
VTA0079330,2022-11-05,11,2022,C01577,Dr. Bernardo Montañez,Oeste,Premium,V026,Ing. Elias Valdivia,Oeste,P0118,Termostato Nest 3,fotografia,1326.23,2.0,0.03,2572.89,30
VTA0079331,2022-11-01,11,2022,C03849,Ing. Enrique Laureano,Centro,Ocasional,V032,Nelly Barela Cardenas,Este,P0089,Mouse Logitech G Pro X,Gaming,6555.8,4.0,0.12,23076.42,45
VTA0079332,2022-11-11,11,2022,C03847,Andrea Cristal Longoria Lomeli,Centro,Regular,V048,Ivonne Véliz,Centro,P0113,Alexa Echo Dot 5,Hogar Inteligente,12034.78,2.0,0.09,21903.3,20
VTA0079333,2022-11-01,11,2022,C03696,Ing. Margarita Ulloa,Este,premiun,V005,Aldo Adán Rodrígez Galarza,Este,P0093,GPU RTX 4070 Ti,Gaming,30894.3,3.0,0.18,75999.98,29
VTA0079334,2022-11-15,11,2022,C03838,Hernán Fidel Méndez,Este,Ocasional,V010,Sra. Guadalupe Llamas,Este,P0068,Lenovo Tab P12,audio ,15927.2,2.0,0.02,31217.31,21
VTA0079335,2022-11-15,11,2022,C00999,Estela de León Benavides,Oeste,Ocasional,V040,Karla Silvia Mireles Patiño,Oeste,P0074,iPad Mini 6,Tablets,17815.27,,0.1,32067.49,31
VTA0079336,2022-11-18,11,2022,C04751,  Wendolin Delia Franco  ,Norte,REGULAR,V047,  Estela Bianca Melgar Arias  ,Oeste,P0083,Nintendo Switch OLED,Gaming,15469.55,4.0,0.07,57546.73,39
VTA0079337,2022-11-05,11,2022,C04529,,Centro,Ocacional,V044,Julia Esther Solorio,Centro,P0071,ASUS Zenpad 3S,Tablets,12679.5,1.0,0.02,12425.91,20
VTA0079338,2022-11-06,11,2022,C00201,Lucas Víctor Muro Borrego,Norte,Regular,V007,Conchita Leticia Gastélum Corral,Oeste,P0103,Lente Canon RF 50mm,Fotografía,15270.48,1.0,0.01,15117.78,31
VTA0079339,2022-11-29,11,2022,C01453,  Marcela Parra Cedillo  ,Sur,Regular,V027,Claudio Andrés Gómez Sosa,Sur,P0023,Microsoft Surface Pro 9,Laptops,33787.46,4.0,0.11,120283.36,27
VTA0079340,2022-11-11,11,2022,C04729,  Itzel Ornelas  ,Sur,Regular,V003,Jacinto Rivero Valladares,Centro,P0112,Estabilizador DJI OM6,Fotografía,14939.07,1.0,0.15,12698.21,33
VTA0079341,2022-11-03,11,2022,C04679,Sra. Mitzy Colón,Sur,Premium,V006,  Dr. Evelio Murillo  ,Sur,P0031,Acer Aspire 7,Laptops,8752.27,4.0,0.07,32558.44,38
VTA0079342,2022-11-09,11,2022,C01395,Lic. Bernabé Roque,Norte,Regular,V004,Aurora Zelaya,Norte,P0128,Panel Solar Portátil,Hogar Inteligente,3764.87,4.0,0.09,13704.13,39
VTA0079343,2022-11-30,11,2022,C00240,Sra. Concepción Rico,Norte,Ocasional,V024,Bernabé Guerra,Sur,P0108,Batería Canon LP-E6,Fotografía,16516.28,4.0,0.16,55494.7,32
VTA0079344,2022-11-27,11,2022,C02370,Dra. Noemí Treviño,Sur,Premium,V012,Rubén Marco Antonio Orta Ramos,Sur,P0093,GPU RTX 4070 Ti,Gaming,30637.03,3.0,0.07,85477.31,29
VTA0079345,2022-11-05,11,2022,C01013,Jacinto Fernando de la Fuente Barreto,Sur,Premium,V020,Dr. Arturo Angulo,Sur,P0111,Monitor Portátil 4K,Fotografía,6303.77,3.0,0.06,17776.63,41
VTA0079346,02/11/2022,11,2022,C04170,Dalia Carrión García,Sur,ocasional,V023,Fidel Negrete Domínguez,Sur,P0113,Alexa Echo Dot 5,Hogar Inteligente,10210.27,2.0,0.13,17765.87,20
VTA0079347,2022-11-17,11,2022,C00028,  Srita. Aurora Núñez  ,Sur,Ocasional,V034,Rufino Rivera,Sur,P0040,Jabra Elite 85h,tablets,3278.75,3.0,0.03,9541.16,38
VTA0079348,2022-11-16,11,2022,C03429,  Gloria Rosalia Madera  ,Norte,Ocasional,V002,Nelly Marrero Ortiz,Norte,P0065,iPad Pro M2 12.9,Tablets,7195.45,3.0,0.08,19859.44,21
VTA0079349,2022-11-03,11,2022,C01815,,Oeste,Premiun,V026,Ing. Elias Valdivia,Oeste,P0046,JBL Flip 6,Audio,2639.83,2.0,0.1,4751.69,40
VTA0079350,2022-11-07,11,2022,C00341,Miguel Ángel Abel Matos Piña,Este,REGULAR,V005,Aldo Adán Rodrígez Galarza,Este,P0084,Steam Deck 512GB,Gaming,13097.2,2.0,0.02,25670.51,26
VTA0079351,2022-11-10,11,2022,C02407,Esparta de la Crúz Barragán,Sur,Regular,V003,Jacinto Rivero Valladares,Centro,P0019,HP Spectre x360,Laptops,38530.75,1.0,0.18,31595.22,26
VTA0079352,2022-11-24,11,2022,C00755,Isabel Yuridia Pizarro,Norte,Ocasional,V046,Hermelinda Josefina Rodarte Bahena,Norte,P0073,Microsoft Surface Go 3,Tablets,10526.97,4.0,0.03,40844.64,22
VTA0079353,2022-11-12,11,2022,C04104,Silvano Saiz,Centro,Ocasional,V013,Alvaro Gaona Ocasio,Sur,P0111,Monitor Portátil 4K,Fotografía,7412.16,3.0,0.14,19123.37,41
VTA0079354,2022-11-26,11,2022,C00253,  María José Sáenz  ,Norte,Premium,V045,Marisela Vanesa Chapa Aranda,Norte,P0071,ASUS Zenpad 3S,Tablets,14875.32,1.0,0.12,13090.28,20
VTA0079355,2022-11-23,11,2022,C01569,Guillermina Calderón Madera,Oeste,Regular,V008,Irene Franco,Sur,P0029,HP Pavilion 15,Laptops,9673.62,2.0,0.05,18379.88,24
VTA0079356,2022-11-17,11,2022,C01102,José Manuél Mauricio Cortés de la Crúz,Este,Regular,V032,Nelly Barela Cardenas,Este,P0055,Teclado Keychron K2,Accesorios,1416.6,4.0,0.09,5156.42,28
VTA0079357,20/11/2022,11,2022,C02832,Sr. Gerónimo Montes,Este,Premium,V049,Ing. María Teresa Bétancourt,Este,P0089,Mouse Logitech G Pro X,Gaming,6869.06,4.0,0.15,23354.8,45
VTA0079358,2022-11-30,11,2022,C01741,Jacinto Valentín,Sur,Ocasional,V013,Alvaro Gaona Ocasio,Sur,P0092,Micrófono Blue Yeti,Gaming,13885.51,5.0,0.18,56930.59,47
VTA0079359,2022-11-11,11,2022,C01413,Esparta Olmos Nazario,Norte,Premium,V043,Homero Esquivel,Norte,P0050,Cable USB-C 2m,Accesorios,1572.81,4.0,0.04,6039.59,32
VTA0079360,2022-11-02,11,2022,C02449,Mauro Ríos,Norte,Regular,V045,Marisela Vanesa Chapa Aranda,Norte,P0110,Reflector 5en1 80cm,Fotografía,15718.88,4.0,0.18,51557.93,26
VTA0079361,2022-11-01,11,2022,C00482,  Felix José Luis Colunga Morales  ,Sur,Ocasional,V036,  Dr. Ignacio Aparicio  ,Sur,P0036,Samsung Galaxy Buds2,Audio,7582.34,4.0,0.06,28509.6,43
VTA0079362,2022-11-10,11,2022,C00843,Adán Colón,Este,Premium,V005,Aldo Adán Rodrígez Galarza,Este,P0082,Xbox Series X,Gaming,10520.89,1.0,0.05,9994.85,30
VTA0079363,2022-11-01,11,2022,C02598,Aurelio Montero,Centro,ocasional,V003,Jacinto Rivero Valladares,Centro,P0125,TV Samsung QLED 55,Hogar Inteligente,2550.76,3.0,0.04,7346.19,20
VTA0079364,2022-11-25,11,2022,C02914,María Teresa Lorena Ybarra Cazares,Norte,Ocasional,V004,Aurora Zelaya,Norte,P0083,Nintendo Switch OLED,Gaming,15688.48,3.0,0.07,43770.86,39
VTA0079365,2022-11-13,11,2022,C04307,Benito Esteban Arroyo,Sur,Premium,V010,Sra. Guadalupe Llamas,Este,P0044,Anker Q45,Audio,6890.59,2.0,0.15,11714.0,23
VTA0079366,2022-11-17,11,2022,C04434,David Razo,Oeste,ocasional,V007,Conchita Leticia Gastélum Corral,Oeste,P0107,Tarjeta SD SanDisk 256,Fotografía,10687.93,1.0,0.14,9191.62,27
VTA0079367,2022-11-22,11,2022,C04843,Teresa Sáenz Altamirano,Este,Regular,V049,Ing. María Teresa Bétancourt,Este,P0106,Mochila Lowepro Pro,Fotografía,16326.81,2.0,0.04,31347.48,40
VTA0079368,2022-11-09,11,2022,C01399,Sr. Roberto Páez,Norte,ocasional,V045,Marisela Vanesa Chapa Aranda,Norte,P0002,Samsung Galaxy S24,Celulares,7796.17,2.0,0.06,14656.8,19
VTA0079369,2022-11-25,11,2022,C01453,  Marcela Parra Cedillo  ,Sur,Regular,V050,José María Gustavo Beltrán,Oeste,P0039,Sennheiser HD 450,Audio,1024.5,5.0,0.19,4149.23,24
VTA0079370,30/11/2022,11,2022,C04788,Sr. Juan Trujillo,Sur,Ocacional,V006,  Dr. Evelio Murillo  ,Sur,P0119,Enchufe Inteligente TP,Hogar Inteligente,4865.41,1.0,0.18,-3989.64,27
VTA0079371,2022-11-23,11,2022,C01849,Nayeli Adriana Gallegos,Este,Regular,V005,Aldo Adán Rodrígez Galarza,Este,P0036,Samsung Galaxy Buds2,Audio,7062.63,4.0,0.08,25990.48,43
VTA0079372,2022-11-14,11,2022,C03377,José Eduardo Muñiz,Oeste,Premium,V022,Bernardo Lemus Caballero,Oeste,P0061,Batería Portátil 20000,Accesorios,1747.33,3.0,0.1,4717.79,32
VTA0079373,2022-11-13,11,2022,C01510,Srita. Eloisa Apodaca,Norte,Regular,V042,  Srita. Sandra Escamilla  ,Norte,P0029,HP Pavilion 15,Laptops,9228.26,5.0,0.0,46141.3,24
VTA0079374,2022-11-09,11,2022,C02960,Nelly Bianca Chávez,Oeste,Premiun,V040,Karla Silvia Mireles Patiño,Oeste,P0089,Mouse Logitech G Pro X,Gaming,6534.94,,0.05,24832.77,45
VTA0079375,2022-11-07,11,2022,C04982,Lorenzo García Carmona,Este,ocasional,V005,Aldo Adán Rodrígez Galarza,Este,P0079,Realme Pad 2,Tablets,9951.24,2.0,0.11,-17713.21,20
VTA0079376,30/11/2022,11,2022,C00640,Lic. Yolanda Valenzuela,Oeste,Premium,V022,Bernardo Lemus Caballero,Oeste,P0092,Micrófono Blue Yeti,Gaming,13826.98,1.0,0.08,12720.82,47
VTA0079377,2022-11-16,11,2022,C02854,Zeferino Solorzano,Oeste,Premium,V011,Clara Loera,Este,P0118,Termostato Nest 3,Hogar Inteligente,1312.49,5.0,0.14,5643.71,30
VTA0079378,2022-11-20,11,2022,C04918,Homero Eduardo Loya,Oeste,Premium,V047,  Estela Bianca Melgar Arias  ,Oeste,P0028,Dell Inspiron 15,Laptops,25759.01,1.0,0.1,23183.11,37
VTA0079379,2022-11-24,11,2022,C04665,Ing. Silvia Carranza,Centro,Premium,V033,Jaime Gamez Maldonado,Centro,P0117,Cámara Nest Doorbell,Hogar Inteligente,11731.14,4.0,0.12,41293.61,34
VTA0079380,2022-11-10,11,2022,C03475,Gabino Limón Menéndez,Sur,Premium,V020,Dr. Arturo Angulo,Sur,P0101,DJI Mavic 3 Pro,Fotografía,13843.68,2.0,0.0,27687.36,27
VTA0079381,2022-11-28,11,2022,C04728,Gerónimo Alonso Valles Jaramillo,Oeste,Ocacional,V040,Karla Silvia Mireles Patiño,Oeste,P0045,Marshall Emberton III,Audio,8178.35,3.0,0.03,23799.0,22
VTA0079382,2022-11-14,11,2022,C02456,,Sur,Premium,V034,Rufino Rivera,Sur,P0078,Chuwi HiPad X,Tablets,14423.12,2.0,0.16,24230.84,20
VTA0079383,2022-11-22,11,2022,C01202,Darío Hugo Rivera,Sur,Ocasional,V027,Claudio Andrés Gómez Sosa,Sur,P0124,Sensor Movimiento Aqara,Hogar Inteligente,8074.27,5.0,0.09,36737.93,35
VTA0079384,2022-11-11,11,2022,C03807,Elias Espartaco Espino Cortez,Centro,Ocasional,V037,Victoria Caridad Concepción,Centro,P0029,HP Pavilion 15,Laptops,9184.8,4.0,0.06,34534.85,24
VTA0079385,2022-11-07,11,2022,C03697,Lorena Roque Téllez,Centro,Premium,V028,Sofía Delia Gurule Cantú,Centro,P0075,Samsung Galaxy Tab A9,Tablets,20210.82,4.0,0.14,69525.22,35
VTA0079386,2022-11-24,11,2022,C02566,Modesto Corrales,Este,Regular,V049,Ing. María Teresa Bétancourt,Este,P0062,Reloj Smartwatch Band,Accesorios,1423.77,3.0,0.01,4228.6,38
VTA0079387,2022-11-07,11,2022,C03231,Alfredo Aldo Baca Pineda,Centro,Regular,V037,Victoria Caridad Concepción,Centro,P0089,Mouse Logitech G Pro X,Gaming,6686.21,4.0,0.02,26209.94,45
VTA0079388,2022-11-26,11,2022,C00351,Aldonza Susana Perea de Anda,Sur,Regular,V027,Claudio Andrés Gómez Sosa,Sur,P0071,ASUS Zenpad 3S,celulares,12704.73,2.0,0.14,21852.14,20
VTA0079389,2022-11-29,11,2022,C03359,Aldo Ramón Garica,Norte,Premium,V013,Alvaro Gaona Ocasio,Sur,P0028,Dell Inspiron 15,Laptops,29795.55,3.0,0.01,88492.78,37
VTA0079390,20/11/2022,11,2022,C02352,Sr. Gabino Puente,Sur,Regular,V036,  Dr. Ignacio Aparicio  ,Sur,P0011,iPhone 14,Celulares,9756.41,2.0,0.13,16976.15,43
VTA0079391,2022-11-28,11,2022,C00440,Darío Genaro Rocha,Este,Ocasional,V010,Sra. Guadalupe Llamas,Este,P0061,Batería Portátil 20000,Accesorios,1813.52,5.0,0.18,7435.43,32
VTA0079392,2022-11-30,11,2022,C03312,Leonardo Jesús Jasso Ochoa,Este,Ocasional,V011,Clara Loera,Este,P0076,TCL Tab 10,Tablets,18632.33,3.0,0.06,52543.17,24
VTA0079393,03/11/2022,11,2022,C01980,Joaquín Salazar,Este,Premium,V032,Nelly Barela Cardenas,Este,P0003,Xiaomi 14 Pro,hogar inteligente,23203.9,4.0,0.09,84462.2,36
VTA0079394,2022-11-29,11,2022,C02079,Leonardo Negrón Villalpando,Centro,Premiun,V033,Jaime Gamez Maldonado,Centro,P0007,Realme GT5,Celulares,17183.8,5.0,0.01,85059.81,39
VTA0079395,2022-11-21,11,2022,C00273,Ernesto Holguín,Norte,Ocasional,V016,Octavio Mario Rincón Marín,Norte,P0025,Razer Blade 15,Laptops,26603.75,1.0,0.19,21549.04,44
VTA0079396,2022-11-09,11,2022,C04908,Conchita María Luisa Lomeli,Norte,Ocasional,V004,Aurora Zelaya,Norte,P0057,Soporte Laptop Adjustable,Accesorios,473.55,2.0,0.07,-880.8,39
VTA0079397,2022-11-25,11,2022,C04165,Rufino Reynaldo Lemus,Norte,Premium,V001,Fernando Casares Jimínez,Oeste,P0011,iPhone 14,Celulares,9023.67,2.0,0.15,15340.24,43
VTA0079398,2022-11-28,11,2022,C04308,  Ana Luisa Patricia Peralta Carranza  ,Oeste,Ocasional,V040,Karla Silvia Mireles Patiño,Oeste,P0113,Alexa Echo Dot 5,Hogar Inteligente,12019.67,5.0,0.02,58896.38,20
VTA0079399,27/11/2022,11,2022,C02362,María Cristina León Chapa,Centro,Premium,V047,  Estela Bianca Melgar Arias  ,Oeste,P0100,Fujifilm X-T5,Fotografía,17553.76,2.0,0.06,33001.07,42
VTA0079400,2022-11-20,11,2022,C02855,Ing. Sandra Mondragón,Oeste,Regular,V030,Gustavo Camilo Ochoa Gamboa,Oeste,P0068,Lenovo Tab P12,Tablets,13939.15,3.0,0.07,38890.23,21
VTA0079401,2022-11-01,11,2022,C00966,Mariana Sofía Campos Madrigal,Este,Ocasional,V010,Sra. Guadalupe Llamas,Este,P0081,PlayStation 5,celulares,11237.13,5.0,0.12,49443.37,46
VTA0079402,2022-11-16,11,2022,C02710,Itzel Fonseca,Centro,Ocasional,V033,Jaime Gamez Maldonado,Centro,P0118,Termostato Nest 3,Hogar Inteligente,1594.78,2.0,0.02,3125.77,30
VTA0079403,2022-11-07,11,2022,C01797,,Este,premiun,V011,Clara Loera,Este,P0038,Beats Studio Pro,Audio,2171.66,4.0,0.08,7991.71,39
VTA0079404,2022-11-14,11,2022,C00247,Clara Blanco,Norte,Regular,V004,Aurora Zelaya,Norte,P0053,Hub USB-C 7en1,Accesorios,391.87,5.0,0.04,1880.98,20
VTA0079405,2022-11-02,11,2022,C03585,José Emilio Camilo Roldán,Norte,REGULAR,V042,  Srita. Sandra Escamilla  ,Norte,P0075,Samsung Galaxy Tab A9,Tablets,16815.83,1.0,0.08,15470.56,35
VTA0079406,2022-11-15,11,2022,C03359,Aldo Ramón Garica,Norte,Premium,V042,  Srita. Sandra Escamilla  ,Norte,P0089,Mouse Logitech G Pro X,Gaming,7045.93,5.0,0.07,32763.57,45
VTA0079407,2022-11-22,11,2022,C01497,,Centro,Premiun,V031,  Bernabé César Salazar  ,Centro,P0035,Bose QC45,Audio,2782.68,2.0,0.18,4563.6,19
VTA0079408,2022-11-13,11,2022,C04957,Salvador René Moreno Barreto,Sur,Premiun,V020,Dr. Arturo Angulo,Sur,P0024,LG Gram 17,Laptops,45334.26,1.0,0.11,40347.49,26
VTA0079409,2022-11-23,11,2022,C00483,Itzel Adriana Aguilera Casillas,Oeste,Regular,V040,Karla Silvia Mireles Patiño,Oeste,P0013,Xiaomi Redmi Note 13,Celulares,12231.48,3.0,0.17,30456.39,30
VTA0079410,2022-11-30,11,2022,C01011,Indira Catalina Zamora Cruz,Norte,Ocasional,V004,Aurora Zelaya,Norte,P0073,Microsoft Surface Go 3,Tablets,11812.99,4.0,0.01,46779.44,22
VTA0079411,2022-11-03,11,2022,C00793,Adela Correa,Este,Premium,V005,Aldo Adán Rodrígez Galarza,Este,P0075,Samsung Galaxy Tab A9,Tablets,19878.87,2.0,0.01,39360.16,35
VTA0079412,2022-11-18,11,2022,C02842,Francisco Cristian Anaya,Este,REGULAR,V010,Sra. Guadalupe Llamas,Este,P0128,Panel Solar Portátil,Hogar Inteligente,3488.09,1.0,0.19,2825.35,39
VTA0079413,2022-11-27,11,2022,C04084,Lic. Víctor Escobar,Oeste,ocasional,V014,Ofelia Miriam Negrón,Oeste,P0100,Fujifilm X-T5,Fotografía,15869.6,3.0,0.09,43324.01,42
VTA0079414,2022-11-09,11,2022,C03214,Óliver César Saiz Ordóñez,Sur,ocasional,V020,Dr. Arturo Angulo,Sur,P0054,Mouse Logitech MX Master,Accesorios,1338.51,2.0,0.11,2382.55,25
VTA0079415,2022-11-25,11,2022,C00118,Amelia Carmen Palomo,Centro,Ocasional,V041,Srita. Nadia Casas,Centro,P0004,Google Pixel 8,Celulares,4898.93,5.0,0.08,22535.08,34
VTA0079416,05/11/2022,11,2022,C03177,Norma Elvira Canales,Este,Premium,V010,Sra. Guadalupe Llamas,Este,P0035,Bose QC45, Accesorios,2614.05,3.0,0.15,6665.83,19
VTA0079417,2022-11-01,11,2022,C04269,Jorge Luis Evelio Crespo,Centro,Ocacional,V044,Julia Esther Solorio,Centro,P0111,Monitor Portátil 4K,Fotografía,7365.21,2.0,0.13,12815.47,41
VTA0079418,2022-11-28,11,2022,C01015,Dr. Benito Manzanares,Sur,Regular,V046,Hermelinda Josefina Rodarte Bahena,Norte,P0014,Motorola G84,Celulares,5905.6,2.0,0.19,9567.07,20
VTA0079419,2022-11-30,11,2022,C00273,Ernesto Holguín,Norte,Ocasional,V031,  Bernabé César Salazar  ,Centro,P0019,HP Spectre x360,LAPTOPS,39347.9,1.0,0.14,33839.19,26
VTA0079420,2022-11-07,11,2022,C01857,Martha Débora Anaya Salcido,Este,Ocasional,V016,Octavio Mario Rincón Marín,Norte,P0033,Sony WH-1000XM5,gaming,6816.67,4.0,0.11,24267.35,25
VTA0079421,2022-11-30,11,2022,C02378,Esther Ángela de la Crúz Parra,Centro,ocasional,V047,  Estela Bianca Melgar Arias  ,Oeste,P0111,Monitor Portátil 4K,Fotografía,6895.22,,0.02,33786.58,41
VTA0079422,2022-11-21,11,2022,C00291,  Lucía Solorio  ,Centro,Ocasional,V002,Nelly Marrero Ortiz,Norte,P0019,HP Spectre x360,Laptops,39276.15,2.0,0.13,68340.5,26
VTA0079423,07/11/2022,11,2022,C03757,  Maximiliano Enrique Jasso  ,Sur,Ocasional,V020,Dr. Arturo Angulo,Sur,P0081,PlayStation 5,Gaming,11153.12,4.0,0.05,42381.86,46
VTA0079424,2022-11-03,11,2022,C04984,Santiago Gilberto Mata,Norte,Premium,V015,Joaquín Benavides Meza,Norte,P0067,iPad Air M1,Tablets,16798.56,2.0,0.15,28557.55,39
VTA0079425,10/11/2022,11,2022,C04845,  Liliana Laura Ojeda  ,Este,Premium,V022,Bernardo Lemus Caballero,Oeste,P0057,Soporte Laptop Adjustable,Accesorios,485.78,3.0,0.13,1267.89,39
VTA0079426,06/11/2022,11,2022,C03846,Israel Enrique Herrera,Este,Premium,V032,Nelly Barela Cardenas,Este,P0027,MacBook Air M2,tablets,35484.68,5.0,0.02,173874.93,24
VTA0079427,2022-11-13,11,2022,C02497,César Urías,Norte,Ocacional,V015,Joaquín Benavides Meza,Norte,P0002,Samsung Galaxy S24,Celulares,8442.2,4.0,0.18,27690.42,19
VTA0079428,2022-11-26,11,2022,C00977,,Centro,Ocasional,V031,  Bernabé César Salazar  ,Centro,P0018,Dell XPS 15,Laptops,39603.44,2.0,0.13,68909.99,40
VTA0079429,2022-11-19,11,2022,C01119,Alma Antonia Vásquez Aparicio,Sur,Premium,V019,Jacinto Rodrigo Salazar Rolón,Sur,P0051,Funda iPhone 15 Pro,Accesorios,1173.37,2.0,0.19,1900.86,40
VTA0079430,2022-11-29,11,2022,C00574,Cristian Quintanilla Navarrete,Centro,Premium,V044,Julia Esther Solorio,Centro,P0079,Realme Pad 2,Tablets,8612.66,5.0,0.02,42202.03,20
VTA0079431,2022-11-10,11,2022,C02013,,Este,Ocasional,V011,Clara Loera,Este,P0012,Samsung A55,Celulares,21385.05,3.0,0.08,59022.74,36
VTA0079432,2022-11-17,11,2022,C03360,Roberto Isaac Gutiérrez,Oeste,Regular,V030,Gustavo Camilo Ochoa Gamboa,Oeste,P0035,Bose QC45,Audio,2631.47,1.0,0.06,2473.58,19
VTA0079433,2022-11-20,11,2022,C03973,Micaela Ramos Quesada,Centro,Ocasional,V048,Ivonne Véliz,Centro,P0013,Xiaomi Redmi Note 13,Celulares,11707.92,3.0,0.05,33367.57,30
VTA0079434,2022-11-20,11,2022,C00128,Dra. Alejandra Piña,Centro,Regular,V017,Abraham Apodaca Colunga,Centro,P0093,GPU RTX 4070 Ti,Gaming,27974.06,5.0,0.18,114693.65,29
VTA0079435,2022-11-10,11,2022,C02350,Ángela Rincón,Sur,Premium,V024,Bernabé Guerra,Sur,P0024,LG Gram 17,Laptops,43300.88,2.0,0.01,85735.74,26
VTA0079436,2022-11-16,11,2022,C00217,Salvador Espinoza Monroy,Sur,Regular,V048,Ivonne Véliz,Centro,P0077,Blackview Tab 16,Tablets,9794.31,3.0,0.13,25563.15,21
VTA0079437,2022-11-02,11,2022,C03299,  Dr. Salvador Armendáriz  ,Norte,Ocasional,V004,Aurora Zelaya,Norte,P0024,LG Gram 17,Laptops,46690.14,5.0,0.06,219443.66,26
VTA0079438,2022-11-06,11,2022,C00371,Marcela Gil Rojo,Oeste,Regular,V023,Fidel Negrete Domínguez,Sur,P0017,MacBook Pro M3,Laptops,11938.74,2.0,0.16,20057.08,43
VTA0079439,2022-11-18,11,2022,C00931,Timoteo Enríquez Juárez,Centro,premiun,V003,Jacinto Rivero Valladares,Centro,P0036,Samsung Galaxy Buds2,Audio,7479.4,3.0,0.09,20418.76,43
VTA0079440,2022-11-15,11,2022,C00812,Débora Nájera Regalado,Este,Ocasional,V049,Ing. María Teresa Bétancourt,Este,P0092,Micrófono Blue Yeti,Gaming,14281.67,,0.05,40702.76,47
VTA0079441,2022-11-12,11,2022,C01996,Ing. Julio Pelayo,Sur,Regular,V027,Claudio Andrés Gómez Sosa,Sur,P0063,Pad Mouse XL Gaming,Accesorios,2060.73,2.0,0.06,3874.17,42
VTA0079442,2022-11-01,11,2022,C01169,  Gonzalo Ríos Salcido  ,Este,Premium,V019,Jacinto Rodrigo Salazar Rolón,Sur,P0059,Audífonos USB-C,Accesorios,1535.09,3.0,0.04,4421.06,43
VTA0079443,2022-11-25,11,2022,C00524,Estela Bianca Durán,Este,premiun,V049,Ing. María Teresa Bétancourt,Este,P0102,GoPro Hero 12,Fotografía,24818.75,5.0,0.18,101756.88,45
VTA0079444,2022-11-30,11,2022,C02503,Elias Cotto,Norte,Regular,V027,Claudio Andrés Gómez Sosa,Sur,P0051,Funda iPhone 15 Pro,Accesorios,1341.75,3.0,0.06,3783.73,40
VTA0079445,2022-11-24,11,2022,C01198,Socorro Helena Chapa,Oeste,Regular,V040,Karla Silvia Mireles Patiño,Oeste,P0127,Router WiFi 6 Mesh,tablets,5003.12,5.0,0.11,22263.88,44
VTA0079446,2022-11-05,11,2022,C03102,Celia Castillo Avilés,Centro,Ocasional,V017,Abraham Apodaca Colunga,Centro,P0086,Silla Gamer DXRacer,Gaming,21597.02,3.0,0.19,52480.76,26
VTA0079447,2022-11-14,11,2022,C00016,Benjamín Jaime Munguía Corrales,Norte,Ocasional,V045,Marisela Vanesa Chapa Aranda,Norte,P0091,Capturadora Elgato 4K,Gaming,1484.91,4.0,0.18,4870.5,25
VTA0079448,2022-11-25,11,2022,C00058,Nicolás Jurado,Sur,REGULAR,V034,Rufino Rivera,Sur,P0006,Motorola Edge 50,Celulares,8026.78,5.0,0.14,34515.15,32
VTA0079449,2022-11-03,11,2022,C00805,Irene Esquivel,Oeste,Ocasional,V001,Fernando Casares Jimínez,Oeste,P0025,Razer Blade 15,Laptops,28913.08,4.0,0.03,112182.75,44
VTA0079450,2022-11-29,11,2022,C03573,Asunción Viera,Oeste,Ocasional,V038,Violeta Itzel Benavídez,Oeste,P0066,Samsung Galaxy Tab S9,Tablets,14156.64,4.0,0.15,48132.58,24
VTA0079451,2022-11-08,11,2022,C00733,Alejandra Trinidad Zelaya,Sur,Ocacional,V006,  Dr. Evelio Murillo  ,Sur,P0024,LG Gram 17,Laptops,44992.7,5.0,0.08,206966.42,26
VTA0079452,2022-11-17,11,2022,C01572,Sr. Gilberto Soto,Oeste,Premium,V023,Fidel Negrete Domínguez,Sur,P0015,Nokia G42,Celulares,21442.32,3.0,0.02,63040.42,26
VTA0079453,2022-11-01,11,2022,C04268,Eugenio Silvano Flórez,Centro,Regular,V044,Julia Esther Solorio,Centro,P0072,Huawei MatePad Pro,Tablets,17313.5,1.0,0.12,15235.88,43
VTA0079454,2022-11-16,11,2022,C01035,  Sra. Linda Valadez  ,Norte,Regular,V004,Aurora Zelaya,Norte,P0020,Lenovo ThinkPad X1,hogar inteligente,24044.72,3.0,0.13,62756.72,42
VTA0079455,2022-11-18,11,2022,C01921,Estefanía Emilia Grijalva,Centro,Regular,V026,Ing. Elias Valdivia,Oeste,P0003,Xiaomi 14 Pro,audio ,23824.5,1.0,0.1,21442.05,36
VTA0079456,2022-11-25,11,2022,C01475,Ing. Sergio Cervantes,Este,Premium,V032,Nelly Barela Cardenas,Este,P0080,Honor Pad 8,Tablets,9339.56,2.0,0.06,17558.37,19
VTA0079457,2022-11-12,11,2022,C04181,Wilfrido Alba,Este,Ocasional,V010,Sra. Guadalupe Llamas,Este,P0056,Webcam Logitech C920,Accesorios,1742.89,2.0,0.08,3206.92,43
VTA0079458,2022-11-16,11,2022,C01992,María Eugenia Santana Meza,Centro,Premium,V041,Srita. Nadia Casas,Centro,P0001,iPhone 15 Pro,Celulares,19831.49,5.0,0.11,88250.13,37
VTA0079459,2022-11-03,11,2022,C01591,Cristina Lourdes Zedillo Niño,Oeste,Premium,V035,Estela Haro,Oeste,P0034,AirPods Pro 2,Audio,1294.39,1.0,0.05,1229.67,27
VTA0079460,2022-11-01,11,2022,C04791,Ing. Andrés Arellano,Este,Regular,V032,Nelly Barela Cardenas,Este,P0071,ASUS Zenpad 3S,Tablets,15005.24,1.0,0.16,12604.4,20
VTA0079461,2022-11-12,11,2022,C03298,Israel Wilfrido Rivas Solís,Este,Ocasional,V032,Nelly Barela Cardenas,Este,P0035,Bose QC45,Audio,2847.65,3.0,0.07,7944.94,19
VTA0079462,2022-11-24,11,2022,C01018,Dr. Julio César Portillo,Norte,Ocasional,V045,Marisela Vanesa Chapa Aranda,Norte,P0063,Pad Mouse XL Gaming,Accesorios,1832.17,2.0,0.16,3078.05,42
VTA0079463,2022-11-19,11,2022,C01270,Lic. Elvira Briseño,Oeste,Premium,V021,  Cristal Valdés Maya  ,Sur,P0080,Honor Pad 8,Tablets,9301.76,4.0,0.06,34974.62,19
VTA0079464,2022-11-26,11,2022,C00137,  Judith Hernandes Villarreal  ,Este,Premium,V010,Sra. Guadalupe Llamas,Este,P0028,Dell Inspiron 15,Laptops,27942.56,2.0,0.14,48061.2,37
VTA0079465,2022-11-13,11,2022,C04423,Lic. Elvia Salinas,Oeste,Premium,V047,  Estela Bianca Melgar Arias  ,Oeste,P0051,Funda iPhone 15 Pro,Accesorios,1232.94,2.0,0.05,2342.59,40
VTA0079466,2022-11-11,11,2022,C02772,Ing. Lilia Merino,Oeste,Regular,V040,Karla Silvia Mireles Patiño,Oeste,P0012,Samsung A55,Celulares,20009.34,5.0,0.16,84039.23,36
VTA0079467,2022-11-01,11,2022,C00391,Genaro Israel Leiva,Norte,Ocasional,V042,  Srita. Sandra Escamilla  ,Norte,P0090,Control Xbox Elite 2,Gaming,27475.27,4.0,0.16,92316.91,40
VTA0079468,2022-11-25,11,2022,C04222,Oswaldo Alva Marín,Sur,Regular,V012,Rubén Marco Antonio Orta Ramos,Sur,P0002,Samsung Galaxy S24,Celulares,8685.76,4.0,0.08,31963.6,19
VTA0079469,2022-11-09,11,2022,C04795,Pascual Federico Lerma Madrigal,Sur,Premium,V025,Manuel Gerónimo Armas,Sur,P0128,Panel Solar Portátil,Hogar Inteligente,3566.98,3.0,0.05,10165.89,39
VTA0079470,2022-11-18,11,2022,C00417,Darío Leal Ontiveros,Centro,Ocasional,V037,Victoria Caridad Concepción,Centro,P0112,Estabilizador DJI OM6,Fotografía,14993.15,3.0,0.15,38232.53,33
VTA0079471,2022-11-04,11,2022,C01588,Jacobo Treviño,Norte,Ocasional,V002,Nelly Marrero Ortiz,Norte,P0032,ASUS VivoBook 16,Laptops,11321.76,2.0,0.18,18567.69,38
VTA0079472,2022-11-26,11,2022,C03697,Lorena Roque Téllez,Centro,Premium,V001,Fernando Casares Jimínez,Oeste,P0056,Webcam Logitech C920,Accesorios,1796.05,4.0,0.06,6753.15,43
VTA0079473,2022-11-20,11,2022,C01632,Gilberto Humberto Carvajal,Centro,Regular,V043,Homero Esquivel,Norte,P0042,Audio Technica ATH,Audio,6063.77,2.0,0.13,10550.96,31
VTA0079474,2022-11-09,11,2022,C01324,Concepción Rosas Prado,Centro,Premium,V048,Ivonne Véliz,Centro,P0111,Monitor Portátil 4K,Fotografía,7223.84,4.0,0.04,27739.55,41
VTA0079475,02/11/2022,11,2022,C04888,Rubén Becerra Cano,Norte,Ocasional,V002,Nelly Marrero Ortiz,Norte,P0003,Xiaomi 14 Pro,Celulares,22197.2,3.0,0.05,63262.02,36
VTA0079476,2022-11-26,11,2022,C00092,Dulce Carvajal,Centro,Premium,V037,Victoria Caridad Concepción,Centro,P0013,Xiaomi Redmi Note 13,Celulares,11603.84,4.0,0.14,39917.21,30
VTA0079477,2022-11-08,11,2022,C00893,Alma Anel Riojas,Norte,Ocasional,V046,Hermelinda Josefina Rodarte Bahena,Norte,P0029,HP Pavilion 15,Laptops,9827.14,3.0,0.17,24469.58,24
VTA0079478,2022-11-18,11,2022,C03974,Germán Ledesma,Oeste,Premium,V040,Karla Silvia Mireles Patiño,Oeste,P0073,Microsoft Surface Go 3,Tablets,10326.33,1.0,0.16,8674.12,22
VTA0079479,2022-11-22,11,2022,C01425,Dr. Cristian Vera,Centro,Ocasional,V028,Sofía Delia Gurule Cantú,Centro,P0002,Samsung Galaxy S24,Celulares,7352.64,3.0,0.03,21396.18,19
VTA0079480,2022-11-12,11,2022,C01457,Mario Homero Valencia,Norte,Ocasional,V029,Francisco Ballesteros,Norte,P0026,MSI Prestige 16,gaming,9358.7,5.0,0.19,37902.74,44
VTA0079481,2022-11-04,11,2022,C04449,Aida Morales Zedillo,Centro,Premium,V041,Srita. Nadia Casas,Centro,P0057,Soporte Laptop Adjustable,Accesorios,507.24,2.0,0.03,984.05,39
VTA0079482,2022-11-17,11,2022,C00365,Rafaél Valles Archuleta,Centro,Ocasional,V007,Conchita Leticia Gastélum Corral,Oeste,P0076,TCL Tab 10,Tablets,17464.64,4.0,0.15,59379.78,24
VTA0079483,2022-11-30,11,2022,C02988,  Yolanda Salma Vega Hidalgo  ,Sur,Ocasional,V024,Bernabé Guerra,Sur,P0108,Batería Canon LP-E6,Fotografía,16263.87,2.0,0.05,30901.35,32
VTA0079484,2022-11-18,11,2022,C03909,Marco Antonio José Carlos Márquez,Sur,Ocacional,V040,Karla Silvia Mireles Patiño,Oeste,P0094,RAM Corsair 32GB,Gaming,19231.6,5.0,0.06,90388.52,26
VTA0079485,2022-11-23,11,2022,C02832,Sr. Gerónimo Montes,Este,Premium,V005,Aldo Adán Rodrígez Galarza,Este,P0047,Bose SoundLink,Audio,3849.24,4.0,0.09,14011.23,44
VTA0079486,2022-11-04,11,2022,C00262,Marisol Luz Murillo,Oeste,REGULAR,V035,Estela Haro,Oeste,P0038,Beats Studio Pro,Audio,2281.81,1.0,0.05,2167.72,39
VTA0079487,2022-11-29,11,2022,C04881,Lucía Tórrez,Centro,Premium,V044,Julia Esther Solorio,Centro,P0065,iPad Pro M2 12.9,Tablets,7691.66,5.0,0.15,32689.56,21
VTA0079488,2022-11-07,11,2022,C04077,  Pedro del Río  ,Este,Ocasional,V005,Aldo Adán Rodrígez Galarza,Este,P0038,Beats Studio Pro,Audio,2549.16,5.0,0.14,10961.39,39
VTA0079489,2022-11-28,11,2022,C01986,Enrique Silvano González Serna,Oeste,Regular,V050,José María Gustavo Beltrán,Oeste,P0034,AirPods Pro 2,Audio,1193.15,3.0,0.09,3257.3,27
VTA0079490,2022-11-04,11,2022,C01008,Sergio Teodoro Soria,Norte,Ocacional,V029,Francisco Ballesteros,Norte,P0079,Realme Pad 2,Tablets,8681.66,5.0,0.16,36462.97,20
VTA0079491,2022-11-06,11,2022,C02901,Guillermo Leonardo Valdivia,Este,Regular,V010,Sra. Guadalupe Llamas,Este,P0123,Cerradura Yale Smart,Hogar Inteligente,8325.25,2.0,0.02,16317.49,29
VTA0079492,2022-11-10,11,2022,C00409,Ing. Héctor Valladares,Norte,Regular,V004,Aurora Zelaya,Norte,P0067,iPad Air M1,Tablets,17894.73,5.0,0.11,79631.55,39
VTA0079493,28/11/2022,11,2022,C00593,Pablo Ramón Barela Guerrero,Este,Regular,V046,Hermelinda Josefina Rodarte Bahena,Norte,P0030,Lenovo IdeaPad 5,Laptops,41188.08,2.0,0.16,69195.97,21
VTA0079494,2022-11-29,11,2022,C01212,Sr. Aldo Cabrera,Sur,Regular,V036,  Dr. Ignacio Aparicio  ,Sur,P0110,Reflector 5en1 80cm,gaming,14497.97,,0.16,24356.59,26
VTA0079495,2022-11-16,11,2022,C04195,Evelio Eduardo Abreu del Río,Norte,Regular,V029,Francisco Ballesteros,Norte,P0114,Google Nest Hub 2,Hogar Inteligente,5234.01,3.0,0.08,14445.87,45
VTA0079496,2022-11-07,11,2022,C00767,Mauricio Genaro Guardado,Este,Premiun,V032,Nelly Barela Cardenas,Este,P0064,Limpiador Pantallas Kit,Accesorios,1403.05,2.0,0.18,2301.0,44
VTA0079497,2022-11-07,11,2022,C00670,Renato Jaime Escamilla Archuleta,Sur,Premium,V036,  Dr. Ignacio Aparicio  ,Sur,P0021,ASUS ROG Zephyrus,Laptops,13577.55,,0.09,49422.28,36
VTA0079498,2022-11-29,11,2022,C00565,Conchita Tamayo Zedillo,Centro,Ocacional,V046,Hermelinda Josefina Rodarte Bahena,Norte,P0079,Realme Pad 2,Tablets,9592.91,2.0,0.06,18034.67,20
VTA0079499,2022-11-06,11,2022,C02263,Luis Manuel Serafín Garica,Norte,Regular,V045,Marisela Vanesa Chapa Aranda,Norte,P0019,HP Spectre x360,Laptops,35786.13,1.0,0.03,34712.55,26
VTA0079500,26/11/2022,11,2022,C03019,,Norte,Regular,V015,Joaquín Benavides Meza,Norte,P0049,Cargador MagSafe 30W,Accesorios,923.64,4.0,0.15,3140.38,37
VTA0079501,2022-11-05,11,2022,C04693,Serafín Juan Carlos Segura Camacho,Este,Premium,V005,Aldo Adán Rodrígez Galarza,Este,P0015,Nokia G42,Celulares,21142.88,2.0,0.08,38902.9,26
VTA0079502,2022-11-07,11,2022,C03641,María Eugenia Figueroa Adame,Este,Premium,V010,Sra. Guadalupe Llamas,Este,P0124,Sensor Movimiento Aqara,Hogar Inteligente,7704.77,3.0,0.18,18953.73,35
VTA0079503,2022-11-03,11,2022,C01652,Francisca Luisa Cisneros Matías,Centro,Premium,V011,Clara Loera,Este,P0067,iPad Air M1,Tablets,15819.46,3.0,0.1,42712.54,39
VTA0079504,2022-11-08,11,2022,C03648,Srita. Inés Díaz,Oeste,Ocasional,V050,José María Gustavo Beltrán,Oeste,P0091,Capturadora Elgato 4K,Gaming,1441.55,1.0,0.16,1210.9,25
VTA0079505,30/11/2022,11,2022,C03921,Srita. Esperanza Merino,Centro,Premium,V018,Lic. Gilberto Castellanos,Sur,P0125,TV Samsung QLED 55,Hogar Inteligente,2459.34,2.0,0.18,4033.32,20
VTA0079506,2022-11-01,11,2022,C02010,María Teresa Abigail Vallejo Menchaca,Este,Premium,V049,Ing. María Teresa Bétancourt,Este,P0006,Motorola Edge 50,Celulares,7656.98,5.0,0.08,35222.11,32
VTA0079507,2022-11-29,11,2022,C01904,  Ariadna Carbajal  ,Centro,Ocasional,V028,Sofía Delia Gurule Cantú,Centro,P0006,Motorola Edge 50,Celulares,8722.29,4.0,0.19,28260.22,32
VTA0079508,2022-11-16,11,2022,C00629,María Elena Camacho,Norte,REGULAR,V046,Hermelinda Josefina Rodarte Bahena,Norte,P0101,DJI Mavic 3 Pro,Fotografía,14907.02,5.0,0.14,64100.19,27
VTA0079509,2022-11-04,11,2022,C04017,Joaquín Teodoro Robledo Ríos,Norte,Regular,V035,Estela Haro,Oeste,P0019,HP Spectre x360,tablets,39069.56,4.0,0.11,139087.63,26
VTA0079510,03/11/2022,11,2022,C03247,Dr. Ramón Quesada,Este,Premium,V049,Ing. María Teresa Bétancourt,Este,P0003,Xiaomi 14 Pro,Celulares,23961.69,2.0,0.1,43131.04,36
VTA0079511,15/11/2022,11,2022,C04246,Juana Indira Valadez Saldaña,Sur,Ocasional,V001,Fernando Casares Jimínez,Oeste,P0086,Silla Gamer DXRacer,Gaming,20468.46,2.0,0.12,36024.49,26
VTA0079512,2022-11-15,11,2022,C02035,Hilda Pilar Gómez Alva,Norte,premiun,V043,Homero Esquivel,Norte,P0090,Control Xbox Elite 2,Gaming,26109.56,3.0,0.12,68929.24,40
VTA0079513,2022-11-06,11,2022,C01681,Marcela Núñez,Sur,Premiun,V023,Fidel Negrete Domínguez,Sur,P0089,Mouse Logitech G Pro X,Gaming,7293.1,5.0,0.11,32454.3,45
VTA0079514,2022-11-18,11,2022,C02875,Débora Elena Zamudio,Este,Ocacional,V047,  Estela Bianca Melgar Arias  ,Oeste,P0027,MacBook Air M2,Laptops,32799.81,3.0,0.11,87575.49,24
VTA0079515,2022-11-15,11,2022,C03533,Guadalupe Mitzy Verduzco,Oeste,Ocasional,V050,José María Gustavo Beltrán,Oeste,P0007,Realme GT5,Celulares,19221.62,2.0,0.18,31523.46,39
VTA0079516,2022-11-16,11,2022,C04940,Lic. Sandra Bustamante,Norte,Premium,V046,Hermelinda Josefina Rodarte Bahena,Norte,P0062,Reloj Smartwatch Band,Accesorios,1198.45,5.0,0.13,5213.26,38
VTA0079517,12/11/2022,11,2022,C04536,Emilia Barraza,Oeste,Regular,V038,Violeta Itzel Benavídez,Oeste,P0089,Mouse Logitech G Pro X,audio ,6673.3,5.0,0.03,32365.5,45
VTA0079518,2022-11-09,11,2022,C02342,Pascual Zeferino Alvarado Vásquez,Oeste,Ocasional,V015,Joaquín Benavides Meza,Norte,P0096,Cooling Noctua NH-D15,Gaming,10322.14,3.0,0.12,27250.45,41
VTA0079519,2022-11-17,11,2022,C02480,,Este,Premium,V010,Sra. Guadalupe Llamas,Este,P0085,Monitor LG 27GP950,Gaming,19308.06,2.0,0.12,33982.19,43
VTA0079520,2022-11-19,11,2022,C02573,Julia Indira Rascón Sanabria,Centro,Premiun,V003,Jacinto Rivero Valladares,Centro,P0077,Blackview Tab 16,Tablets,10696.04,5.0,0.19,43318.96,21
VTA0079521,2022-11-25,11,2022,C04419,Mariano Luis Manuel Olvera Bonilla,Sur,Premium,V008,Irene Franco,Sur,P0038,Beats Studio Pro,Audio,2427.89,3.0,0.14,6263.96,39
VTA0079522,2022-11-02,11,2022,C02033,Paola Romero Loya,Norte,Premium,V042,  Srita. Sandra Escamilla  ,Norte,P0072,Huawei MatePad Pro,Tablets,18626.95,1.0,0.05,17695.6,43
VTA0079523,2022-11-14,11,2022,C04111,  Ing. Jerónimo Laureano  ,Norte,Regular,V042,  Srita. Sandra Escamilla  ,Norte,P0006,Motorola Edge 50,Celulares,8032.04,,0.02,15742.8,32
VTA0079524,2022-11-10,11,2022,C00749,Wendolin Carrasco Zúñiga,Este,Regular,V011,Clara Loera,Este,P0068,Lenovo Tab P12,Tablets,15872.36,3.0,0.18,39046.01,21
VTA0079525,2022-11-21,11,2022,C04877,Srita. Mitzy Esquibel,Centro,Premium,V031,  Bernabé César Salazar  ,Centro,P0115,Apple HomePod Mini,Hogar Inteligente,6495.47,1.0,0.12,5716.01,46
VTA0079526,2022-11-26,11,2022,C02809,Lic. Marcos Verdugo,Este,Regular,V011,Clara Loera,Este,P0085,Monitor LG 27GP950,Gaming,18882.52,2.0,0.12,33233.24,43
VTA0079527,2022-11-09,11,2022,C00864,Samuel Vargas,Centro,Regular,V017,Abraham Apodaca Colunga,Centro,P0067,iPad Air M1,Tablets,17841.8,2.0,0.18,29260.55,39
VTA0079528,23/11/2022,11,2022,C04579,Dra. Angélica Rodrígez,Norte,Regular,V029,Francisco Ballesteros,Norte,P0121,Roomba j7 Plus,Hogar Inteligente,6234.27,3.0,0.13,16271.44,38
VTA0079529,2022-11-25,11,2022,C04551,Dr. Sergio Cavazos,Norte,Premium,V050,José María Gustavo Beltrán,Oeste,P0004,Google Pixel 8,Celulares,5394.28,2.0,0.11,9601.82,34
VTA0079530,2022-11-24,11,2022,C01090,Luz Camacho,Centro,Regular,V003,Jacinto Rivero Valladares,Centro,P0075,Samsung Galaxy Tab A9,Tablets,20098.57,1.0,0.15,-17083.78,35
VTA0079531,2022-11-29,11,2022,C02023,Ing. Ruby Noriega,Oeste,Premium,V038,Violeta Itzel Benavídez,Oeste,P0013,Xiaomi Redmi Note 13,Celulares,11729.41,4.0,0.14,40349.17,30
VTA0079532,2022-11-01,11,2022,C04923,José Manuél Concepción Mares,Este,REGULAR,V011,Clara Loera,Este,P0039,Sennheiser HD 450,Audio,980.51,4.0,0.07,3647.5,24
VTA0079533,2022-11-25,11,2022,C02723,Violeta Toledo Cortés,Oeste,ocasional,V001,Fernando Casares Jimínez,Oeste,P0026,MSI Prestige 16,audio ,8848.79,4.0,0.14,30439.84,44
VTA0079534,2022-11-17,11,2022,C04209,  Pablo Francisco Javier Alcala  ,Este,Premium,V021,  Cristal Valdés Maya  ,Sur,P0071,ASUS Zenpad 3S,Tablets,13654.86,5.0,0.09,62129.61,20
VTA0079535,2022-11-14,11,2022,C00007,Ignacio José Luis Ocampo Vega,Oeste,Regular,V039,Sr. Modesto Guillen,Oeste,P0003,Xiaomi 14 Pro,Celulares,23774.99,3.0,0.17,59199.73,36
VTA0079536,2022-11-21,11,2022,C04967,Ing. Cristal Enríquez,Norte,Ocacional,V004,Aurora Zelaya,Norte,P0096,Cooling Noctua NH-D15,hogar inteligente,10319.88,2.0,0.08,18988.58,41
VTA0079537,2022-11-12,11,2022,C02402,Marisela Salas Domínguez,Sur,Ocasional,V034,Rufino Rivera,Sur,P0112,Estabilizador DJI OM6,Fotografía,15403.73,3.0,0.19,37431.06,33
VTA0079538,21/11/2022,11,2022,C00315,Ing. Nelly Velasco,Oeste,Regular,V022,Bernardo Lemus Caballero,Oeste,P0052,Protector Pantalla S24,Accesorios,1211.35,5.0,0.07,5632.78,31
VTA0079539,2022-11-04,11,2022,C02343,  Teodoro Robledo  ,Norte,Ocasional,V029,Francisco Ballesteros,Norte,P0037,JBL Charge 5,Audio,8037.66,1.0,0.02,-7876.91,21
VTA0079540,2022-11-13,11,2022,C04017,Joaquín Teodoro Robledo Ríos,Norte,Regular,V015,Joaquín Benavides Meza,Norte,P0096,Cooling Noctua NH-D15,Gaming,10562.08,1.0,0.07,9822.73,41
VTA0079541,2022-11-13,11,2022,C03924,José Manuél Héctor Rivera,Sur,Premium,V013,Alvaro Gaona Ocasio,Sur,P0067,iPad Air M1,Tablets,15691.81,5.0,0.15,66690.19,39
VTA0079542,2022-11-18,11,2022,C02585,René Ontiveros,Oeste,Regular,V035,Estela Haro,Oeste,P0094,RAM Corsair 32GB,Gaming,15975.39,2.0,0.12,28116.69,26
VTA0079543,2022-11-22,11,2022,C02482,Dr. Pablo Tirado,Oeste,Regular,V040,Karla Silvia Mireles Patiño,Oeste,P0124,Sensor Movimiento Aqara,Hogar Inteligente,8389.08,2.0,0.09,15268.13,35
VTA0079544,2022-11-12,11,2022,C02445,Zacarías Ulloa Rosales,Centro,Premiun,V028,Sofía Delia Gurule Cantú,Centro,P0029,HP Pavilion 15,tablets,8990.73,4.0,0.15,30568.48,24
VTA0079545,2022-11-22,11,2022,C01242,Rolando Leonel Chacón,Sur,Premium,V013,Alvaro Gaona Ocasio,Sur,P0097,Canon EOS R6 Mark II,Fotografía,30669.03,2.0,0.05,58271.16,38
VTA0079546,2022-11-09,11,2022,C02296,Dr. Germán Reynoso,Este,Regular,V032,Nelly Barela Cardenas,Este,P0100,Fujifilm X-T5,Fotografía,15098.95,4.0,0.17,50128.51,42
VTA0079547,2022-11-25,11,2022,C01402,  Lic. Ramón Vega  ,Norte,Regular,V009,Amanda María José Bravo,Norte,P0084,Steam Deck 512GB,Gaming,12185.59,4.0,0.07,45330.39,26
VTA0079548,2022-11-21,11,2022,C01950,Alvaro Rascón,Este,Premium,V010,Sra. Guadalupe Llamas,Este,P0098,Sony Alpha 7 IV,Fotografía,18974.16,4.0,0.12,66789.04,34
VTA0079549,2022-11-17,11,2022,C02443,Arcelia Irma Gallardo Gálvez,Norte,Ocasional,V015,Joaquín Benavides Meza,Norte,P0091,Capturadora Elgato 4K,Gaming,1433.39,4.0,0.1,5160.2,25
VTA0079550,2022-11-11,11,2022,C00015,Ing. Ana María Jaime,Norte,Regular,V003,Jacinto Rivero Valladares,Centro,P0107,Tarjeta SD SanDisk 256,celulares,10795.97,5.0,0.09,49121.66,27
VTA0079551,2022-11-27,11,2022,C00224,Alejandro Cristobal Villagómez,Oeste,Ocasional,V001,Fernando Casares Jimínez,Oeste,P0112,Estabilizador DJI OM6,gaming,15218.12,2.0,0.03,29523.15,33
VTA0079552,2022-11-10,11,2022,C00027,  Aurora Antonia Nájera  ,Norte,Ocasional,V004,Aurora Zelaya,Norte,P0066,Samsung Galaxy Tab S9,Tablets,13866.39,2.0,0.11,24682.17,24
VTA0079553,2022-11-22,11,2022,C04614,Lic. Florencia Ávila,Oeste,Regular,V038,Violeta Itzel Benavídez,Oeste,P0038,Beats Studio Pro,Audio,2354.84,3.0,0.02,6923.23,39
VTA0079554,2022-11-08,11,2022,C02276,Frida Rodríquez,Sur,Ocasional,V012,Rubén Marco Antonio Orta Ramos,Sur,P0019,HP Spectre x360,Laptops,37522.5,3.0,0.2,90054.0,26
VTA0079555,2022-11-02,11,2022,C00310,Fernando Humberto Linares Colunga,Norte,Ocacional,V007,Conchita Leticia Gastélum Corral,Oeste,P0052,Protector Pantalla S24,Accesorios,1100.12,4.0,0.01,4356.48,31
VTA0079556,2022-11-06,11,2022,C01611,Cecilia Helena Serrato,Oeste,Regular,V044,Julia Esther Solorio,Centro,P0049,Cargador MagSafe 30W,Accesorios,930.12,2.0,0.03,1804.43,37
VTA0079557,2022-11-15,11,2022,C01449,Lic. Ruby Posada,Oeste,Ocasional,V047,  Estela Bianca Melgar Arias  ,Oeste,P0009,Sony Xperia 1 VI,Celulares,25050.64,2.0,0.18,41083.05,24
VTA0079558,2022-11-12,11,2022,C01404,Violeta Candelaria Aguayo,Oeste,Premium,V047,  Estela Bianca Melgar Arias  ,Oeste,P0069,Xiaomi Pad 6 Pro,Tablets,5276.93,4.0,0.13,18363.72,37
VTA0079559,2022-11-01,11,2022,C01961,Lic. Nayeli Vera,Centro,Regular,V003,Jacinto Rivero Valladares,Centro,P0082,Xbox Series X,Gaming,12067.11,4.0,0.15,41028.17,30
VTA0079560,09/11/2022,11,2022,C01063,  Trinidad Blanco  ,Norte,ocasional,V045,Marisela Vanesa Chapa Aranda,Norte,P0005,OnePlus 12,Celulares,5816.25,5.0,0.11,25882.31,40
VTA0079561,2022-11-09,11,2022,C02870,Adán Villaseñor Ramos,Este,Regular,V009,Amanda María José Bravo,Norte,P0067,iPad Air M1,Tablets,17259.96,1.0,0.16,14498.37,39
VTA0079562,2022-11-04,11,2022,C00214,Arturo José Eduardo Heredia Sotelo,Centro,Regular,V023,Fidel Negrete Domínguez,Sur,P0008,OPPO Find X7,Celulares,22042.19,2.0,0.04,42321.0,26
VTA0079563,2022-11-13,11,2022,C00740,Lorena Caraballo,Norte,REGULAR,V002,Nelly Marrero Ortiz,Norte,P0088,Teclado Razer Huntsman,Gaming,22582.79,1.0,0.05,21453.65,44
VTA0079564,2022-11-16,11,2022,C01785,Renato Carlos Escobar Yáñez,Norte,Premium,V029,Francisco Ballesteros,Norte,P0028,Dell Inspiron 15,Laptops,30124.6,5.0,0.08,138573.16,37
VTA0079565,08/11/2022,11,2022,C04285,  Zeferino Vega  ,Oeste,premiun,V007,Conchita Leticia Gastélum Corral,Oeste,P0105,Tripié Joby GorillaPod,Fotografía,10128.98,3.0,0.17,25221.16,41
VTA0079566,2022-11-27,11,2022,C00047,Pilar Elvira Alonzo Olivo,Centro,ocasional,V033,Jaime Gamez Maldonado,Centro,P0102,GoPro Hero 12,Fotografía,27169.16,4.0,0.13,94548.68,45
VTA0079567,19/11/2022,11,2022,C02758,Ing. Julio Gallegos,Norte,Ocasional,V002,Nelly Marrero Ortiz,Norte,P0070,Amazon Fire HD 10,Tablets,15722.46,1.0,0.03,15250.79,33
VTA0079568,2022-11-21,11,2022,C03186,Pedro Eduardo Marín,Este,Regular,V032,Nelly Barela Cardenas,Este,P0097,Canon EOS R6 Mark II,Fotografía,28621.33,4.0,0.12,100747.08,38
VTA0079569,2022-11-06,11,2022,C03141,Micaela Avilés Tirado,Oeste,Premium,V001,Fernando Casares Jimínez,Oeste,P0059,Audífonos USB-C,Accesorios,1442.82,1.0,0.16,1211.97,43
VTA0079570,2022-11-16,11,2022,C02544,,Oeste,Ocasional,V035,Estela Haro,Oeste,P0057,Soporte Laptop Adjustable,Accesorios,549.45,3.0,0.05,1565.93,39
VTA0079571,2022-11-28,11,2022,C00986,Olga Sessa Peres,Centro,Regular,V031,  Bernabé César Salazar  ,Centro,P0123,Cerradura Yale Smart,Hogar Inteligente,8753.61,1.0,0.11,7790.71,29
VTA0079572,2022-11-12,11,2022,C01029,Leonardo Gallegos González,Centro,Premium,V003,Jacinto Rivero Valladares,Centro,P0117,Cámara Nest Doorbell,Hogar Inteligente,10865.64,3.0,0.12,28685.29,34
VTA0079573,2022-11-04,11,2022,C02866,María Elena Angélica González,Sur,Premiun,V034,Rufino Rivera,Sur,P0048,Skullcandy Crusher,Audio,3317.67,3.0,0.15,8460.06,44
VTA0079574,2022-11-24,11,2022,C03306,Ilse Roybal,Oeste,Premium,V014,Ofelia Miriam Negrón,Oeste,P0028,Dell Inspiron 15,Laptops,27764.39,2.0,0.05,52752.34,37
VTA0079575,26/11/2022,11,2022,C01327,Eloisa Lorena Angulo,Oeste,Premium,V023,Fidel Negrete Domínguez,Sur,P0083,Nintendo Switch OLED,Gaming,16556.14,1.0,0.05,15728.33,39
VTA0079576,2022-11-23,11,2022,C03431,  Camila Leticia Orozco Granados  ,Este,Regular,V011,Clara Loera,Este,P0010,Huawei Pura 70,Celulares,10689.87,5.0,0.16,44897.45,27
VTA0079577,2022-11-14,11,2022,C03075,Luis Miguel Leonel Cervántez Cintrón,Norte,Regular,V046,Hermelinda Josefina Rodarte Bahena,Norte,P0061,Batería Portátil 20000,Accesorios,1671.88,4.0,0.18,-5483.77,32
VTA0079578,2022-11-22,11,2022,C03447,Mitzy Hilda Angulo,Centro,Premium,V041,Srita. Nadia Casas,Centro,P0057,Soporte Laptop Adjustable,Accesorios,525.17,3.0,0.19,1276.16,39
VTA0079579,2022-11-14,11,2022,C03336,Rosario Montaño Arredondo,Norte,Ocasional,V046,Hermelinda Josefina Rodarte Bahena,Norte,P0113,Alexa Echo Dot 5,Hogar Inteligente,10591.76,5.0,0.05,50310.86,20
VTA0079580,2022-11-02,11,2022,C01731,Berta Herrera,Oeste,Premiun,V035,Estela Haro,Oeste,P0103,Lente Canon RF 50mm,Fotografía,16259.63,4.0,0.01,64388.13,31
VTA0079581,2022-11-23,11,2022,C02670,Sr. José Luis Frías,Centro,REGULAR,V003,Jacinto Rivero Valladares,Centro,P0041,Bang Olufsen H95,Audio,5654.9,4.0,0.13,19679.05,20
VTA0079582,2022-11-11,11,2022,C04086,Leticia Lucero Mayorga,Oeste,Premium,V040,Karla Silvia Mireles Patiño,Oeste,P0067,iPad Air M1,Tablets,15743.4,5.0,0.02,77142.66,39
VTA0079583,2022-11-13,11,2022,C01769,Flavio Israel Carmona Lomeli,Este,Regular,V006,  Dr. Evelio Murillo  ,Sur,P0050,Cable USB-C 2m,Accesorios,1484.16,3.0,0.06,4185.33,32
VTA0079584,2022-11-17,11,2022,C01253,Andrés Ordóñez Tafoya,Este,Ocasional,V037,Victoria Caridad Concepción,Centro,P0058,Mochila Techpack 30L,Accesorios,855.78,1.0,0.1,-770.2,23
VTA0079585,2022-11-20,11,2022,C02391,Diana María del Carmen Maya Limón,Norte,Ocasional,V015,Joaquín Benavides Meza,Norte,P0066,Samsung Galaxy Tab S9,Tablets,11937.77,4.0,0.08,43930.99,24
VTA0079586,2022-11-19,11,2022,C03838,Hernán Fidel Méndez,Este,Ocasional,V005,Aldo Adán Rodrígez Galarza,Este,P0079,Realme Pad 2,Tablets,9101.43,2.0,0.06,-17110.69,20
VTA0079587,2022-11-01,11,2022,C01408,Catalina Vanesa Anaya,Este,ocasional,V010,Sra. Guadalupe Llamas,Este,P0033,Sony WH-1000XM5,Audio,7582.12,5.0,0.01,37531.49,25
VTA0079588,2022-11-07,11,2022,C03670,Marcos Ricardo Velázquez,Sur,Premium,V026,Ing. Elias Valdivia,Oeste,P0049,Cargador MagSafe 30W,Accesorios,980.97,3.0,0.01,2913.48,37
VTA0079589,2022-11-06,11,2022,C00148,Zoé Sosa Mota,Este,Ocasional,V032,Nelly Barela Cardenas,Este,P0056,Webcam Logitech C920,Accesorios,1969.74,2.0,0.01,3900.09,43
VTA0079590,2022-11-24,11,2022,C04317,Margarita Cruz,Centro,Regular,V031,  Bernabé César Salazar  ,Centro,P0064,Limpiador Pantallas Kit,Accesorios,1296.1,3.0,0.11,3460.59,44
VTA0079591,2022-11-12,11,2022,C00403,María Eugenia Pérez,Norte,Ocasional,V015,Joaquín Benavides Meza,Norte,P0102,GoPro Hero 12,Fotografía,24353.38,5.0,0.19,98631.19,45
VTA0079592,2022-11-22,11,2022,C01878,  Lic. Horacio Bonilla  ,Norte,ocasional,V017,Abraham Apodaca Colunga,Centro,P0010,Huawei Pura 70,Celulares,10362.6,3.0,0.18,25492.0,27
VTA0079593,2022-11-23,11,2022,C03418,Lic. Adriana Quiñónez,Sur,Ocasional,V008,Irene Franco,Sur,P0058,Mochila Techpack 30L,Accesorios,779.26,4.0,0.08,-2867.68,23
VTA0079594,2022-11-09,11,2022,C04900,Sessa Rosario Almaraz,Este,ocasional,V029,Francisco Ballesteros,Norte,P0096,Cooling Noctua NH-D15,Gaming,9946.73,5.0,0.13,43268.28,41
VTA0079595,2022-11-06,11,2022,C04336,Esteban Partida,Sur,premiun,V008,Irene Franco,Sur,P0060,Adaptador HDMI 4K,Accesorios,1094.11,2.0,0.15,1859.99,29
VTA0079596,2022-11-20,11,2022,C02627,Lucas Pelayo Hinojosa,Centro,Premiun,V037,Victoria Caridad Concepción,Centro,P0111,Monitor Portátil 4K,Fotografía,6822.61,2.0,0.17,11325.53,41
VTA0079597,2022-11-28,11,2022,C04658,Rafaél Mena,Centro,Ocasional,V031,  Bernabé César Salazar  ,Centro,P0092,Micrófono Blue Yeti,Gaming,12851.84,3.0,0.19,31229.97,47
VTA0079598,2022-11-06,11,2022,C02017,Ariadna María Luisa Olvera Montero,Oeste,Ocasional,V001,Fernando Casares Jimínez,Oeste,P0119,Enchufe Inteligente TP,Hogar Inteligente,4683.67,5.0,0.18,19203.05,27
VTA0079599,01/11/2022,11,2022,C02401,Emiliano Diego Urías,Sur,Premium,V021,  Cristal Valdés Maya  ,Sur,P0057,Soporte Laptop Adjustable,Accesorios,566.05,5.0,0.09,2575.53,39
VTA0079600,05/11/2022,11,2022,C03414,Srita. Leticia Rico,Sur,Ocasional,V012,Rubén Marco Antonio Orta Ramos,Sur,P0051,Funda iPhone 15 Pro,Accesorios,1263.65,5.0,0.06,5939.16,40
VTA0079601,2022-11-19,11,2022,C04738,Magdalena Lourdes Leyva Crespo,Centro,Ocasional,V017,Abraham Apodaca Colunga,Centro,P0008,OPPO Find X7, Accesorios,23217.11,2.0,0.04,44576.85,26
VTA0079602,2022-11-27,11,2022,C02228,Adán Marín Nájera,Norte,REGULAR,V029,Francisco Ballesteros,Norte,P0105,Tripié Joby GorillaPod,Fotografía,9378.04,4.0,0.18,30759.97,41
VTA0079603,2022-11-01,11,2022,C03517,Lic. Margarita Arriaga,Sur,Regular,V020,Dr. Arturo Angulo,Sur,P0057,Soporte Laptop Adjustable,celulares,481.67,1.0,0.19,390.15,39
VTA0079604,2022-11-02,11,2022,C00320,,Norte,Regular,V043,Homero Esquivel,Norte,P0039,Sennheiser HD 450,Audio,1086.49,4.0,0.14,3737.53,24
VTA0079605,18/11/2022,11,2022,C01411,Dr. Genaro Mercado,Sur,Regular,V024,Bernabé Guerra,Sur,P0063,Pad Mouse XL Gaming,Accesorios,2003.17,1.0,0.01,1983.14,42
VTA0079606,2022-11-26,11,2022,C02924,Srita. Lilia Bustos,Oeste,Premium,V001,Fernando Casares Jimínez,Oeste,P0099,Nikon Z6 III,Fotografía,26074.76,3.0,0.08,71966.34,21
VTA0079607,2022-11-20,11,2022,C02477,Reina Andrea Valles,Norte,Premium,V004,Aurora Zelaya,Norte,P0074,iPad Mini 6,Tablets,20274.82,5.0,0.13,88195.47,31
VTA0079608,2022-11-24,11,2022,C02497,César Urías,Norte,premiun,V040,Karla Silvia Mireles Patiño,Oeste,P0095,SSD Samsung 980 Pro,Gaming,3124.59,5.0,0.12,13748.2,28
VTA0079609,2022-11-20,11,2022,C03565,Diego Bruno Soto Rendón,Oeste,Premium,V030,Gustavo Camilo Ochoa Gamboa,Oeste,P0103,Lente Canon RF 50mm,Fotografía,15635.09,3.0,0.16,39400.43,31
VTA0079610,2022-11-05,11,2022,C04497,Ofelia Nayeli Trujillo,Centro,Premium,V003,Jacinto Rivero Valladares,Centro,P0006,Motorola Edge 50,hogar inteligente,8746.37,5.0,0.09,39795.98,32
VTA0079611,2022-11-12,11,2022,C04928,Gustavo Jesús del Valle Toro,Oeste,Premium,V030,Gustavo Camilo Ochoa Gamboa,Oeste,P0080,Honor Pad 8,Tablets,8520.4,2.0,0.14,14655.09,19
VTA0079612,2022-11-27,11,2022,C03190,Mateo Ceballos Beltrán,Oeste,Regular,V035,Estela Haro,Oeste,P0005,OnePlus 12,Celulares,5649.75,5.0,0.03,27401.29,40
VTA0079613,2022-11-04,11,2022,C03372,Jonás Zamora,Sur,Regular,V025,Manuel Gerónimo Armas,Sur,P0031,Acer Aspire 7,Laptops,8585.19,1.0,0.17,7125.71,38
VTA0079614,2022-11-11,11,2022,C04119,Florencia Carolina Santacruz Montañez,Este,ocasional,V032,Nelly Barela Cardenas,Este,P0104,Flash Godox V1,fotografia,16079.06,1.0,0.14,13827.99,40
VTA0079615,27/11/2022,11,2022,C03903,,Norte,Premium,V043,Homero Esquivel,Norte,P0103,Lente Canon RF 50mm,Fotografía,14461.04,5.0,0.0,72305.2,31
VTA0079616,2022-11-02,11,2022,C03026,Guadalupe González,Centro,Premium,V031,  Bernabé César Salazar  ,Centro,P0055,Teclado Keychron K2,Accesorios,1431.6,3.0,0.14,3693.53,28
VTA0079617,2022-11-16,11,2022,C04635,Sergio Renato Cervantes Chacón,Este,Regular,V032,Nelly Barela Cardenas,Este,P0020,Lenovo ThinkPad X1,Laptops,23831.67,1.0,0.1,21448.5,42
VTA0079618,2022-11-23,11,2022,C02848,Sr. Camilo Olvera,Este,Regular,V010,Sra. Guadalupe Llamas,Este,P0085,Monitor LG 27GP950,Gaming,17117.3,4.0,0.14,-58883.51,43
VTA0079619,2022-11-28,11,2022,C03038,Ing. Roberto Espinoza,Sur,premiun,V012,Rubén Marco Antonio Orta Ramos,Sur,P0101,DJI Mavic 3 Pro,Fotografía,13794.32,,0.15,23450.34,27
VTA0079620,2022-11-06,11,2022,C03648,Srita. Inés Díaz,Oeste,Ocasional,V038,Violeta Itzel Benavídez,Oeste,P0080,Honor Pad 8,Tablets,8813.03,2.0,0.1,15863.45,19
VTA0079621,2022-11-01,11,2022,C02640,José María Guerra,Oeste,Ocasional,V050,José María Gustavo Beltrán,Oeste,P0007,Realme GT5,tablets,18976.29,5.0,0.03,92035.01,39
VTA0079622,2022-11-19,11,2022,C00989,Tomás Saucedo Alemán,Oeste,Premium,V040,Karla Silvia Mireles Patiño,Oeste,P0090,Control Xbox Elite 2,Gaming,29275.42,2.0,0.03,56794.31,40
VTA0079623,2022-11-27,11,2022,C04078,Lic. Inés Pedraza,Sur,Premium,V021,  Cristal Valdés Maya  ,Sur,P0074,iPad Mini 6,Tablets,20288.19,2.0,0.19,32866.87,31
VTA0079624,2022-11-16,11,2022,C01833,Ing. Marcela Verdugo,Este,Ocacional,V049,Ing. María Teresa Bétancourt,Este,P0077,Blackview Tab 16,Tablets,10192.05,3.0,0.14,26295.49,21
VTA0079625,2022-11-27,11,2022,C02490,  Reynaldo Martín Ulloa Prieto  ,Oeste,premiun,V040,Karla Silvia Mireles Patiño,Oeste,P0018,Dell XPS 15,Laptops,38621.56,4.0,0.11,137492.75,40
VTA0079626,2022-11-09,11,2022,C04839,,Norte,Ocasional,V004,Aurora Zelaya,Norte,P0121,Roomba j7 Plus,Hogar Inteligente,7053.93,4.0,0.19,22854.73,38
VTA0079627,2022-11-21,11,2022,C04399,Jorge Salcido,Sur,Regular,V024,Bernabé Guerra,Sur,P0058,Mochila Techpack 30L,Accesorios,835.47,3.0,0.02,2456.28,23
VTA0079628,2022-11-28,11,2022,C03656,  Ing. Andrés Carvajal  ,Norte,Premiun,V039,Sr. Modesto Guillen,Oeste,P0122,Aspiradora Dyson V15,Hogar Inteligente,2915.61,4.0,0.08,10729.44,28
VTA0079629,08/11/2022,11,2022,C04150,Micaela Cristal Saucedo Alva,Norte,Premium,V043,Homero Esquivel,Norte,P0111,Monitor Portátil 4K,Fotografía,6109.87,3.0,0.06,17229.83,41
VTA0079630,2022-11-26,11,2022,C02980,Gerónimo Ceballos,Oeste,Premium,V050,José María Gustavo Beltrán,Oeste,P0043,Sony WF-1000XM5,Audio,4598.81,3.0,0.12,12140.86,25
VTA0079631,2022-11-08,11,2022,C02315,Dulce María Wendolin Lomeli,Centro,Regular,V017,Abraham Apodaca Colunga,Centro,P0053,Hub USB-C 7en1,Accesorios,440.88,2.0,0.19,714.23,20
VTA0079632,2022-11-02,11,2022,C01978,Lic. Adriana Gómez,Oeste,Regular,V001,Fernando Casares Jimínez,Oeste,P0048,Skullcandy Crusher,Audio,3799.41,1.0,0.18,3115.52,44
VTA0079633,13/11/2022,11,2022,C00471,Mateo Viera,Este,Ocasional,V005,Aldo Adán Rodrígez Galarza,Este,P0002,Samsung Galaxy S24,Celulares,8716.68,2.0,0.1,15690.02,19
VTA0079634,2022-11-17,11,2022,C04315,Amalia Téllez Cervantes,Este,Premium,V005,Aldo Adán Rodrígez Galarza,Este,P0117,Cámara Nest Doorbell,Hogar Inteligente,11030.42,1.0,0.06,10368.59,34
VTA0079635,2022-11-02,11,2022,C04266,Sr. Abraham Olivas,Sur,Premium,V036,  Dr. Ignacio Aparicio  ,Sur,P0079,Realme Pad 2,Tablets,8532.14,4.0,0.07,31739.56,20
VTA0079636,2022-11-02,11,2022,C04306,Reina Reyna Quezada,Centro,Premium,V048,Ivonne Véliz,Centro,P0075,Samsung Galaxy Tab A9,Tablets,17894.7,4.0,0.16,60126.19,35
VTA0079637,2022-11-16,11,2022,C00346,Ing. Pablo Pichardo,Oeste,Premium,V038,Violeta Itzel Benavídez,Oeste,P0010,Huawei Pura 70,Celulares,10633.8,4.0,0.09,38707.03,27
VTA0079638,2022-11-30,11,2022,C04578,Rodolfo Óliver Velázquez,Sur,Premium,V036,  Dr. Ignacio Aparicio  ,Sur,P0122,Aspiradora Dyson V15,Hogar Inteligente,3004.88,2.0,0.08,5528.98,28
VTA0079639,2022-11-01,11,2022,C03847,Andrea Cristal Longoria Lomeli,Centro,Regular,V044,Julia Esther Solorio,Centro,P0056,Webcam Logitech C920,Accesorios,1674.09,3.0,0.07,4670.71,43
VTA0079640,03/11/2022,11,2022,C03485,Ricardo Lovato Laboy,Norte,Ocasional,V040,Karla Silvia Mireles Patiño,Oeste,P0091,Capturadora Elgato 4K,Gaming,1650.72,4.0,0.14,5678.48,25
VTA0079641,30/11/2022,11,2022,C01236,Manuel Marcos Pantoja,Oeste,Ocasional,V022,Bernardo Lemus Caballero,Oeste,P0098,Sony Alpha 7 IV,Fotografía,20720.41,5.0,0.19,83917.66,34
VTA0079642,2022-11-09,11,2022,C03520,Sr. Zacarías Carrera,Este,Premium,V005,Aldo Adán Rodrígez Galarza,Este,P0108,Batería Canon LP-E6,Fotografía,16145.65,2.0,0.17,26801.78,32
VTA0079643,03/11/2022,11,2022,C04123,Modesto Gabino Villarreal Farías,Centro,Regular,V041,Srita. Nadia Casas,Centro,P0045,Marshall Emberton III,Audio,8042.48,4.0,0.08,29596.33,22
VTA0079644,2022-11-10,11,2022,C02697,Nancy Partida,Oeste,premiun,V030,Gustavo Camilo Ochoa Gamboa,Oeste,P0016,Tecno Spark 20,Celulares,14176.19,3.0,0.03,41252.71,20
VTA0079645,2022-11-30,11,2022,C04887,Yolanda Becerra,Norte,Ocasional,V043,Homero Esquivel,Norte,P0111,Monitor Portátil 4K,Fotografía,6754.24,4.0,0.18,22153.91,41
VTA0079646,2022-11-13,11,2022,C01016,Israel José María Oquendo Nazario,Norte,Ocasional,V046,Hermelinda Josefina Rodarte Bahena,Norte,P0111,Monitor Portátil 4K,Fotografía,7077.38,2.0,0.01,14013.21,41
VTA0079647,2022-11-25,11,2022,C02115,Cristian Emiliano Quiñones Moya,Sur,Premiun,V036,  Dr. Ignacio Aparicio  ,Sur,P0027,MacBook Air M2,Laptops,39512.84,4.0,0.18,-129602.12,24
VTA0079648,2022-11-09,11,2022,C04533,  Serafín Puente Montemayor  ,Sur,Regular,V036,  Dr. Ignacio Aparicio  ,Sur,P0121,Roomba j7 Plus,Hogar Inteligente,6164.19,4.0,0.11,21944.52,38
VTA0079649,2022-11-28,11,2022,C00681,Lic. Antonio Portillo,Centro,Ocasional,V048,Ivonne Véliz,Centro,P0031,Acer Aspire 7,Laptops,8202.61,2.0,0.05,15584.96,38
VTA0079650,2022-11-26,11,2022,C03571,Patricio Pizarro Cruz,Norte,Premium,V004,Aurora Zelaya,Norte,P0012,Samsung A55,Celulares,21968.83,5.0,0.16,92269.09,36
VTA0079651,2022-11-13,11,2022,C03003,Jaqueline Benavídez,Sur,premiun,V024,Bernabé Guerra,Sur,P0039,Sennheiser HD 450,Audio,1015.08,4.0,0.11,3613.68,24
VTA0079652,2022-11-16,11,2022,C02048,Dra. Rocío Narváez,Este,Regular,V049,Ing. María Teresa Bétancourt,Este,P0063,Pad Mouse XL Gaming,Accesorios,1824.6,4.0,0.19,-5911.7,42
VTA0079653,01/11/2022,11,2022,C01834,Zoé Gloria Mares,Sur,Ocasional,V027,Claudio Andrés Gómez Sosa,Sur,P0096,Cooling Noctua NH-D15,Gaming,9226.91,4.0,0.18,30264.26,41
VTA0079654,2022-11-07,11,2022,C02264,Natalia Adriana Navarro Martínez,Sur,Premium,V034,Rufino Rivera,Sur,P0078,Chuwi HiPad X,Tablets,12960.7,2.0,0.17,21514.76,20
VTA0079655,2022-11-14,11,2022,C04658,Rafaél Mena,Centro,Ocasional,V037,Victoria Caridad Concepción,Centro,P0003,Xiaomi 14 Pro,audio ,24591.7,5.0,0.19,99596.38,36
VTA0079656,13/11/2022,11,2022,C01793,Dulce Galindo Gil,Sur,Ocasional,V011,Clara Loera,Este,P0048,Skullcandy Crusher,Audio,3552.61,4.0,0.16,11936.77,44
VTA0079657,2022-11-05,11,2022,C04438,Cristobal Limón,Norte,Premium,V006,  Dr. Evelio Murillo  ,Sur,P0007,Realme GT5,Celulares,17894.52,1.0,0.09,16284.01,39
VTA0079658,2022-11-05,11,2022,C03547,Abril Montero,Este,REGULAR,V010,Sra. Guadalupe Llamas,Este,P0089,Mouse Logitech G Pro X,Gaming,7397.26,2.0,0.17,12279.45,45
VTA0079659,2022-11-15,11,2022,C02247,Porfirio Riojas,Norte,Premiun,V042,  Srita. Sandra Escamilla  ,Norte,P0128,Panel Solar Portátil,Hogar Inteligente,3554.06,5.0,0.2,14216.24,39
VTA0079660,2022-11-18,11,2022,C03458,Jonás de Anda Vásquez,Centro,Premium,V031,  Bernabé César Salazar  ,Centro,P0053,Hub USB-C 7en1,Accesorios,447.95,2.0,0.13,779.43,20
VTA0079661,2022-11-01,11,2022,C01018,Dr. Julio César Portillo,Norte,Ocasional,V029,Francisco Ballesteros,Norte,P0066,Samsung Galaxy Tab S9,Tablets,12408.48,5.0,0.05,58940.28,24
VTA0079662,2022-11-26,11,2022,C01309,Germán Sotelo,Oeste,Regular,V038,Violeta Itzel Benavídez,Oeste,P0015,Nokia G42,Celulares,21281.42,4.0,0.0,85125.68,26
VTA0079663,2022-11-09,11,2022,C04887,Yolanda Becerra,Norte,Ocacional,V046,Hermelinda Josefina Rodarte Bahena,Norte,P0079,Realme Pad 2,Tablets,9015.91,3.0,0.2,21638.18,20
VTA0079664,2022-11-04,11,2022,C00308,Ing. Iván Franco,Este,Premium,V032,Nelly Barela Cardenas,Este,P0094,RAM Corsair 32GB,Gaming,17575.9,2.0,0.15,29879.03,26
VTA0079665,2022-11-07,11,2022,C00548,Hugo Covarrubias,Este,Premium,V031,  Bernabé César Salazar  ,Centro,P0009,Sony Xperia 1 VI,Celulares,22518.24,4.0,0.12,79264.2,24
VTA0079666,07/11/2022,11,2022,C02052,Aurora Sandra Manzanares Salinas,Sur,Ocasional,V027,Claudio Andrés Gómez Sosa,Sur,P0124,Sensor Movimiento Aqara,Hogar Inteligente,6980.07,5.0,0.0,34900.35,35
VTA0079667,16/11/2022,11,2022,C03720,José Luis Eduardo Raya Bétancourt,Sur,Regular,V027,Claudio Andrés Gómez Sosa,Sur,P0113,Alexa Echo Dot 5,Hogar Inteligente,11980.56,3.0,0.04,34504.01,20
VTA0079668,2022-11-14,11,2022,C03670,Marcos Ricardo Velázquez,Sur,Premium,V023,Fidel Negrete Domínguez,Sur,P0056,Webcam Logitech C920,Accesorios,2030.95,5.0,0.03,9850.11,43
VTA0079669,2022-11-05,11,2022,C01619,Lic. Ricardo Candelaria,Centro,Premium,V037,Victoria Caridad Concepción,Centro,P0104,Flash Godox V1,Fotografía,14307.94,5.0,0.07,-66531.92,40
VTA0079670,2022-11-20,11,2022,C00251,Dr. Joaquín Castillo,Centro,ocasional,V025,Manuel Gerónimo Armas,Sur,P0022,Acer Swift 5,Laptops,32088.8,5.0,0.11,142795.16,41
VTA0079671,2022-11-30,11,2022,C01668,Amanda Soria Flores,Este,Regular,V011,Clara Loera,Este,P0106,Mochila Lowepro Pro,Fotografía,18575.32,2.0,0.08,34178.59,40
VTA0079672,2022-11-13,11,2022,C03045,Ing. Silvano Vázquez,Oeste,Ocacional,V001,Fernando Casares Jimínez,Oeste,P0057,Soporte Laptop Adjustable,Accesorios,525.24,4.0,0.03,2037.93,39
VTA0079673,2022-11-16,11,2022,C04957,Salvador René Moreno Barreto,Sur,Premium,V013,Alvaro Gaona Ocasio,Sur,P0128,Panel Solar Portátil,Hogar Inteligente,4033.38,5.0,0.02,19763.56,39
VTA0079674,2022-11-29,11,2022,C01934,María del Carmen Meza,Oeste,Ocacional,V022,Bernardo Lemus Caballero,Oeste,P0060,Adaptador HDMI 4K,Accesorios,1012.45,4.0,0.13,3523.33,29
VTA0079675,02/11/2022,11,2022,C00184,  Perla Soledad Gastélum  ,Centro,Premium,V033,Jaime Gamez Maldonado,Centro,P0018,Dell XPS 15,Laptops,36449.2,3.0,0.16,91851.98,40
VTA0079676,2022-11-12,11,2022,C02732,Ing. Yuridia Badillo,Sur,Regular,V012,Rubén Marco Antonio Orta Ramos,Sur,P0031,Acer Aspire 7,Laptops,7919.28,1.0,0.13,6889.77,38
VTA0079677,2022-11-09,11,2022,C02328,Lic. Carolina Orosco,Oeste,Ocasional,V026,Ing. Elias Valdivia,Oeste,P0019,HP Spectre x360,Laptops,35035.99,5.0,0.05,166420.95,26
VTA0079678,2022-11-27,11,2022,C00836,,Sur,Regular,V023,Fidel Negrete Domínguez,Sur,P0020,Lenovo ThinkPad X1,Laptops,23061.15,3.0,0.14,-59497.77,42
VTA0079679,2022-11-12,11,2022,C01312,Carolina Carreón,Norte,Ocasional,V004,Aurora Zelaya,Norte,P0067,iPad Air M1,Tablets,15784.92,3.0,0.1,42619.28,39
VTA0079680,16/11/2022,11,2022,C02050,Socorro Margarita Reyna,Centro,Premium,V044,Julia Esther Solorio,Centro,P0037,JBL Charge 5,Audio,7269.54,1.0,0.11,6469.89,21
VTA0079681,2022-11-22,11,2022,C02675,Asunción Caridad Parra Amaya,Oeste,Ocasional,V047,  Estela Bianca Melgar Arias  ,Oeste,P0052,Protector Pantalla S24,Accesorios,1178.12,1.0,0.1,1060.31,31
VTA0079682,2022-11-28,11,2022,C02906,Óliver Abel Chavarría de la Crúz,Este,Premium,V032,Nelly Barela Cardenas,Este,P0086,Silla Gamer DXRacer,Gaming,20327.74,3.0,0.15,51835.74,26
VTA0079683,2022-11-03,11,2022,C04771,Hugo Palomo Ramírez,Norte,REGULAR,V002,Nelly Marrero Ortiz,Norte,P0090,Control Xbox Elite 2,Gaming,24858.58,5.0,0.05,118078.26,40
VTA0079684,2022-11-12,11,2022,C04906,Felix Luis Manuel Mota Lovato,Centro,Premium,V003,Jacinto Rivero Valladares,Centro,P0067,iPad Air M1,Tablets,14766.86,1.0,0.07,13733.18,39
VTA0079685,2022-11-08,11,2022,C04461,María del Carmen Alicia Canales,Norte,Premium,V029,Francisco Ballesteros,Norte,P0034,AirPods Pro 2,Audio,1320.93,1.0,0.17,1096.37,27
VTA0079686,2022-11-02,11,2022,C01588,Jacobo Treviño,Norte,Ocasional,V004,Aurora Zelaya,Norte,P0066,Samsung Galaxy Tab S9,Tablets,14044.17,3.0,0.18,34548.66,24
VTA0079687,2022-11-09,11,2022,C02481,,Sur,Premium,V018,Lic. Gilberto Castellanos,Sur,P0055,Teclado Keychron K2,Accesorios,1441.06,5.0,0.08,6628.88,28
VTA0079688,22/11/2022,11,2022,C00033,Gerardo Bernardo Camarillo Bustamante,Oeste,Ocasional,V035,Estela Haro,Oeste,P0096,Cooling Noctua NH-D15,Gaming,9632.1,1.0,0.08,8861.53,41
VTA0079689,28/11/2022,11,2022,C04396,Liliana Villareal,Sur,Ocasional,V019,Jacinto Rodrigo Salazar Rolón,Sur,P0088,Teclado Razer Huntsman,Gaming,23316.39,2.0,0.11,41503.17,44
VTA0079690,22/11/2022,11,2022,C02638,  Laura Ivonne de la Torre Heredia  ,Este,Regular,V001,Fernando Casares Jimínez,Oeste,P0009,Sony Xperia 1 VI,Celulares,25311.84,5.0,0.05,120231.24,24
VTA0079691,2022-11-26,11,2022,C02644,Manuel Caballero Verduzco,Este,premiun,V049,Ing. María Teresa Bétancourt,Este,P0122,Aspiradora Dyson V15,Hogar Inteligente,2896.53,2.0,0.05,5503.41,28
VTA0079692,2022-11-18,11,2022,C02963,Arturo Romero,Norte,premiun,V045,Marisela Vanesa Chapa Aranda,Norte,P0112,Estabilizador DJI OM6,Fotografía,14814.66,3.0,0.03,43110.66,33
VTA0079693,24/11/2022,11,2022,C03870,  Homero Berríos  ,Oeste,Premium,V038,Violeta Itzel Benavídez,Oeste,P0105,Tripié Joby GorillaPod,Fotografía,9049.49,1.0,0.13,7873.06,41
VTA0079694,2022-11-25,11,2022,C00241,Caridad Ibarra,Norte,Premiun,V043,Homero Esquivel,Norte,P0047,Bose SoundLink,Audio,3859.32,2.0,0.14,6638.03,44
VTA0079695,2022-11-03,11,2022,C01875,  Ilse Luz Guerrero  ,Centro,Ocacional,V028,Sofía Delia Gurule Cantú,Centro,P0079,Realme Pad 2,Tablets,8304.47,4.0,0.06,31224.81,20
VTA0079696,2022-11-06,11,2022,C01419,Frida Perea Collado,Centro,Ocasional,V028,Sofía Delia Gurule Cantú,Centro,P0023,Microsoft Surface Pro 9,Laptops,31569.34,4.0,0.11,112386.85,27
VTA0079697,21/11/2022,11,2022,C02383,Dra. Pilar Espinosa,Oeste,Premium,V007,Conchita Leticia Gastélum Corral,Oeste,P0004,Google Pixel 8,Celulares,5349.8,4.0,0.17,17761.34,34
VTA0079698,06/11/2022,11,2022,C01360,José Eduardo Germán Nazario Tamayo,Norte,premiun,V009,Amanda María José Bravo,Norte,P0010,Huawei Pura 70,Celulares,9382.14,3.0,0.18,23080.06,27
VTA0079699,2022-11-04,11,2022,C02693,Catalina Silvia Longoria,Norte,Ocasional,V029,Francisco Ballesteros,Norte,P0084,Steam Deck 512GB,Gaming,11757.37,1.0,0.04,11287.08,26
VTA0079700,2022-11-09,11,2022,C00279,Rosario Nadia Jaime Barragán,Oeste,Premium,V035,Estela Haro,Oeste,P0082,Xbox Series X,Gaming,10957.85,1.0,0.01,10848.27,30
VTA0079701,2022-11-23,11,2022,C02432,Elisa Catalina Segura,Norte,Ocasional,V016,Octavio Mario Rincón Marín,Norte,P0067,iPad Air M1,Tablets,15207.82,1.0,0.15,12926.65,39
VTA0079702,2022-11-18,11,2022,C02163,  Luis Manuel Ramón Soto Guerra  ,Norte,Premiun,V015,Joaquín Benavides Meza,Norte,P0068,Lenovo Tab P12,Tablets,14659.25,1.0,0.1,13193.32,21
VTA0079703,2022-11-30,11,2022,C01442,Dr. Ignacio Gutiérrez,Sur,Premiun,V012,Rubén Marco Antonio Orta Ramos,Sur,P0003,Xiaomi 14 Pro,Celulares,22969.74,3.0,0.18,56505.56,36
VTA0079704,2022-11-21,11,2022,C02654,Cornelio Germán Canales Ruiz,Centro,Regular,V044,Julia Esther Solorio,Centro,P0090,Control Xbox Elite 2,Gaming,24875.04,3.0,0.1,67162.61,40
VTA0079705,2022-11-25,11,2022,C04971,Carlos Saucedo,Norte,Regular,V041,Srita. Nadia Casas,Centro,P0006,Motorola Edge 50,Celulares,8037.19,2.0,0.08,14788.43,32
VTA0079706,2022-11-09,11,2022,C01147,Ing. Eva Montero,Oeste,premiun,V007,Conchita Leticia Gastélum Corral,Oeste,P0051,Funda iPhone 15 Pro,Accesorios,1203.3,5.0,0.15,5114.02,40
VTA0079707,2022-11-28,11,2022,C01102,José Manuél Mauricio Cortés de la Crúz,Este,Regular,V030,Gustavo Camilo Ochoa Gamboa,Oeste,P0113,Alexa Echo Dot 5,Hogar Inteligente,10177.44,3.0,0.05,29005.7,20
VTA0079708,07/11/2022,11,2022,C03702,  Salvador Leonel Cadena  ,Norte,Ocasional,V015,Joaquín Benavides Meza,Norte,P0085,Monitor LG 27GP950,Gaming,17463.49,3.0,0.14,45055.8,43
VTA0079709,2022-11-18,11,2022,C04601,Homero Felix Valdivia Zamudio,Oeste,premiun,V025,Manuel Gerónimo Armas,Sur,P0017,MacBook Pro M3,Laptops,13588.7,3.0,0.1,36689.49,43
VTA0079710,2022-11-07,11,2022,C00892,Lic. Jaqueline Narváez,Sur,Ocasional,V003,Jacinto Rivero Valladares,Centro,P0093,GPU RTX 4070 Ti,Gaming,27130.64,2.0,0.16,45579.48,29
VTA0079711,26/11/2022,11,2022,C03310,Inés Patricia Prado Polanco,Sur,Regular,V006,  Dr. Evelio Murillo  ,Sur,P0088,Teclado Razer Huntsman,Gaming,24339.57,1.0,0.1,21905.61,44
VTA0079712,2022-11-05,11,2022,C00393,Olivia Lorena Marín Espinal,Oeste,Regular,V026,Ing. Elias Valdivia,Oeste,P0106,Mochila Lowepro Pro,Fotografía,15344.76,5.0,0.07,71353.13,40
VTA0079713,2022-11-30,11,2022,C00533,Gonzalo Armando Polanco,Sur,REGULAR,V025,Manuel Gerónimo Armas,Sur,P0085,Monitor LG 27GP950,Gaming,17923.51,5.0,0.16,75278.74,43
VTA0079714,25/11/2022,11,2022,C04354,Dra. Helena Vázquez,Norte,Regular,V029,Francisco Ballesteros,Norte,P0123,Cerradura Yale Smart,Hogar Inteligente,9095.21,3.0,0.18,22374.22,29
VTA0079715,2022-11-22,11,2022,C02972,,Norte,ocasional,V016,Octavio Mario Rincón Marín,Norte,P0084,Steam Deck 512GB,Gaming,10989.08,5.0,0.04,52747.58,26
VTA0079716,2022-11-19,11,2022,C02020,Paulina Raquel Ávalos Portillo,Oeste,Premium,V014,Ofelia Miriam Negrón,Oeste,P0035,Bose QC45,Audio,2593.34,4.0,0.1,9336.02,19
VTA0079717,2022-11-08,11,2022,C02550,Jacobo Esteban Aparicio,Este,Ocasional,V049,Ing. María Teresa Bétancourt,Este,P0028,Dell Inspiron 15,Laptops,26682.43,2.0,0.01,52831.21,37
VTA0079718,12/11/2022,11,2022,C03860,José María Arriaga Dueñas,Norte,Premiun,V045,Marisela Vanesa Chapa Aranda,Norte,P0018,Dell XPS 15,Laptops,34917.36,1.0,0.07,32473.14,40
VTA0079719,2022-11-09,11,2022,C02258,Elvira Rendón,Norte,Premium,V042,  Srita. Sandra Escamilla  ,Norte,P0017,MacBook Pro M3,LAPTOPS,13982.65,1.0,0.1,12584.38,43
VTA0079720,2022-11-28,11,2022,C04954,  Esther Cecilia Lozada  ,Centro,Premium,V048,Ivonne Véliz,Centro,P0020,Lenovo ThinkPad X1,hogar inteligente,21793.89,2.0,0.02,42716.02,42
VTA0079721,2022-11-18,11,2022,C02801,Margarita Perla Pabón,Oeste,Regular,V047,  Estela Bianca Melgar Arias  ,Oeste,P0006,Motorola Edge 50,Celulares,8677.55,2.0,0.04,16660.9,32
VTA0079722,2022-11-02,11,2022,C01405,Omar Verduzco,Norte,Ocasional,V046,Hermelinda Josefina Rodarte Bahena,Norte,P0060,Adaptador HDMI 4K,Accesorios,942.4,5.0,0.14,4052.32,29
VTA0079723,2022-11-01,11,2022,C04024,Sandra Alejandra Crespo Pérez,Norte,Regular,V029,Francisco Ballesteros,Norte,P0065,iPad Pro M2 12.9,Tablets,6881.75,2.0,0.08,12662.42,21
VTA0079724,07/11/2022,11,2022,C04422,Sr. Jos Carrasco,Oeste,Premium,V050,José María Gustavo Beltrán,Oeste,P0051,Funda iPhone 15 Pro,fotografia,1250.62,1.0,0.05,1188.09,40
VTA0079725,2022-11-18,11,2022,C00905,Ing. Antonio Galindo,Oeste,REGULAR,V038,Violeta Itzel Benavídez,Oeste,P0102,GoPro Hero 12,Fotografía,27578.89,,0.18,22614.69,45
VTA0079726,2022-11-01,11,2022,C00593,Pablo Ramón Barela Guerrero,Este,Regular,V005,Aldo Adán Rodrígez Galarza,Este,P0099,Nikon Z6 III,Fotografía,28870.4,2.0,0.16,48502.27,21
VTA0079727,2022-11-22,11,2022,C00060,Amelia Flores,Oeste,Premium,V001,Fernando Casares Jimínez,Oeste,P0072,Huawei MatePad Pro,Tablets,18614.92,2.0,0.09,33879.15,43
VTA0079728,2022-11-08,11,2022,C04743,  Marcela Ofelia Tafoya Girón  ,Norte,Regular,V043,Homero Esquivel,Norte,P0039,Sennheiser HD 450,Audio,982.87,4.0,0.14,3381.07,24
VTA0079729,16/11/2022,11,2022,C01497,  Diana Concepción Perea Guerra  ,Centro,Ocacional,V028,Sofía Delia Gurule Cantú,Centro,P0070,Amazon Fire HD 10,Tablets,17794.74,4.0,0.06,66908.22,33
VTA0079730,2022-11-19,11,2022,C02213,María del Carmen Alarcón,Sur,Ocasional,V023,Fidel Negrete Domínguez,Sur,P0054,Mouse Logitech MX Master,Accesorios,1442.04,2.0,0.18,2364.95,25
VTA0079731,2022-11-30,11,2022,C04348,Alonso Galindo,Este,Premium,V005,Aldo Adán Rodrígez Galarza,Este,P0050,Cable USB-C 2m,Accesorios,1589.02,5.0,0.05,7547.84,32
VTA0079732,2022-11-24,11,2022,C04298,Esparta Débora Huerta Garibay,Centro,Regular,V031,  Bernabé César Salazar  ,Centro,P0075,Samsung Galaxy Tab A9,Tablets,18899.13,4.0,0.06,71060.73,35
VTA0079733,2022-11-30,11,2022,C04323,Fernando Vargas Orellana,Centro,Regular,V048,Ivonne Véliz,Centro,P0092,Micrófono Blue Yeti,Gaming,12168.25,4.0,0.02,47699.54,47
VTA0079734,24/11/2022,11,2022,C02934,Lic. Darío Vázquez,Sur,Ocasional,V025,Manuel Gerónimo Armas,Sur,P0065,iPad Pro M2 12.9,audio ,7787.49,1.0,0.1,7008.74,21
VTA0079735,2022-11-15,11,2022,C02948,Ing. Yuridia Hernández,Centro,REGULAR,V046,Hermelinda Josefina Rodarte Bahena,Norte,P0106,Mochila Lowepro Pro,Fotografía,15992.1,1.0,0.08,14712.73,40
VTA0079736,22/11/2022,11,2022,C04492,José Mariano Peña,Sur,Regular,V021,  Cristal Valdés Maya  ,Sur,P0103,Lente Canon RF 50mm,Fotografía,13373.89,2.0,0.13,23270.57,31
VTA0079737,2022-11-17,11,2022,C02293,Raquel Salma Berríos Nájera,Centro,Regular,V033,Jaime Gamez Maldonado,Centro,P0006,Motorola Edge 50,Celulares,9172.21,2.0,0.09,16693.42,32
VTA0079738,2022-11-29,11,2022,C01356,Emiliano Hernádez,Centro,Regular,V050,José María Gustavo Beltrán,Oeste,P0109,Filtro ND Variable,Fotografía,3547.58,2.0,0.18,5818.03,30
VTA0079739,2022-11-13,11,2022,C01509,Carmen Lourdes Casanova,Este,Ocasional,V049,Ing. María Teresa Bétancourt,Este,P0128,Panel Solar Portátil,Hogar Inteligente,4150.19,4.0,0.2,13280.61,39
VTA0079740,2022-11-23,11,2022,C04212,Estela Luisa Quiñónez,Sur,Regular,V025,Manuel Gerónimo Armas,Sur,P0116,Foco Philips Hue,Hogar Inteligente,4185.94,2.0,0.2,6697.5,44
VTA0079741,2022-11-06,11,2022,C00610,Srita. Elvira Razo,Oeste,Premium,V001,Fernando Casares Jimínez,Oeste,P0076,TCL Tab 10,Tablets,17753.12,2.0,0.16,29825.24,24
VTA0079742,2022-11-01,11,2022,C01870,Lic. María del Carmen Arellano,Sur,Ocasional,V023,Fidel Negrete Domínguez,Sur,P0122,Aspiradora Dyson V15,celulares,2957.93,3.0,0.15,7542.72,28
VTA0079743,2022-11-11,11,2022,C03617,Yuridia Esther Segovia Vaca,Oeste,Ocasional,V026,Ing. Elias Valdivia,Oeste,P0046,JBL Flip 6,Audio,2327.47,1.0,0.06,2187.82,40
VTA0079744,2022-11-19,11,2022,C04076,Raúl Cristian Vanegas,Oeste,Premium,V047,  Estela Bianca Melgar Arias  ,Oeste,P0029,HP Pavilion 15,Laptops,8243.84,3.0,0.12,21763.74,24
VTA0079745,2022-11-15,11,2022,C03857,Renato Castañeda,Centro,Premium,V017,Abraham Apodaca Colunga,Centro,P0038,Beats Studio Pro,Audio,2269.64,3.0,0.05,6468.47,39
VTA0079746,2022-11-28,11,2022,C03472,José Carlos Daniel Guajardo,Sur,Ocacional,V013,Alvaro Gaona Ocasio,Sur,P0052,Protector Pantalla S24,Accesorios,1073.44,1.0,0.02,1051.97,31
VTA0079747,2022-11-23,11,2022,C02211,,Este,Regular,V049,Ing. María Teresa Bétancourt,Este,P0102,GoPro Hero 12,Fotografía,25070.29,2.0,0.12,-44123.71,45
VTA0079748,2022-11-05,11,2022,C00551,Óscar Santiago Cedillo,Sur,Premium,V024,Bernabé Guerra,Sur,P0113,Alexa Echo Dot 5,Hogar Inteligente,11683.82,3.0,0.13,30494.77,20
VTA0079749,2022-11-09,11,2022,C04671,Israel Emiliano Reyes,Sur,Premium,V006,  Dr. Evelio Murillo  ,Sur,P0092,Micrófono Blue Yeti,celulares,14271.76,2.0,0.02,27972.65,47
VTA0079750,03/11/2022,11,2022,C02448,Daniela Arredondo Luevano,Centro,Premium,V028,Sofía Delia Gurule Cantú,Centro,P0047,Bose SoundLink,Audio,4081.77,4.0,0.02,16000.54,44
VTA0079751,2022-11-28,11,2022,C02622,Gerardo Valdés,Sur,Regular,V034,Rufino Rivera,Sur,P0074,iPad Mini 6,Tablets,19241.82,3.0,0.09,52530.17,31
VTA0079752,2022-11-25,11,2022,C02180,Rosa Garrido,Norte,Premium,V002,Nelly Marrero Ortiz,Norte,P0043,Sony WF-1000XM5,Audio,4209.57,3.0,0.02,12376.14,25
VTA0079753,2022-11-04,11,2022,C02745,Sr. Flavio Arce,Este,Regular,V032,Nelly Barela Cardenas,Este,P0063,Pad Mouse XL Gaming,Accesorios,2008.43,5.0,0.11,8937.51,42
VTA0079754,02/11/2022,11,2022,C02924,Srita. Lilia Bustos,Oeste,Premium,V038,Violeta Itzel Benavídez,Oeste,P0100,Fujifilm X-T5,Fotografía,14890.79,5.0,0.08,68497.63,42
VTA0079755,2022-11-22,11,2022,C02859,Estela Alta  Gracia Rincón Urías,Este,Regular,V032,Nelly Barela Cardenas,Este,P0045,Marshall Emberton III,Audio,7751.35,2.0,0.11,13797.4,22
VTA0079756,2022-11-09,11,2022,C04460,  Modesto Martín Abrego Acevedo  ,Sur,Ocasional,V025,Manuel Gerónimo Armas,Sur,P0126,Proyector BenQ 4K,LAPTOPS,7789.05,3.0,0.19,18927.39,35
VTA0079757,2022-11-20,11,2022,C01866,Francisco Javier Eloy Peña Nieves,Oeste,Premium,V050,José María Gustavo Beltrán,Oeste,P0108,Batería Canon LP-E6,Fotografía,15600.67,,0.12,41185.77,32
VTA0079758,2022-11-24,11,2022,C00691,María Alvarez,Sur,Premium,V036,  Dr. Ignacio Aparicio  ,Sur,P0031,Acer Aspire 7,Laptops,8187.02,1.0,0.1,7368.32,38
VTA0079759,2022-11-28,11,2022,C02692,Adalberto Mojica Carrasco,Sur,Ocasional,V021,  Cristal Valdés Maya  ,Sur,P0057,Soporte Laptop Adjustable,Accesorios,489.54,2.0,0.04,939.92,39
VTA0079760,2022-11-14,11,2022,C03366,  Cristal Rentería  ,Sur,Ocacional,V018,Lic. Gilberto Castellanos,Sur,P0058,Mochila Techpack 30L,fotografia,761.5,1.0,0.19,616.82,23
VTA0079761,2022-11-09,11,2022,C02198,Elias Quintero,Norte,Regular,V009,Amanda María José Bravo,Norte,P0065,iPad Pro M2 12.9,Tablets,8010.08,4.0,0.17,26593.47,21
VTA0079762,2022-11-15,11,2022,C00665,Lic. Francisca Pabón,Centro,Ocacional,V044,Julia Esther Solorio,Centro,P0062,Reloj Smartwatch Band,Accesorios,1387.69,1.0,0.01,1373.81,38
VTA0079763,2022-11-28,11,2022,C03401,Isaac Lugo,Norte,Premium,V009,Amanda María José Bravo,Norte,P0110,Reflector 5en1 80cm,Fotografía,16314.42,5.0,0.01,80756.38,26
VTA0079764,2022-11-25,11,2022,C01382,Dalia Vela,Norte,Regular,V046,Hermelinda Josefina Rodarte Bahena,Norte,P0031,Acer Aspire 7,Laptops,9155.99,4.0,0.08,33694.04,38
VTA0079765,2022-11-01,11,2022,C03668,Homero Ávila,Centro,Regular,V048,Ivonne Véliz,Centro,P0056,Webcam Logitech C920,Accesorios,1786.77,3.0,0.16,4502.66,43
VTA0079766,04/11/2022,11,2022,C03062,Esmeralda Velásquez Urías,Centro,Ocasional,V044,Julia Esther Solorio,Centro,P0042,Audio Technica ATH,Audio,6161.81,3.0,0.1,16636.89,31
VTA0079767,2022-11-20,11,2022,C00398,Aldo Julio César Cortés,Sur,Ocasional,V012,Rubén Marco Antonio Orta Ramos,Sur,P0128,Panel Solar Portátil,Hogar Inteligente,4109.74,1.0,0.15,3493.28,39
VTA0079768,2022-11-29,11,2022,C02203,Natalia María Luisa García,Centro,Regular,V039,Sr. Modesto Guillen,Oeste,P0122,Aspiradora Dyson V15,fotografia,2888.89,2.0,0.06,5431.11,28
VTA0079769,2022-11-02,11,2022,C00603,Rodrigo Wilfrido Castro Vigil,Este,Regular,V032,Nelly Barela Cardenas,Este,P0092,Micrófono Blue Yeti,Gaming,14755.64,5.0,0.01,73040.42,47
VTA0079770,2022-11-14,11,2022,C02955,Soledad Acevedo Barrientos,Este,Premium,V049,Ing. María Teresa Bétancourt,Este,P0047,Bose SoundLink,Audio,3936.96,3.0,0.16,9921.14,44
VTA0079771,2022-11-18,11,2022,C01985,  Concepción Anabel Pabón Cortez  ,Centro,Ocasional,V028,Sofía Delia Gurule Cantú,Centro,P0059,Audífonos USB-C,Accesorios,1398.51,3.0,0.0,4195.53,43
VTA0079772,2022-11-07,11,2022,C03541,Florencia Mireles,Oeste,Premium,V007,Conchita Leticia Gastélum Corral,Oeste,P0032,ASUS VivoBook 16,Laptops,11615.24,4.0,0.12,40885.64,38
VTA0079773,2022-11-01,11,2022,C01670,Ing. Lorenzo Verduzco,Centro,Regular,V044,Julia Esther Solorio,Centro,P0016,Tecno Spark 20,Celulares,15009.95,5.0,0.03,72798.26,20
VTA0079774,2022-11-16,11,2022,C04942,Juan Carlos Darío Orta,Oeste,Ocasional,V021,  Cristal Valdés Maya  ,Sur,P0098,Sony Alpha 7 IV,Fotografía,20875.7,5.0,0.18,85590.37,34
VTA0079775,2022-11-22,11,2022,C02817,María del Carmen Rodrígez Roque,Norte,Premium,V042,  Srita. Sandra Escamilla  ,Norte,P0120,Timbre Ring Video Pro,Hogar Inteligente,7977.13,1.0,0.06,7498.5,21
VTA0079776,05/11/2022,11,2022,C00400,Emiliano Omar Orellana Rivera,Oeste,Premium,V022,Bernardo Lemus Caballero,Oeste,P0120,Timbre Ring Video Pro,Hogar Inteligente,7717.66,2.0,0.07,14354.85,21
VTA0079777,21/11/2022,11,2022,C00300,Jaqueline Rosado Orellana,Oeste,Regular,V026,Ing. Elias Valdivia,Oeste,P0056,Webcam Logitech C920,Accesorios,1807.39,5.0,0.1,8133.26,43
VTA0079778,01/11/2022,11,2022,C00031,Sr. José María Arguello,Este,Premiun,V032,Nelly Barela Cardenas,Este,P0029,HP Pavilion 15,Laptops,8437.71,3.0,0.18,20756.77,24
VTA0079779,2022-11-23,11,2022,C02312,Noelia Verónica Velázquez Marrero,Centro,Premium,V033,Jaime Gamez Maldonado,Centro,P0072,Huawei MatePad Pro,Tablets,18990.41,5.0,0.11,84507.32,43
VTA0079780,2022-11-01,11,2022,C00438,Dra. Gloria Crespo,Sur,Ocasional,V012,Rubén Marco Antonio Orta Ramos,Sur,P0021,ASUS ROG Zephyrus,Laptops,12682.58,4.0,0.08,46671.89,36
VTA0079781,2022-11-14,11,2022,C00912,Dra. Emilia Batista,Sur,Ocasional,V023,Fidel Negrete Domínguez,Sur,P0061,Batería Portátil 20000,Accesorios,1736.15,4.0,0.01,6875.15,32
VTA0079782,2022-11-27,11,2022,C01419,Frida Perea Collado,Centro,Premiun,V048,Ivonne Véliz,Centro,P0017,MacBook Pro M3,Laptops,11693.39,3.0,0.02,34378.57,43
VTA0079783,2022-11-25,11,2022,C02584,Raquel Alicia Alvarez Aguilar,Centro,Ocasional,V003,Jacinto Rivero Valladares,Centro,P0053,Hub USB-C 7en1,Accesorios,446.15,,0.18,1463.37,20
VTA0079784,2022-11-10,11,2022,C03830,Darío Montemayor Alvarez,Norte,Ocasional,V029,Francisco Ballesteros,Norte,P0019,HP Spectre x360,Laptops,40775.53,4.0,0.15,138636.8,26
VTA0079785,2022-11-23,11,2022,C00884,Berta Esparta Olivo,Oeste,Ocasional,V014,Ofelia Miriam Negrón,Oeste,P0019,HP Spectre x360,Laptops,39582.85,4.0,0.03,153581.46,26
VTA0079786,2022-11-22,11,2022,C02680,Abelardo Rivas,Este,Premium,V010,Sra. Guadalupe Llamas,Este,P0070,Amazon Fire HD 10,Tablets,15701.19,5.0,0.09,71440.41,33
VTA0079787,2022-11-21,11,2022,C00183,María del Carmen Francisca Pizarro Figueroa,Norte,Ocasional,V029,Francisco Ballesteros,Norte,P0108,Batería Canon LP-E6,Fotografía,15964.72,3.0,0.1,43104.74,32
VTA0079788,01/11/2022,11,2022,C01895,Aldonza Montez Malave,Oeste,Ocacional,V014,Ofelia Miriam Negrón,Oeste,P0009,Sony Xperia 1 VI,Celulares,23420.11,3.0,0.19,56910.87,24
VTA0079789,2022-11-26,11,2022,C01652,Francisca Luisa Cisneros Matías,Centro,Premium,V031,  Bernabé César Salazar  ,Centro,P0015,Nokia G42,Celulares,20989.75,4.0,0.02,82279.82,26
VTA0079790,2022-11-07,11,2022,C03132,Frida Carmen Paredes Ybarra,Este,Regular,V011,Clara Loera,Este,P0066,Samsung Galaxy Tab S9,LAPTOPS,11682.52,3.0,0.06,32944.71,24
VTA0079791,2022-11-12,11,2022,C04380,Andrea Sandra Alva,Este,Regular,V023,Fidel Negrete Domínguez,Sur,P0052,Protector Pantalla S24,Accesorios,1129.72,1.0,0.19,915.07,31
VTA0079792,2022-11-08,11,2022,C04320,Estela Meraz Meraz,Sur,Premium,V025,Manuel Gerónimo Armas,Sur,P0062,Reloj Smartwatch Band,Accesorios,1256.38,2.0,0.12,2211.23,38
VTA0079793,2022-11-04,11,2022,C03531,Eric Meléndez Riojas,Oeste,Premium,V014,Ofelia Miriam Negrón,Oeste,P0090,Control Xbox Elite 2,Gaming,27609.79,2.0,0.19,44727.86,40
VTA0079794,2022-11-23,11,2022,C04313,Srita. Leonor Valles,Centro,Regular,V003,Jacinto Rivero Valladares,Centro,P0018,Dell XPS 15,Laptops,36000.62,5.0,0.14,154802.67,40
VTA0079795,2022-11-29,11,2022,C04405,Lilia Frías del Valle,Centro,Regular,V017,Abraham Apodaca Colunga,Centro,P0064,Limpiador Pantallas Kit,Accesorios,1386.71,1.0,0.15,1178.7,44
VTA0079796,2022-11-23,11,2022,C00362,Cristina Judith Mora,Oeste,Ocasional,V030,Gustavo Camilo Ochoa Gamboa,Oeste,P0107,Tarjeta SD SanDisk 256,LAPTOPS,10998.11,2.0,0.03,21336.33,27
VTA0079797,2022-11-29,11,2022,C01410,Hermelinda de la Torre Hurtado,Norte,Regular,V016,Octavio Mario Rincón Marín,Norte,P0098,Sony Alpha 7 IV,Fotografía,20488.57,1.0,0.03,19873.91,34
VTA0079798,2022-11-12,11,2022,C02980,Gerónimo Ceballos,Oeste,Premium,V001,Fernando Casares Jimínez,Oeste,P0050,Cable USB-C 2m,Accesorios,1388.77,4.0,0.06,5221.78,32
VTA0079799,2022-11-14,11,2022,C03768,,Sur,Premium,V023,Fidel Negrete Domínguez,Sur,P0027,MacBook Air M2,Laptops,38738.87,4.0,0.17,128613.05,24
VTA0079800,19/11/2022,11,2022,C03243,Bernardo Garay Alcala,Sur,premiun,V021,  Cristal Valdés Maya  ,Sur,P0034,AirPods Pro 2,Audio,1259.2,4.0,0.07,4684.22,27
VTA0079801,2022-11-12,11,2022,C04885,Dra. Ángela Saiz,Oeste,Regular,V030,Gustavo Camilo Ochoa Gamboa,Oeste,P0071,ASUS Zenpad 3S,Tablets,13718.45,3.0,0.0,41155.35,20
VTA0079802,2022-11-07,11,2022,C00826,Sr. Gregorio Delgado,Centro,Premium,V017,Abraham Apodaca Colunga,Centro,P0021,ASUS ROG Zephyrus, Accesorios,11590.56,2.0,0.01,22949.31,36
VTA0079803,2022-11-16,11,2022,C00262,Marisol Luz Murillo,Oeste,Ocacional,V050,José María Gustavo Beltrán,Oeste,P0087,Headset HyperX Cloud III,Gaming,2057.8,3.0,0.04,5926.46,38
VTA0079804,2022-11-11,11,2022,C02475,Sr. Ángel Bañuelos,Centro,premiun,V048,Ivonne Véliz,Centro,P0087,Headset HyperX Cloud III,Gaming,2250.37,3.0,0.0,6751.11,38
VTA0079805,2022-11-05,11,2022,C01893,Dr. Alonso Aponte,Oeste,Premium,V007,Conchita Leticia Gastélum Corral,Oeste,P0055,Teclado Keychron K2,Accesorios,1409.41,3.0,0.03,4101.38,28
VTA0079806,2022-11-07,11,2022,C00168,Srita. Marcela Rascón,Oeste,Regular,V040,Karla Silvia Mireles Patiño,Oeste,P0113,Alexa Echo Dot 5,Hogar Inteligente,12015.0,5.0,0.01,59474.25,20
VTA0079807,2022-11-29,11,2022,C01740,Vicente Zavala,Centro,Premium,V033,Jaime Gamez Maldonado,Centro,P0032,ASUS VivoBook 16,Laptops,10564.76,4.0,0.17,35075.0,38
VTA0079808,2022-11-16,11,2022,C03102,Celia Castillo Avilés,Centro,Ocasional,V001,Fernando Casares Jimínez,Oeste,P0066,Samsung Galaxy Tab S9,Tablets,13274.35,2.0,0.16,22300.91,24
VTA0079809,2022-11-22,11,2022,C01249,Lic. Genaro Trejo,Centro,Regular,V044,Julia Esther Solorio,Centro,P0095,SSD Samsung 980 Pro,Gaming,2745.46,5.0,0.1,12354.57,28
VTA0079810,2022-11-29,11,2022,C03802,  Timoteo Raúl Jaramillo  ,Oeste,Premium,V007,Conchita Leticia Gastélum Corral,Oeste,P0052,Protector Pantalla S24,Accesorios,1191.99,2.0,0.09,2169.42,31
VTA0079811,30/11/2022,11,2022,C03569,Rocío Montañez,Oeste,Ocasional,V046,Hermelinda Josefina Rodarte Bahena,Norte,P0124,Sensor Movimiento Aqara,Hogar Inteligente,8402.69,4.0,0.01,33274.65,35
VTA0079812,2022-11-19,11,2022,C01057,Luisa Susana Coronado,Oeste,Regular,V035,Estela Haro,Oeste,P0086,Silla Gamer DXRacer,Gaming,20395.6,3.0,0.06,57515.59,26
VTA0079813,2022-11-28,11,2022,C04433,Isabela Laureano Tovar,Norte,Premium,V042,  Srita. Sandra Escamilla  ,Norte,P0081,PlayStation 5,Gaming,9686.29,5.0,0.16,40682.42,46
VTA0079814,2022-11-01,11,2022,C04283,Gerardo Romero Villa,Oeste,Ocasional,V016,Octavio Mario Rincón Marín,Norte,P0097,Canon EOS R6 Mark II,Fotografía,31391.99,2.0,0.04,60272.62,38
VTA0079815,2022-11-07,11,2022,C03647,Darío Jerónimo Enríquez,Sur,Regular,V038,Violeta Itzel Benavídez,Oeste,P0106,Mochila Lowepro Pro,Fotografía,16304.13,3.0,0.07,45488.52,40
VTA0079816,2022-11-02,11,2022,C00550,  Verónica Medrano Girón  ,Sur,Ocasional,V016,Octavio Mario Rincón Marín,Norte,P0054,Mouse Logitech MX Master,gaming,1436.49,4.0,0.08,5286.28,25
VTA0079817,2022-11-02,11,2022,C00737,Sr. Teodoro Vázquez,Este,Ocasional,V005,Aldo Adán Rodrígez Galarza,Este,P0027,MacBook Air M2,Laptops,33003.52,4.0,0.02,129373.8,24
VTA0079818,2022-11-28,11,2022,C02136,Ramón Romo Velázquez,Oeste,Ocasional,V026,Ing. Elias Valdivia,Oeste,P0093,GPU RTX 4070 Ti,fotografia,26641.68,3.0,0.16,67137.03,29
VTA0079819,2022-11-28,11,2022,C01170,Jonás Aguilera,Oeste,Ocasional,V001,Fernando Casares Jimínez,Oeste,P0071,ASUS Zenpad 3S,Tablets,13811.07,2.0,0.18,22650.15,20
VTA0079820,2022-11-13,11,2022,C02960,Nelly Bianca Chávez,Oeste,premiun,V035,Estela Haro,Oeste,P0048,Skullcandy Crusher,Audio,3644.12,1.0,0.17,3024.62,44
VTA0079821,2022-11-15,11,2022,C00718,Sr. Santiago Cortés,Centro,ocasional,V003,Jacinto Rivero Valladares,Centro,P0011,iPhone 14,Celulares,9074.79,5.0,0.16,38114.12,43
VTA0079822,2022-11-12,11,2022,C03379,Lic. Pedro Rosado,Este,Regular,V011,Clara Loera,Este,P0074,iPad Mini 6,Tablets,18832.86,5.0,0.02,92281.01,31
VTA0079823,2022-11-14,11,2022,C02819,Lorenzo Elias Alcaraz,Sur,Premium,V027,Claudio Andrés Gómez Sosa,Sur,P0124,Sensor Movimiento Aqara,Hogar Inteligente,8209.07,5.0,0.03,39813.99,35
VTA0079824,2022-11-18,11,2022,C04259,José Eduardo Rolando Archuleta Ávila,Este,ocasional,V011,Clara Loera,Este,P0091,Capturadora Elgato 4K,Gaming,1613.44,3.0,0.08,4453.09,25
VTA0079825,2022-11-19,11,2022,C02654,Cornelio Germán Canales Ruiz,Centro,Regular,V023,Fidel Negrete Domínguez,Sur,P0032,ASUS VivoBook 16,Laptops,10784.44,1.0,0.2,8627.55,38
VTA0079826,2022-11-08,11,2022,C00902,Elvira González Solano,Oeste,Premium,V035,Estela Haro,Oeste,P0030,Lenovo IdeaPad 5,Laptops,40449.23,2.0,0.11,71999.63,21
VTA0079827,2022-11-06,11,2022,C03061,Irene Montalvo,Sur,Ocasional,V013,Alvaro Gaona Ocasio,Sur,P0067,iPad Air M1,Tablets,15965.82,2.0,0.02,-31293.01,39
VTA0079828,2022-11-13,11,2022,C04459,Daniela Pulido Anaya,Sur,Premium,V025,Manuel Gerónimo Armas,Sur,P0033,Sony WH-1000XM5,Audio,7277.89,4.0,0.14,25035.94,25
VTA0079829,2022-11-19,11,2022,C03647,Darío Jerónimo Enríquez,Sur,Regular,V047,  Estela Bianca Melgar Arias  ,Oeste,P0066,Samsung Galaxy Tab S9,Tablets,13316.96,1.0,0.15,11319.42,24
VTA0079830,2022-11-13,11,2022,C02075,Sr. Gonzalo Chavarría,Oeste,REGULAR,V014,Ofelia Miriam Negrón,Oeste,P0031,Acer Aspire 7,Laptops,8954.36,3.0,0.17,22296.36,38
VTA0079831,2022-11-24,11,2022,C04654,Lic. Maximiliano Padrón,Sur,Regular,V018,Lic. Gilberto Castellanos,Sur,P0010,Huawei Pura 70,fotografia,10045.04,5.0,0.01,49722.95,27
VTA0079832,25/11/2022,11,2022,C00470,  Dalia Elsa Armendáriz  ,Este,Premium,V010,Sra. Guadalupe Llamas,Este,P0080,Honor Pad 8,Tablets,9641.83,5.0,0.07,44834.51,19
VTA0079833,2022-11-03,11,2022,C01053,Joaquín Lomeli Garrido,Sur,Premium,V025,Manuel Gerónimo Armas,Sur,P0038,Beats Studio Pro,Audio,2220.15,2.0,0.18,3641.05,39
VTA0079834,2022-11-09,11,2022,C01366,Srita. Aurora Toro,Este,Premiun,V030,Gustavo Camilo Ochoa Gamboa,Oeste,P0074,iPad Mini 6,celulares,19364.55,4.0,0.09,70486.96,31
VTA0079835,2022-11-29,11,2022,C00590,  Karla Estévez Mata  ,Este,Regular,V002,Nelly Marrero Ortiz,Norte,P0117,Cámara Nest Doorbell,Hogar Inteligente,10548.33,2.0,0.05,20041.83,34
VTA0079836,03/11/2022,11,2022,C04456,Sonia Campos Rivera,Oeste,Ocasional,V014,Ofelia Miriam Negrón,Oeste,P0075,Samsung Galaxy Tab A9,Tablets,16752.0,5.0,0.12,73708.8,35
VTA0079837,2022-11-01,11,2022,C00267,Olivia Ortiz,Sur,Ocasional,V008,Irene Franco,Sur,P0046,JBL Flip 6,Audio,2227.46,5.0,0.14,9578.08,40
VTA0079838,2022-11-13,11,2022,C04864,Víctor Mariano Rojo,Centro,Ocasional,V028,Sofía Delia Gurule Cantú,Centro,P0125,TV Samsung QLED 55,Hogar Inteligente,2849.88,5.0,0.05,13536.93,20
VTA0079839,2022-11-08,11,2022,C02577,Sr. Alvaro Porras,Norte,REGULAR,V046,Hermelinda Josefina Rodarte Bahena,Norte,P0071,ASUS Zenpad 3S,Tablets,12830.18,5.0,0.05,60943.36,20
VTA0079840,2022-11-05,11,2022,C00469,Gabino Bustamante,Centro,Regular,V037,Victoria Caridad Concepción,Centro,P0068,Lenovo Tab P12,Tablets,15935.48,4.0,0.11,56730.31,21
VTA0079841,2022-11-13,11,2022,C04971,Carlos Saucedo,Norte,Regular,V002,Nelly Marrero Ortiz,Norte,P0101,DJI Mavic 3 Pro,Fotografía,14993.71,3.0,0.11,40033.21,27
VTA0079842,2022-11-12,11,2022,C04576,,Este,Premium,V049,Ing. María Teresa Bétancourt,Este,P0082,Xbox Series X,Gaming,11385.82,2.0,0.12,20039.04,30
VTA0079843,07/11/2022,11,2022,C03981,Francisca Lorena Barajas Padrón,Centro,Ocasional,V031,  Bernabé César Salazar  ,Centro,P0053,Hub USB-C 7en1,Accesorios,401.24,1.0,0.11,357.1,20
VTA0079844,2022-11-23,11,2022,C01259,Sara María del Carmen Limón,Norte,Regular,V045,Marisela Vanesa Chapa Aranda,Norte,P0123,Cerradura Yale Smart,Hogar Inteligente,8393.47,1.0,0.17,6966.58,29
VTA0079845,2022-11-07,11,2022,C02674,Lucas Víctor Monroy Guerra,Centro,premiun,V028,Sofía Delia Gurule Cantú,Centro,P0079,Realme Pad 2,Tablets,9750.04,4.0,0.01,38610.16,20
VTA0079846,2022-11-29,11,2022,C00096,Marisela Castillo,Sur,Regular,V013,Alvaro Gaona Ocasio,Sur,P0114,Google Nest Hub 2,fotografia,5911.83,4.0,0.01,23410.85,45
VTA0079847,2022-11-16,11,2022,C04069,Lic. Flavio Franco,Centro,Premium,V044,Julia Esther Solorio,Centro,P0116,Foco Philips Hue,Hogar Inteligente,4092.1,3.0,0.08,-11294.2,44
VTA0079848,22/11/2022,11,2022,C04510,Sara Sosa,Este,Premium,V010,Sra. Guadalupe Llamas,Este,P0045,Marshall Emberton III,Audio,7949.98,1.0,0.19,6439.48,22
VTA0079849,21/11/2022,11,2022,C00262,,Oeste,Ocacional,V007,Conchita Leticia Gastélum Corral,Oeste,P0034,AirPods Pro 2,Audio,1177.24,3.0,0.1,3178.55,27
VTA0079850,23/11/2022,11,2022,C04154,Eloy Montero Coronado,Este,Ocasional,V032,Nelly Barela Cardenas,Este,P0001,iPhone 15 Pro,LAPTOPS,21295.7,1.0,0.04,20443.87,37
VTA0079851,2022-11-09,11,2022,C01562,Claudia Virginia Ojeda Osorio,Este,Premium,V011,Clara Loera,Este,P0003,Xiaomi 14 Pro,Celulares,24705.26,3.0,0.02,72633.46,36
VTA0079852,06/11/2022,11,2022,C04523,Elias Jacobo Adame,Este,Ocacional,V010,Sra. Guadalupe Llamas,Este,P0079,Realme Pad 2,Tablets,9532.85,2.0,0.12,16777.82,20
VTA0079853,2022-11-14,11,2022,C02351,Beatriz Monroy,Norte,Premium,V042,  Srita. Sandra Escamilla  ,Norte,P0106,Mochila Lowepro Pro,Fotografía,15719.44,2.0,0.09,28609.38,40
VTA0079854,2022-11-20,11,2022,C04672,Violeta Miriam Marrero Sarabia,Este,Regular,V032,Nelly Barela Cardenas,Este,P0125,TV Samsung QLED 55,Hogar Inteligente,2617.38,2.0,0.17,4344.85,20
VTA0079855,2022-11-11,11,2022,C00950,Cristina Leticia Valencia Guerrero,Centro,Ocasional,V037,Victoria Caridad Concepción,Centro,P0028,Dell Inspiron 15,Laptops,26626.37,4.0,0.05,101180.21,37
VTA0079856,2022-11-30,11,2022,C02042,Gilberto Fernández,Oeste,Premium,V039,Sr. Modesto Guillen,Oeste,P0081,PlayStation 5, Accesorios,11402.73,2.0,0.15,19384.64,46
VTA0079857,2022-11-09,11,2022,C04497,,Centro,Premium,V036,  Dr. Ignacio Aparicio  ,Sur,P0013,Xiaomi Redmi Note 13,Celulares,12043.45,1.0,0.04,11561.71,30
VTA0079858,2022-11-07,11,2022,C00682,Daniela Rosalia Mares,Centro,Premiun,V003,Jacinto Rivero Valladares,Centro,P0123,Cerradura Yale Smart,Hogar Inteligente,8205.21,2.0,0.14,14112.96,29
VTA0079859,2022-11-07,11,2022,C00804,Renato Mariano Lucio,Sur,premiun,V006,  Dr. Evelio Murillo  ,Sur,P0057,Soporte Laptop Adjustable,Accesorios,570.55,4.0,0.01,2259.38,39
VTA0079860,2022-11-10,11,2022,C01159,Paola Blanca Munguía Polanco,Sur,Premium,V013,Alvaro Gaona Ocasio,Sur,P0040,Jabra Elite 85h,Audio,2742.31,2.0,0.13,4771.62,38
VTA0079861,08/11/2022,11,2022,C01884,Sonia Romero Mateo,Centro,ocasional,V033,Jaime Gamez Maldonado,Centro,P0075,Samsung Galaxy Tab A9,Tablets,18405.32,3.0,0.11,49142.2,35
VTA0079862,2022-11-08,11,2022,C00555,Federico Corral,Norte,Premiun,V002,Nelly Marrero Ortiz,Norte,P0118,Termostato Nest 3,Hogar Inteligente,1335.89,5.0,0.14,5744.33,30
VTA0079863,2022-11-19,11,2022,C00067,Yeni Menéndez,Norte,Ocasional,V042,  Srita. Sandra Escamilla  ,Norte,P0106,Mochila Lowepro Pro,Fotografía,18583.67,5.0,0.11,-82697.33,40
VTA0079864,2022-11-23,11,2022,C04817,Paola Saavedra,Sur,Premium,V025,Manuel Gerónimo Armas,Sur,P0001,iPhone 15 Pro,Celulares,19440.95,,0.16,81651.99,37
VTA0079865,17/11/2022,11,2022,C04803,,Este,Regular,V005,Aldo Adán Rodrígez Galarza,Este,P0055,Teclado Keychron K2,Accesorios,1463.16,2.0,0.03,2838.53,28
VTA0079866,2022-11-05,11,2022,C01463,Zoé Montalvo Terrazas,Este,Ocasional,V032,Nelly Barela Cardenas,Este,P0086,Silla Gamer DXRacer,Gaming,19818.31,2.0,0.04,38051.16,26
VTA0079867,2022-11-19,11,2022,C00275,Ing. Gabino Pabón,Centro,REGULAR,V031,  Bernabé César Salazar  ,Centro,P0119,Enchufe Inteligente TP,tablets,4757.54,3.0,0.03,13844.44,27
VTA0079868,2022-11-28,11,2022,C04017,Joaquín Teodoro Robledo Ríos,Norte,Regular,V029,Francisco Ballesteros,Norte,P0019,HP Spectre x360,Laptops,39339.79,2.0,0.1,70811.62,26
VTA0079869,2022-11-10,11,2022,C03617,Yuridia Esther Segovia Vaca,Oeste,Ocasional,V030,Gustavo Camilo Ochoa Gamboa,Oeste,P0004,Google Pixel 8,Celulares,5402.59,1.0,0.07,5024.41,34
VTA0079870,2022-11-03,11,2022,C01772,Aurelio Manzanares Cordero,Sur,Regular,V012,Rubén Marco Antonio Orta Ramos,Sur,P0040,Jabra Elite 85h,Audio,3121.7,5.0,0.14,13423.31,38
VTA0079871,2022-11-29,11,2022,C04573,Benito Zacarías Montez Sepúlveda,Centro,Ocasional,V028,Sofía Delia Gurule Cantú,Centro,P0041,Bang Olufsen H95,Audio,6406.76,3.0,0.19,15568.43,20
VTA0079872,2022-11-02,11,2022,C03615,,Norte,Regular,V004,Aurora Zelaya,Norte,P0103,Lente Canon RF 50mm,Fotografía,15716.87,2.0,0.09,28604.7,31
VTA0079873,2022-11-01,11,2022,C04298,Esparta Débora Huerta Garibay,Centro,Regular,V043,Homero Esquivel,Norte,P0096,Cooling Noctua NH-D15,Gaming,10846.83,3.0,0.06,30588.06,41
VTA0079874,2022-11-26,11,2022,C04058,Cristian José Manuél Reséndez Jasso,Este,Ocasional,V011,Clara Loera,Este,P0064,Limpiador Pantallas Kit,Accesorios,1341.74,5.0,0.03,6507.44,44
VTA0079875,2022-11-25,11,2022,C00111,Luis Rosas,Sur,Regular,V020,Dr. Arturo Angulo,Sur,P0040,Jabra Elite 85h,audio ,3025.58,3.0,0.14,7806.0,38
VTA0079876,06/11/2022,11,2022,C04332,,Oeste,Ocasional,V007,Conchita Leticia Gastélum Corral,Oeste,P0064,Limpiador Pantallas Kit,Accesorios,1400.44,3.0,0.07,3907.23,44
VTA0079877,2022-11-02,11,2022,C00510,,Centro,Premium,V044,Julia Esther Solorio,Centro,P0063,Pad Mouse XL Gaming,Accesorios,2020.91,4.0,0.12,7113.6,42
VTA0079878,2022-11-30,11,2022,C01055,Sr. Jos Palomo,Centro,Premium,V048,Ivonne Véliz,Centro,P0091,Capturadora Elgato 4K,Gaming,1606.41,4.0,0.06,6040.1,25
VTA0079879,2022-11-23,11,2022,C00233,Hernán Quesada Baeza,Sur,Premium,V038,Violeta Itzel Benavídez,Oeste,P0042,Audio Technica ATH,Audio,6151.87,1.0,0.11,5475.16,31
VTA0079880,2022-11-30,11,2022,C04488,Mónica Leticia Magaña,Sur,Regular,V006,  Dr. Evelio Murillo  ,Sur,P0032,ASUS VivoBook 16,Laptops,10137.63,5.0,0.06,47646.86,38
VTA0079881,2022-11-18,11,2022,C04459,Daniela Pulido Anaya,Sur,Premium,V023,Fidel Negrete Domínguez,Sur,P0114,Google Nest Hub 2,Hogar Inteligente,4980.7,1.0,0.03,4831.28,45
VTA0079882,2022-11-12,11,2022,C02794,Cristina Gutiérrez Bétancourt,Este,Ocacional,V041,Srita. Nadia Casas,Centro,P0033,Sony WH-1000XM5,Audio,7125.02,,0.02,20947.56,25
VTA0079883,2022-11-13,11,2022,C00572,,Oeste,Regular,V030,Gustavo Camilo Ochoa Gamboa,Oeste,P0016,Tecno Spark 20,Celulares,13772.61,5.0,0.09,62665.38,20
VTA0079884,14/11/2022,11,2022,C00895,Renato Carvajal,Centro,REGULAR,V017,Abraham Apodaca Colunga,Centro,P0106,Mochila Lowepro Pro,Fotografía,15395.89,2.0,0.05,29252.19,40
VTA0079885,2022-11-28,11,2022,C01480,Ing. Karla Montes,Oeste,Premium,V026,Ing. Elias Valdivia,Oeste,P0116,Foco Philips Hue,celulares,4353.05,2.0,0.08,8009.61,44
VTA0079886,2022-11-24,11,2022,C03840,Arturo Puente Abreu,Sur,Premium,V020,Dr. Arturo Angulo,Sur,P0005,OnePlus 12,Celulares,5317.81,4.0,0.16,17867.84,40
VTA0079887,2022-11-18,11,2022,C00093,Aurelio Longoria,Centro,Ocasional,V041,Srita. Nadia Casas,Centro,P0006,Motorola Edge 50,Celulares,8500.38,5.0,0.09,38676.73,32
VTA0079888,2022-11-09,11,2022,C01257,Ángel Palomino,Este,Premium,V014,Ofelia Miriam Negrón,Oeste,P0109,Filtro ND Variable,Fotografía,3389.14,3.0,0.09,9252.35,30
VTA0079889,2022-11-24,11,2022,C03699,Josefina Meza Haro,Este,Regular,V039,Sr. Modesto Guillen,Oeste,P0036,Samsung Galaxy Buds2,Audio,6479.72,5.0,0.14,27862.8,43
VTA0079890,20/11/2022,11,2022,C00730,Iván Lucas Mercado Leal,Centro,Ocasional,V037,Victoria Caridad Concepción,Centro,P0126,Proyector BenQ 4K,Hogar Inteligente,7955.03,4.0,0.2,25456.1,35
VTA0079891,2022-11-04,11,2022,C02422,Gilberto Centeno,Sur,Ocasional,V033,Jaime Gamez Maldonado,Centro,P0126,Proyector BenQ 4K,Hogar Inteligente,8224.71,1.0,0.1,7402.24,35
VTA0079892,2022-11-29,11,2022,C00046,Rodrigo Oswaldo Echeverría Avilés,Oeste,Premium,V026,Ing. Elias Valdivia,Oeste,P0035,Bose QC45,Audio,2722.35,3.0,0.15,6941.99,19
VTA0079893,2022-11-18,11,2022,C01303,Diego Enrique Chacón,Este,Ocasional,V007,Conchita Leticia Gastélum Corral,Oeste,P0044,Anker Q45,Audio,7224.65,3.0,0.04,20806.99,23
VTA0079894,2022-11-16,11,2022,C01128,Sr. Marco Antonio Laboy,Norte,Regular,V043,Homero Esquivel,Norte,P0004,Google Pixel 8,gaming,5147.4,4.0,0.09,18736.54,34
VTA0079895,2022-11-20,11,2022,C04387,,Centro,REGULAR,V015,Joaquín Benavides Meza,Norte,P0057,Soporte Laptop Adjustable,Accesorios,517.63,5.0,0.05,2458.74,39
VTA0079896,26/11/2022,11,2022,C02494,Homero Leonardo Bañuelos Bravo,Oeste,Regular,V037,Victoria Caridad Concepción,Centro,P0027,MacBook Air M2,Laptops,33137.98,3.0,0.18,81519.43,24
VTA0079897,2022-11-18,11,2022,C03705,Lic. Marco Antonio Matos,Este,Ocasional,V049,Ing. María Teresa Bétancourt,Este,P0007,Realme GT5,Celulares,16817.4,4.0,0.16,56506.46,39
VTA0079898,2022-11-14,11,2022,C02052,Aurora Sandra Manzanares Salinas,Sur,Ocasional,V006,  Dr. Evelio Murillo  ,Sur,P0109,Filtro ND Variable, Accesorios,3121.58,1.0,0.07,2903.07,30
VTA0079899,2022-11-17,11,2022,C01069,Sr. Pablo Muñoz,Sur,Premium,V034,Rufino Rivera,Sur,P0038,Beats Studio Pro,Audio,2220.88,2.0,0.18,3642.24,39
VTA0079900,2022-11-07,11,2022,C02046,Eloisa Georgina Mateo,Centro,Premiun,V044,Julia Esther Solorio,Centro,P0005,OnePlus 12,Celulares,5159.33,4.0,0.02,20224.57,40
VTA0079901,2022-11-07,11,2022,C04928,Gustavo Jesús del Valle Toro,Oeste,Premium,V039,Sr. Modesto Guillen,Oeste,P0092,Micrófono Blue Yeti,Gaming,13202.67,4.0,0.18,43304.76,47
VTA0079902,21/11/2022,11,2022,C04182,Luis Miguel Curiel,Norte,Regular,V015,Joaquín Benavides Meza,Norte,P0083,Nintendo Switch OLED,Gaming,16417.78,4.0,0.1,59104.01,39
VTA0079903,2022-11-19,11,2022,C01884,Sonia Romero Mateo,Centro,ocasional,V006,  Dr. Evelio Murillo  ,Sur,P0123,Cerradura Yale Smart,Hogar Inteligente,9470.73,1.0,0.15,8050.12,29
VTA0079904,2022-11-13,11,2022,C03050,Bruno de Anda Gutiérrez,Sur,REGULAR,V024,Bernabé Guerra,Sur,P0107,Tarjeta SD SanDisk 256,Fotografía,10115.15,3.0,0.17,25186.72,27
VTA0079905,2022-11-24,11,2022,C04623,Lic. Adán Ramón,Sur,Ocasional,V018,Lic. Gilberto Castellanos,Sur,P0072,Huawei MatePad Pro,Tablets,18564.91,5.0,0.1,83542.1,43
VTA0079906,2022-11-09,11,2022,C01172,Rolando Aponte Tórrez,Este,premiun,V005,Aldo Adán Rodrígez Galarza,Este,P0084,Steam Deck 512GB,Gaming,12443.55,5.0,0.07,57862.51,26
VTA0079907,2022-11-01,11,2022,C02177,Aldo Ontiveros Vela,Sur,Premium,V025,Manuel Gerónimo Armas,Sur,P0090,Control Xbox Elite 2,Gaming,27294.09,1.0,0.11,24291.74,40
VTA0079908,2022-11-23,11,2022,C03573,Asunción Viera,Oeste,Ocasional,V007,Conchita Leticia Gastélum Corral,Oeste,P0104,Flash Godox V1,Fotografía,16848.15,1.0,0.01,16679.67,40
VTA0079909,2022-11-18,11,2022,C01886,Abigail Marisol Aragón,Sur,premiun,V025,Manuel Gerónimo Armas,Sur,P0126,Proyector BenQ 4K,Hogar Inteligente,8296.69,4.0,0.06,31195.55,35
VTA0079910,2022-11-26,11,2022,C04368,Flavio Iglesias,Centro,Premium,V048,Ivonne Véliz,Centro,P0004,Google Pixel 8,Celulares,5292.83,5.0,0.04,25405.58,34
VTA0079911,2022-11-15,11,2022,C03814,Antonia Ana Luisa Rosado Laureano,Este,Premium,V005,Aldo Adán Rodrígez Galarza,Este,P0080,Honor Pad 8,Tablets,10155.49,1.0,0.09,9241.5,19
VTA0079912,2022-11-16,11,2022,C01623,Bernabé Lucas Galván,Norte,Ocasional,V016,Octavio Mario Rincón Marín,Norte,P0010,Huawei Pura 70,Celulares,9021.33,2.0,0.03,17501.38,27
VTA0079913,2022-11-05,11,2022,C00040,Gerónimo Pedro Collazo del Río,Este,Regular,V010,Sra. Guadalupe Llamas,Este,P0078,Chuwi HiPad X,Tablets,13456.89,4.0,0.0,53827.56,20
VTA0079914,2022-11-11,11,2022,C02654,Cornelio Germán Canales Ruiz,Centro,Regular,V044,Julia Esther Solorio,Centro,P0018,Dell XPS 15,Laptops,36829.96,2.0,0.2,58927.94,40
VTA0079915,2022-11-04,11,2022,C03572,Miguel Ángel Suárez Hinojosa,Centro,Premium,V033,Jaime Gamez Maldonado,Centro,P0019,HP Spectre x360,Laptops,36440.46,4.0,0.01,144304.22,26
VTA0079916,2022-11-06,11,2022,C04286,Ricardo Báez,Oeste,Premium,V022,Bernardo Lemus Caballero,Oeste,P0121,Roomba j7 Plus,Hogar Inteligente,6955.2,2.0,0.13,12102.05,38
VTA0079917,2022-11-18,11,2022,C00137,  Judith Hernandes Villarreal  ,Este,Premium,V040,Karla Silvia Mireles Patiño,Oeste,P0119,Enchufe Inteligente TP,Hogar Inteligente,4357.42,3.0,0.02,12810.81,27
VTA0079918,2022-11-21,11,2022,C03497,Sra. Georgina Ríos,Centro,ocasional,V033,Jaime Gamez Maldonado,Centro,P0048,Skullcandy Crusher,Audio,3641.26,3.0,0.17,9066.74,44
VTA0079919,2022-11-26,11,2022,C01491,Sra. Carolina Lucio,Norte,premiun,V002,Nelly Marrero Ortiz,Norte,P0080,Honor Pad 8,Tablets,9354.28,2.0,0.13,16276.45,19
VTA0079920,2022-11-29,11,2022,C03764,Natividad Sandra Murillo Sanches,Oeste,Premiun,V024,Bernabé Guerra,Sur,P0058,Mochila Techpack 30L,Accesorios,909.23,3.0,0.01,2700.41,23
VTA0079921,2022-11-10,11,2022,C04657,Felipe Carlos Rentería Páez,Centro,Ocasional,V031,  Bernabé César Salazar  ,Centro,P0091,Capturadora Elgato 4K,Gaming,1510.75,1.0,0.07,1405.0,25
VTA0079922,2022-11-03,11,2022,C02602,Nicolás José Carlos de la Rosa,Sur,Ocacional,V024,Bernabé Guerra,Sur,P0001,iPhone 15 Pro,Celulares,20531.72,,0.13,35725.19,37
VTA0079923,22/11/2022,11,2022,C01970,Esparta Vergara,Centro,Ocacional,V017,Abraham Apodaca Colunga,Centro,P0079,Realme Pad 2,Tablets,8352.27,1.0,0.15,7099.43,20
VTA0079924,08/11/2022,11,2022,C03499,Lic. Jos Leal,Centro,Regular,V048,Ivonne Véliz,Centro,P0003,Xiaomi 14 Pro,Celulares,24708.85,3.0,0.04,71161.49,36
VTA0079925,2022-11-24,11,2022,C00557,Carla Elvira Marín,Norte,Ocasional,V016,Octavio Mario Rincón Marín,Norte,P0015,Nokia G42,Celulares,19247.38,1.0,0.06,18092.54,26
VTA0079926,2022-11-02,11,2022,C03079,Uriel Sanabria,Oeste,Premium,V014,Ofelia Miriam Negrón,Oeste,P0121,Roomba j7 Plus, Accesorios,6747.16,4.0,0.19,21860.8,38
VTA0079927,2022-11-18,11,2022,C01648,Darío Maximiliano Rojo,Este,Ocasional,V005,Aldo Adán Rodrígez Galarza,Este,P0046,JBL Flip 6,Audio,2333.22,2.0,0.05,4433.12,40
VTA0079928,2022-11-28,11,2022,C03344,José María Raúl Camarillo Duarte,Norte,Regular,V016,Octavio Mario Rincón Marín,Norte,P0050,Cable USB-C 2m,Accesorios,1519.5,1.0,0.0,1519.5,32
VTA0079929,17/11/2022,11,2022,C03647,Darío Jerónimo Enríquez,Sur,Regular,V006,  Dr. Evelio Murillo  ,Sur,P0085,Monitor LG 27GP950,Gaming,18864.41,5.0,0.1,84889.84,43
VTA0079930,2022-11-22,11,2022,C00797,Indira Miramontes Báez,Norte,Ocacional,V042,  Srita. Sandra Escamilla  ,Norte,P0109,Filtro ND Variable,Fotografía,3475.33,3.0,0.03,10113.21,30
VTA0079931,2022-11-22,11,2022,C04169,Ing. Marco Antonio Marín,Oeste,Regular,V035,Estela Haro,Oeste,P0101,DJI Mavic 3 Pro,LAPTOPS,15263.91,2.0,0.02,29917.26,27
VTA0079932,2022-11-17,11,2022,C01796,Dra. María Eugenia Chávez,Oeste,Regular,V047,  Estela Bianca Melgar Arias  ,Oeste,P0091,Capturadora Elgato 4K,Gaming,1632.69,3.0,0.13,4261.32,25
VTA0079933,2022-11-18,11,2022,C04679,Sra. Mitzy Colón,Sur,Premium,V008,Irene Franco,Sur,P0118,Termostato Nest 3,Hogar Inteligente,1398.92,,0.13,1217.06,30
VTA0079934,2022-11-21,11,2022,C01632,Gilberto Humberto Carvajal,Centro,Regular,V003,Jacinto Rivero Valladares,Centro,P0054,Mouse Logitech MX Master,Accesorios,1224.69,5.0,0.08,5633.57,25
VTA0079935,2022-11-14,11,2022,C02351,Beatriz Monroy,Norte,Premium,V046,Hermelinda Josefina Rodarte Bahena,Norte,P0021,ASUS ROG Zephyrus,Laptops,12470.18,2.0,0.19,20201.69,36
VTA0079936,15/11/2022,11,2022,C02407,Esparta de la Crúz Barragán,Sur,premiun,V012,Rubén Marco Antonio Orta Ramos,Sur,P0072,Huawei MatePad Pro,Tablets,18504.18,3.0,0.04,53292.04,43
VTA0079937,2022-11-19,11,2022,C00556,Agustín Acevedo,Este,Regular,V010,Sra. Guadalupe Llamas,Este,P0103,Lente Canon RF 50mm,Fotografía,14163.02,1.0,0.16,11896.94,31
VTA0079938,2022-11-23,11,2022,C04624,Dra. Débora Ruiz,Sur,Premium,V013,Alvaro Gaona Ocasio,Sur,P0045,Marshall Emberton III,Audio,8193.07,2.0,0.07,15239.11,22
VTA0079939,2022-11-19,11,2022,C04730,Daniela Bustamante del Río,Oeste,Premium,V026,Ing. Elias Valdivia,Oeste,P0051,Funda iPhone 15 Pro,Accesorios,1345.36,5.0,0.01,6659.53,40
VTA0079940,2022-11-20,11,2022,C01286,Amalia Puente,Sur,Regular,V025,Manuel Gerónimo Armas,Sur,P0021,ASUS ROG Zephyrus,Laptops,11975.71,4.0,0.07,44549.64,36
VTA0079941,2022-11-22,11,2022,C04150,Micaela Cristal Saucedo Alva,Norte,Premium,V043,Homero Esquivel,Norte,P0116,Foco Philips Hue,Hogar Inteligente,3903.17,5.0,0.17,16198.16,44
VTA0079942,2022-11-05,11,2022,C01322,Leonardo Osorio,Este,Premium,V049,Ing. María Teresa Bétancourt,Este,P0127,Router WiFi 6 Mesh,Hogar Inteligente,5338.83,3.0,0.13,13934.35,44
VTA0079943,10/11/2022,11,2022,C02887,Marcela Regalado Luna,Norte,Ocasional,V043,Homero Esquivel,Norte,P0076,TCL Tab 10,Tablets,17806.36,3.0,0.01,52884.89,24
VTA0079944,2022-11-20,11,2022,C04842,Aldo Posada Rivera,Centro,Ocasional,V037,Victoria Caridad Concepción,Centro,P0002,Samsung Galaxy S24,Celulares,8277.18,5.0,0.18,33936.44,19
VTA0079945,2022-11-22,11,2022,C04743,  Marcela Ofelia Tafoya Girón  ,Norte,Regular,V043,Homero Esquivel,Norte,P0119,Enchufe Inteligente TP,Hogar Inteligente,4902.08,1.0,0.16,4117.75,27
VTA0079946,2022-11-02,11,2022,C00940,Hugo Yáñez,Este,Premium,V018,Lic. Gilberto Castellanos,Sur,P0112,Estabilizador DJI OM6,Fotografía,16805.13,2.0,0.02,32938.05,33
VTA0079947,05/11/2022,11,2022,C00905,Ing. Antonio Galindo,Oeste,REGULAR,V022,Bernardo Lemus Caballero,Oeste,P0100,Fujifilm X-T5,Fotografía,14597.54,,0.04,56054.55,42
VTA0079948,2022-11-21,11,2022,C00986,Olga Sessa Peres,Centro,Regular,V044,Julia Esther Solorio,Centro,P0078,Chuwi HiPad X,Tablets,12949.34,2.0,0.06,24344.76,20
VTA0079949,2022-11-05,11,2022,C03346,Verónica Arcelia Mayorga,Oeste,REGULAR,V035,Estela Haro,Oeste,P0003,Xiaomi 14 Pro,Celulares,23635.69,2.0,0.12,41598.81,36
VTA0079950,2022-11-24,11,2022,C03652,Ing. Elena Cadena,Oeste,Premium,V022,Bernardo Lemus Caballero,Oeste,P0079,Realme Pad 2,Tablets,8348.33,2.0,0.17,13858.23,20
VTA0079951,2022-11-26,11,2022,C04054,Sr. Bruno Coronado,Este,Regular,V011,Clara Loera,Este,P0045,Marshall Emberton III,Audio,7402.75,3.0,0.05,21097.84,22
VTA0079952,2022-11-15,11,2022,C01607,Rufino Casárez,Oeste,Ocasional,V035,Estela Haro,Oeste,P0099,Nikon Z6 III,Fotografía,31152.91,1.0,0.18,25545.39,21
VTA0079953,2022-11-18,11,2022,C02342,Pascual Zeferino Alvarado Vásquez,Oeste,Ocacional,V040,Karla Silvia Mireles Patiño,Oeste,P0115,Apple HomePod Mini,Hogar Inteligente,6956.95,4.0,0.13,24210.19,46
VTA0079954,2022-11-24,11,2022,C00390,Mitzy Serrato,Sur,Ocasional,V018,Lic. Gilberto Castellanos,Sur,P0100,Fujifilm X-T5,Fotografía,17451.89,1.0,0.16,14659.59,42
VTA0079955,25/11/2022,11,2022,C00969,Rufino Juan Perales,Oeste,Regular,V026,Ing. Elias Valdivia,Oeste,P0072,Huawei MatePad Pro,Tablets,18257.15,3.0,0.11,48746.59,43
VTA0079956,2022-11-27,11,2022,C00710,Francisco Rosas Rosario,Este,Premium,V005,Aldo Adán Rodrígez Galarza,Este,P0032,ASUS VivoBook 16,Laptops,10368.44,2.0,0.17,17211.61,38
VTA0079957,2022-11-16,11,2022,C02481,Sr. José Carlos Concepción,Sur,Premium,V025,Manuel Gerónimo Armas,Sur,P0056,Webcam Logitech C920,Accesorios,2003.08,3.0,0.1,5408.32,43
VTA0079958,16/11/2022,11,2022,C04717,Jorge Luis Adalberto Lovato Gaytán,Sur,Premium,V027,Claudio Andrés Gómez Sosa,Sur,P0058,Mochila Techpack 30L,Accesorios,806.95,2.0,0.04,1549.34,23
VTA0079959,2022-11-15,11,2022,C01896,Lorenzo Iván Quiñones,Este,Regular,V032,Nelly Barela Cardenas,Este,P0067,iPad Air M1,Tablets,17583.26,4.0,0.0,70333.04,39
VTA0079960,17/11/2022,11,2022,C00630,Antonio Malave Montoya,Centro,Premium,V048,Ivonne Véliz,Centro,P0090,Control Xbox Elite 2,Gaming,26295.4,5.0,0.0,131477.0,40
VTA0079961,2022-11-10,11,2022,C04956,Genaro Carbajal Pelayo,Este,Regular,V043,Homero Esquivel,Norte,P0078,Chuwi HiPad X,Tablets,12161.3,1.0,0.02,11918.07,20
VTA0079962,2022-11-19,11,2022,C02618,Agustín Ángel Aponte,Este,Premium,V012,Rubén Marco Antonio Orta Ramos,Sur,P0011,iPhone 14,Celulares,10637.89,5.0,0.12,46806.72,43
VTA0079963,2022-11-25,11,2022,C01161,Clemente Salgado,Centro,Ocasional,V037,Victoria Caridad Concepción,Centro,P0109,Filtro ND Variable,audio ,3376.89,5.0,0.09,15364.85,30
VTA0079964,2022-11-02,11,2022,C03982,Gonzalo Fajardo Ocasio,Oeste,Premium,V022,Bernardo Lemus Caballero,Oeste,P0048,Skullcandy Crusher,Audio,3252.16,4.0,0.06,12228.12,44
VTA0079965,2022-11-11,11,2022,C02067,Joaquín Rodrigo Irizarry Castro,Sur,ocasional,V013,Alvaro Gaona Ocasio,Sur,P0025,Razer Blade 15,hogar inteligente,26061.89,5.0,0.17,-108156.84,44
VTA0079966,19/11/2022,11,2022,C03598,Guillermo Urrutia Reyna,Centro,Ocasional,V017,Abraham Apodaca Colunga,Centro,P0023,Microsoft Surface Pro 9,Laptops,31294.28,5.0,0.17,129871.26,27
VTA0079967,2022-11-02,11,2022,C03949,Antonia Navarro Salas,Oeste,Ocasional,V035,Estela Haro,Oeste,P0021,ASUS ROG Zephyrus,Laptops,13478.98,3.0,0.07,37606.35,36
VTA0079968,13/11/2022,11,2022,C03077,Abril Juana Chapa Sosa,Norte,ocasional,V042,  Srita. Sandra Escamilla  ,Norte,P0066,Samsung Galaxy Tab S9,Tablets,13318.01,1.0,0.16,11187.13,24
VTA0079969,2022-11-12,11,2022,C00281,Lic. Alejandra Díaz,Centro,Ocasional,V017,Abraham Apodaca Colunga,Centro,P0017,MacBook Pro M3,Laptops,11961.65,2.0,0.01,23684.07,43
VTA0079970,2022-11-02,11,2022,C00127,  Renato Roybal Covarrubias  ,Norte,Regular,V015,Joaquín Benavides Meza,Norte,P0067,iPad Air M1,Tablets,14863.71,3.0,0.09,40577.93,39
VTA0079971,2022-11-25,11,2022,C03155,Ing. Celia Puga,Centro,Premium,V010,Sra. Guadalupe Llamas,Este,P0071,ASUS Zenpad 3S,celulares,15287.65,3.0,0.05,43569.8,20
VTA0079972,2022-11-29,11,2022,C04503,Claudio Gonzalo Mojica Ramos,Este,Premium,V033,Jaime Gamez Maldonado,Centro,P0014,Motorola G84,Celulares,6088.5,5.0,0.16,25571.7,20
VTA0079973,2022-11-22,11,2022,C04025,Daniela Alta  Gracia Posada Arroyo,Oeste,ocasional,V022,Bernardo Lemus Caballero,Oeste,P0015,Nokia G42,Celulares,20056.53,1.0,0.12,17649.75,26
VTA0079974,04/11/2022,11,2022,C00596,Irma Fabiola Vallejo,Este,Premium,V039,Sr. Modesto Guillen,Oeste,P0027,MacBook Air M2,Laptops,36685.17,5.0,0.09,166917.52,24
VTA0079975,2022-11-10,11,2022,C04144,Adán Ramírez,Oeste,Ocacional,V040,Karla Silvia Mireles Patiño,Oeste,P0110,Reflector 5en1 80cm,Fotografía,15245.86,4.0,0.05,-57934.27,26
VTA0079976,11/11/2022,11,2022,C00223,Sr. Timoteo Bañuelos,Oeste,premiun,V047,  Estela Bianca Melgar Arias  ,Oeste,P0088,Teclado Razer Huntsman,Gaming,22003.71,5.0,0.13,95716.14,44
VTA0079977,2022-11-28,11,2022,C03215,Jos Ojeda,Centro,Ocasional,V009,Amanda María José Bravo,Norte,P0094,RAM Corsair 32GB,Gaming,18492.74,4.0,0.17,61395.9,26
VTA0079978,2022-11-10,11,2022,C04378,Jaqueline Carvajal Laureano,Norte,Regular,V015,Joaquín Benavides Meza,Norte,P0060,Adaptador HDMI 4K,Accesorios,1088.27,2.0,0.15,1850.06,29
VTA0079979,2022-11-27,11,2022,C04698,Humberto Alonso,Centro,Regular,V041,Srita. Nadia Casas,Centro,P0062,Reloj Smartwatch Band,Accesorios,1266.65,3.0,0.12,-3343.96,38
VTA0079980,16/11/2022,11,2022,C02372,Sr. Porfirio Salazar,Sur,Premium,V012,Rubén Marco Antonio Orta Ramos,Sur,P0040,Jabra Elite 85h,Audio,2753.87,5.0,0.11,12254.72,38
VTA0079981,2022-11-16,11,2022,C01705,Abel Nicolás Negrete Ureña,Sur,Premium,V019,Jacinto Rodrigo Salazar Rolón,Sur,P0018,Dell XPS 15,Laptops,41719.34,3.0,0.17,103881.16,40
VTA0079982,2022-11-24,11,2022,C00963,Ing. Aldonza Fierro,Centro,Premium,V048,Ivonne Véliz,Centro,P0104,Flash Godox V1,Fotografía,15775.66,2.0,0.11,28080.67,40
VTA0079983,2022-11-16,11,2022,C01665,Ing. Guillermo Velasco,Centro,Regular,V033,Jaime Gamez Maldonado,Centro,P0027,MacBook Air M2,Laptops,38601.19,2.0,0.06,72570.24,24
VTA0079984,2022-11-06,11,2022,C00703,Vanesa Loera Salgado,Norte,Regular,V004,Aurora Zelaya,Norte,P0045,Marshall Emberton III,Audio,7739.84,2.0,0.16,13002.93,22
VTA0079985,2022-11-30,11,2022,C03346,Verónica Arcelia Mayorga,Oeste,Premiun,V007,Conchita Leticia Gastélum Corral,Oeste,P0077,Blackview Tab 16,Tablets,10395.48,4.0,0.16,34928.81,21
VTA0079986,2022-11-04,11,2022,C00930,  Karla Mayte Herrera  ,Este,Premium,V011,Clara Loera,Este,P0098,Sony Alpha 7 IV,Fotografía,17942.92,1.0,0.19,14533.77,34
VTA0079987,2022-11-30,11,2022,C01397,Eloy León Luevano,Centro,Regular,V020,Dr. Arturo Angulo,Sur,P0063,Pad Mouse XL Gaming,Accesorios,2101.73,3.0,0.1,5674.67,42
VTA0079988,2022-11-16,11,2022,C02938,Dalia Claudia Quezada Crespo,Este,Premium,V032,Nelly Barela Cardenas,Este,P0104,Flash Godox V1,Fotografía,14932.97,1.0,0.13,12991.68,40
VTA0079989,2022-11-06,11,2022,C00006,Modesto Miguel Ángel Pelayo,Este,Ocasional,V039,Sr. Modesto Guillen,Oeste,P0094,RAM Corsair 32GB,Gaming,17849.52,4.0,0.06,67114.2,26
VTA0079990,2022-11-13,11,2022,C04541,Carolina Casares Valdez,Centro,Premium,V041,Srita. Nadia Casas,Centro,P0081,PlayStation 5,Gaming,10909.16,1.0,0.13,9490.97,46
VTA0079991,2022-11-09,11,2022,C01664,  Omar Barajas Negrón  ,Norte,ocasional,V015,Joaquín Benavides Meza,Norte,P0003,Xiaomi 14 Pro,Celulares,20703.13,2.0,0.0,-41406.26,36
VTA0079992,2022-11-26,11,2022,C01725,Josefina Esparta Aguilera,Centro,Ocasional,V033,Jaime Gamez Maldonado,Centro,P0016,Tecno Spark 20,Celulares,15590.47,3.0,0.08,43029.7,20
VTA0079993,2022-11-11,11,2022,C01844,Lic. Hermelinda Aparicio,Centro,Regular,V041,Srita. Nadia Casas,Centro,P0033,Sony WH-1000XM5,Audio,7465.4,1.0,0.0,7465.4,25
VTA0079994,2022-11-26,11,2022,C00782,Natividad Perales,Este,Regular,V034,Rufino Rivera,Sur,P0100,Fujifilm X-T5,Fotografía,15146.36,5.0,0.17,62857.39,42
VTA0079995,2022-11-19,11,2022,C03570,  Bruno Ramón Montalvo  ,Este,Regular,V037,Victoria Caridad Concepción,Centro,P0112,Estabilizador DJI OM6,Fotografía,16245.29,2.0,0.18,26642.28,33
VTA0079996,2022-11-10,11,2022,C04692,Patricia Rosa Medrano,Sur,premiun,V006,  Dr. Evelio Murillo  ,Sur,P0082,Xbox Series X,Gaming,12089.78,5.0,0.19,48963.61,30
VTA0079997,25/11/2022,11,2022,C00858,Aldo Borrego,Centro,Premium,V003,Jacinto Rivero Valladares,Centro,P0026,MSI Prestige 16,Laptops,9060.79,5.0,0.19,36696.2,44
VTA0079998,2022-11-21,11,2022,C03649,Lic. María Luisa Dueñas,Este,Premium,V037,Victoria Caridad Concepción,Centro,P0098,Sony Alpha 7 IV,Fotografía,19376.88,2.0,0.19,31390.55,34
VTA0079999,2022-11-13,11,2022,C00987,Inés Adriana León,Oeste,Regular,V047,  Estela Bianca Melgar Arias  ,Oeste,P0067,iPad Air M1,Tablets,16503.4,1.0,0.01,16338.37,39
VTA0080000,2022-11-01,11,2022,C04588,Abraham Almaraz,Norte,ocasional,V029,Francisco Ballesteros,Norte,P0115,Apple HomePod Mini,Hogar Inteligente,6543.34,5.0,0.04,31408.03,46
VTA0080001,2022-11-12,11,2022,C04195,Evelio Eduardo Abreu del Río,Norte,Regular,V009,Amanda María José Bravo,Norte,P0046,JBL Flip 6,Audio,2322.94,3.0,0.16,5853.81,40
VTA0080002,08/11/2022,11,2022,C04951,  Abril Tórrez Gallardo  ,Centro,Premium,V041,Srita. Nadia Casas,Centro,P0128,Panel Solar Portátil,hogar inteligente,3922.22,2.0,0.11,6981.55,39
VTA0080003,2022-11-04,11,2022,C00017,Sra. Alta  Gracia Carmona,Este,Premium,V011,Clara Loera,Este,P0082,Xbox Series X,Gaming,11664.32,2.0,0.0,23328.64,30
VTA0080004,2022-11-26,11,2022,C02759,Abril Zoé Mayorga,Sur,Premium,V024,Bernabé Guerra,Sur,P0074,iPad Mini 6,Tablets,20388.52,2.0,0.02,39961.5,31
VTA0080005,03/11/2022,11,2022,C01636,Zeferino Torres Garay,Oeste,Ocasional,V040,Karla Silvia Mireles Patiño,Oeste,P0123,Cerradura Yale Smart,Hogar Inteligente,8679.63,2.0,0.12,15276.15,29
VTA0080006,2022-11-26,11,2022,C02055,Estefanía Yeni Prieto,Este,Ocasional,V032,Nelly Barela Cardenas,Este,P0057,Soporte Laptop Adjustable,celulares,505.67,5.0,0.15,-2149.1,39
VTA0080007,2022-11-04,11,2022,C04828,Judith Victoria Rosario,Oeste,Regular,V039,Sr. Modesto Guillen,Oeste,P0022,Acer Swift 5,Laptops,31705.66,1.0,0.01,31388.6,41
VTA0080008,2022-11-24,11,2022,C00725,Dr. Santiago Romero,Sur,Premium,V019,Jacinto Rodrigo Salazar Rolón,Sur,P0052,Protector Pantalla S24,Accesorios,1048.97,4.0,0.1,3776.29,31
VTA0080009,2022-11-03,11,2022,C01713,,Centro,Ocasional,V003,Jacinto Rivero Valladares,Centro,P0102,GoPro Hero 12,Fotografía,24055.67,2.0,0.13,41856.87,45
VTA0080010,2022-11-15,11,2022,C04049,Ana María Juana Lira Jurado,Norte,Ocacional,V015,Joaquín Benavides Meza,Norte,P0072,Huawei MatePad Pro,celulares,20094.11,1.0,0.19,16276.23,43
VTA0080011,2022-11-17,11,2022,C01537,Violeta Cordero Menchaca,Centro,Ocasional,V037,Victoria Caridad Concepción,Centro,P0037,JBL Charge 5,Audio,7184.03,2.0,0.11,12787.57,21
VTA0080012,2022-11-27,11,2022,C00638,  Laura Montalvo  ,Norte,Regular,V043,Homero Esquivel,Norte,P0046,JBL Flip 6,Audio,2552.35,3.0,0.1,6891.34,40
VTA0080013,2022-11-21,11,2022,C03738,Hernán Abelardo Cornejo,Este,Ocasional,V010,Sra. Guadalupe Llamas,Este,P0082,Xbox Series X,Gaming,11380.64,2.0,0.05,21623.22,30
VTA0080014,2022-11-20,11,2022,C00185,Lucía María Teresa Orta Miranda,Centro,Ocasional,V033,Jaime Gamez Maldonado,Centro,P0104,Flash Godox V1,Fotografía,15872.11,4.0,0.08,58409.36,40
VTA0080015,2022-11-05,11,2022,C04281,Ariadna Mercedes Carrión,Este,Premium,V005,Aldo Adán Rodrígez Galarza,Este,P0053,Hub USB-C 7en1,Accesorios,436.89,4.0,0.15,1485.43,20
VTA0080016,2022-11-05,11,2022,C03406,Francisco Javier Serrato Roldán,Sur,Regular,V018,Lic. Gilberto Castellanos,Sur,P0027,MacBook Air M2,Laptops,35614.6,1.0,0.0,35614.6,24
VTA0080017,2022-11-23,11,2022,C04042,,Centro,Ocasional,V048,Ivonne Véliz,Centro,P0007,Realme GT5,Celulares,18428.58,4.0,0.15,62657.17,39
VTA0080018,2022-11-16,11,2022,C04170,Dalia Carrión García,Sur,Regular,V017,Abraham Apodaca Colunga,Centro,P0053,Hub USB-C 7en1,Accesorios,413.02,4.0,0.09,1503.39,20
VTA0080019,2022-11-24,11,2022,C00481,Gabriel Gastélum,Norte,Regular,V044,Julia Esther Solorio,Centro,P0101,DJI Mavic 3 Pro,Fotografía,14689.57,5.0,0.09,66837.54,27
VTA0080020,2022-11-20,11,2022,C00101,  Mercedes Isabel Casas Rodríguez  ,Oeste,Regular,V007,Conchita Leticia Gastélum Corral,Oeste,P0074,iPad Mini 6, Accesorios,19274.32,5.0,0.07,89625.59,31
VTA0080021,2022-11-30,11,2022,C04199,Emilia Ariadna Salcedo Cabrera,Oeste,Ocasional,V003,Jacinto Rivero Valladares,Centro,P0125,TV Samsung QLED 55,Hogar Inteligente,2596.29,1.0,0.17,2154.92,20
VTA0080022,2022-11-17,11,2022,C01206,Eva Esparta Leal,Norte,Premium,V009,Amanda María José Bravo,Norte,P0073,Microsoft Surface Go 3,Tablets,10394.65,5.0,0.04,49894.32,22
VTA0080023,2022-11-05,11,2022,C01523,Sonia Marisol Arce Cabán,Sur,REGULAR,V025,Manuel Gerónimo Armas,Sur,P0127,Router WiFi 6 Mesh,Hogar Inteligente,5289.18,5.0,0.01,26181.44,44
VTA0080024,2022-11-03,11,2022,C02028,Lilia Estela Marroquín,Oeste,Ocasional,V030,Gustavo Camilo Ochoa Gamboa,Oeste,P0032,ASUS VivoBook 16,Laptops,10808.99,2.0,0.01,21401.8,38
VTA0080025,2022-11-07,11,2022,C04185,Teodoro Miguel Ángel Zamora Treviño,Sur,Regular,V032,Nelly Barela Cardenas,Este,P0018,Dell XPS 15,Laptops,37943.17,2.0,0.15,64503.39,40
VTA0080026,2022-11-18,11,2022,C00502,  Nadia María Cristina Niño  ,Sur,ocasional,V020,Dr. Arturo Angulo,Sur,P0028,Dell Inspiron 15, Accesorios,25422.2,4.0,0.12,89486.14,37
VTA0080027,2022-11-25,11,2022,C03705,Lic. Marco Antonio Matos,Este,Ocasional,V005,Aldo Adán Rodrígez Galarza,Este,P0056,Webcam Logitech C920,Accesorios,1709.18,2.0,0.16,2871.42,43
VTA0080028,2022-11-08,11,2022,C04866,Cristian Eloy Guerrero Sotelo,Norte,Ocasional,V004,Aurora Zelaya,Norte,P0039,Sennheiser HD 450,Audio,1133.93,4.0,0.11,4036.79,24
VTA0080029,2022-11-17,11,2022,C00787,Gabriela Zayas,Este,ocasional,V010,Sra. Guadalupe Llamas,Este,P0026,MSI Prestige 16,hogar inteligente,8953.83,5.0,0.06,42083.0,44
VTA0080030,2022-11-23,11,2022,C01525,Cristobal Omar Véliz,Norte,Ocasional,V002,Nelly Marrero Ortiz,Norte,P0110,Reflector 5en1 80cm,Fotografía,16310.08,1.0,0.2,13048.06,26
VTA0080031,2022-11-13,11,2022,C02511,Ing. Ángela Lovato,Norte,Ocasional,V046,Hermelinda Josefina Rodarte Bahena,Norte,P0029,HP Pavilion 15,Laptops,8411.62,5.0,0.12,37011.13,24
VTA0080032,2022-11-02,11,2022,C04026,José María Mateo Menchaca Bernal,Centro,Premium,V041,Srita. Nadia Casas,Centro,P0064,Limpiador Pantallas Kit,Accesorios,1444.03,4.0,0.09,5256.27,44
VTA0080033,2022-11-12,11,2022,C04776,Dulce María Paola Palomino,Este,Premium,V005,Aldo Adán Rodrígez Galarza,Este,P0088,Teclado Razer Huntsman,Gaming,23584.76,4.0,0.13,82074.96,44
VTA0080034,2022-11-26,11,2022,C03387,Hilda Linda Arriaga,Norte,Regular,V016,Octavio Mario Rincón Marín,Norte,P0096,Cooling Noctua NH-D15,Gaming,9128.88,2.0,0.05,17344.87,41
VTA0080035,08/11/2022,11,2022,C01661,Julio César Espinosa,Este,Premium,V032,Nelly Barela Cardenas,Este,P0119,Enchufe Inteligente TP,Hogar Inteligente,5007.2,3.0,0.07,13970.09,27
VTA0080036,2022-11-12,11,2022,C04228,Alonso Casillas Leyva,Sur,Ocasional,V036,  Dr. Ignacio Aparicio  ,Sur,P0110,Reflector 5en1 80cm,Fotografía,14541.83,1.0,0.06,13669.32,26
VTA0080037,2022-11-19,11,2022,C02968,  Paola Laura Montez  ,Norte,Premium,V029,Francisco Ballesteros,Norte,P0106,Mochila Lowepro Pro,Fotografía,17235.73,2.0,0.01,34126.75,40
VTA0080038,2022-11-11,11,2022,C03506,Gilberto Francisco Aguirre Mireles,Este,Premium,V049,Ing. María Teresa Bétancourt,Este,P0121,Roomba j7 Plus,Hogar Inteligente,6713.88,5.0,0.06,31555.24,38
VTA0080039,2022-11-01,11,2022,C00255,Joaquín Augusto Guzmán Lerma,Oeste,Premium,V007,Conchita Leticia Gastélum Corral,Oeste,P0030,Lenovo IdeaPad 5,Laptops,44372.74,2.0,0.15,75433.66,21
VTA0080040,2022-11-10,11,2022,C03502,  Eugenio Jorge Luis Sotelo Benavides  ,Este,Ocasional,V010,Sra. Guadalupe Llamas,Este,P0029,HP Pavilion 15,Laptops,8981.6,2.0,0.02,17603.94,24
VTA0080041,2022-11-04,11,2022,C01659,Minerva Úrsula Gaitán Briseño,Sur,Regular,V021,  Cristal Valdés Maya  ,Sur,P0055,Teclado Keychron K2,Accesorios,1454.61,1.0,0.12,1280.06,28
VTA0080042,2022-11-23,11,2022,C01800,Gonzalo Lucio Quintero,Oeste,REGULAR,V041,Srita. Nadia Casas,Centro,P0102,GoPro Hero 12,Fotografía,27422.61,1.0,0.04,26325.71,45
VTA0080043,2022-11-11,11,2022,C00519,  Teodoro Clemente Gracia Quezada  ,Centro,Regular,V044,Julia Esther Solorio,Centro,P0071,ASUS Zenpad 3S,Tablets,13544.4,4.0,0.06,50926.94,20
VTA0080044,2022-11-30,11,2022,C02633,Lic. Gustavo Hernández,Este,Regular,V049,Ing. María Teresa Bétancourt,Este,P0105,Tripié Joby GorillaPod,Fotografía,10827.24,3.0,0.05,30857.63,41
VTA0080045,2022-11-22,11,2022,C03551,César Colón Apodaca,Sur,premiun,V023,Fidel Negrete Domínguez,Sur,P0083,Nintendo Switch OLED,Gaming,15930.93,2.0,0.12,28038.44,39
VTA0080046,2022-11-23,11,2022,C03995,  Hermelinda Alicia Fierro  ,Norte,Regular,V043,Homero Esquivel,Norte,P0028,Dell Inspiron 15,Laptops,24936.54,5.0,0.18,102239.81,37
VTA0080047,2022-11-01,11,2022,C01439,Lic. Eduardo Reséndez,Centro,Premium,V017,Abraham Apodaca Colunga,Centro,P0035,Bose QC45,Audio,2530.17,1.0,0.12,2226.55,19
VTA0080048,13/11/2022,11,2022,C00188,Reynaldo Muñiz Aguayo,Oeste,Premiun,V040,Karla Silvia Mireles Patiño,Oeste,P0009,Sony Xperia 1 VI,Celulares,21535.87,2.0,0.13,37472.41,24
VTA0080049,2022-11-28,11,2022,C03755,Rafaél Augusto Menéndez,Sur,Premiun,V020,Dr. Arturo Angulo,Sur,P0028,Dell Inspiron 15,Laptops,26405.62,1.0,0.14,22708.83,37
VTA0080050,2022-11-01,11,2022,C02298,Abelardo César Mora,Centro,Ocasional,V031,  Bernabé César Salazar  ,Centro,P0057,Soporte Laptop Adjustable,Accesorios,508.34,5.0,0.1,2287.53,39
VTA0080051,2022-11-30,11,2022,C03476,Dr. Vicente Saldaña,Este,Regular,V047,  Estela Bianca Melgar Arias  ,Oeste,P0012,Samsung A55,gaming,18739.47,5.0,0.09,85264.59,36
VTA0080052,2022-11-13,11,2022,C02051,  Carlota Brito  ,Norte,Regular,V043,Homero Esquivel,Norte,P0088,Teclado Razer Huntsman,Gaming,24067.34,4.0,0.06,90493.2,44
VTA0080053,2022-11-16,11,2022,C01440,Tania Adriana Lucero,Norte,Premium,V015,Joaquín Benavides Meza,Norte,P0015,Nokia G42,Celulares,18484.96,2.0,0.11,32903.23,26
VTA0080054,2022-11-23,11,2022,C00847,Sra. Sessa Ordóñez,Sur,Premium,V019,Jacinto Rodrigo Salazar Rolón,Sur,P0117,Cámara Nest Doorbell,Hogar Inteligente,10075.24,1.0,0.03,9772.98,34
VTA0080055,2022-11-07,11,2022,C02415,Gonzalo Brito Correa,Sur,Premium,V020,Dr. Arturo Angulo,Sur,P0046,JBL Flip 6,Audio,2306.73,2.0,0.17,3829.17,40
VTA0080056,2022-11-09,11,2022,C03733,David Valdez Olvera,Norte,Ocasional,V015,Joaquín Benavides Meza,Norte,P0121,Roomba j7 Plus,Hogar Inteligente,6096.29,4.0,0.13,21215.09,38
VTA0080057,14/11/2022,11,2022,C01362,Bernardo Roberto Cabán Valle,Centro,Ocasional,V048,Ivonne Véliz,Centro,P0072,Huawei MatePad Pro,Tablets,17625.86,1.0,0.09,16039.53,43
VTA0080058,2022-11-06,11,2022,C04456,Sonia Campos Rivera,Oeste,Ocasional,V022,Bernardo Lemus Caballero,Oeste,P0061,Batería Portátil 20000,Accesorios,1679.7,4.0,0.13,5845.36,32
VTA0080059,2022-11-12,11,2022,C02822,Aldonza Farías Bonilla,Sur,Premium,V007,Conchita Leticia Gastélum Corral,Oeste,P0014,Motorola G84,Celulares,6465.95,2.0,0.14,11121.43,20
VTA0080060,2022-11-16,11,2022,C00470,  Dalia Elsa Armendáriz  ,Este,Premium,V032,Nelly Barela Cardenas,Este,P0125,TV Samsung QLED 55,gaming,2515.46,4.0,0.1,9055.66,20
VTA0080061,2022-11-16,11,2022,C02671,Yeni Marisol Tirado,Oeste,Ocasional,V018,Lic. Gilberto Castellanos,Sur,P0075,Samsung Galaxy Tab A9,Tablets,18193.09,2.0,0.2,29108.94,35
VTA0080062,2022-11-03,11,2022,C04278,Barbara Guadalupe Polanco,Centro,Premium,V003,Jacinto Rivero Valladares,Centro,P0010,Huawei Pura 70,Celulares,9788.17,5.0,0.03,47472.62,27
VTA0080063,28/11/2022,11,2022,C02773,Lic. Paulina Arellano,Norte,Regular,V016,Octavio Mario Rincón Marín,Norte,P0015,Nokia G42,Celulares,19806.9,3.0,0.08,54667.04,26
VTA0080064,2022-11-14,11,2022,C04431,Octavio Feliciano Gollum,Norte,Premium,V009,Amanda María José Bravo,Norte,P0065,iPad Pro M2 12.9,Tablets,7761.52,1.0,0.16,6519.68,21
VTA0080065,2022-11-25,11,2022,C01469,Dulce Villalobos,Oeste,Regular,V014,Ofelia Miriam Negrón,Oeste,P0021,ASUS ROG Zephyrus,Laptops,11447.52,3.0,0.04,32968.86,36
VTA0080066,2022-11-08,11,2022,C00671,Ricardo Morales Toro,Norte,Premium,V037,Victoria Caridad Concepción,Centro,P0122,Aspiradora Dyson V15, Accesorios,3006.27,2.0,0.01,5952.41,28
VTA0080067,2022-11-22,11,2022,C03420,Dr. Samuel Otero,Norte,Regular,V002,Nelly Marrero Ortiz,Norte,P0123,Cerradura Yale Smart,Hogar Inteligente,9131.49,1.0,0.15,7761.77,29
VTA0080068,2022-11-04,11,2022,C04709,Raúl Lebrón,Oeste,Regular,V039,Sr. Modesto Guillen,Oeste,P0088,Teclado Razer Huntsman,Gaming,25187.51,5.0,0.19,102009.42,44
VTA0080069,2022-11-23,11,2022,C04235,Carlota Hermelinda Delgado,Norte,Ocasional,V009,Amanda María José Bravo,Norte,P0126,Proyector BenQ 4K,Hogar Inteligente,8258.94,2.0,0.12,14535.73,35
VTA0080070,2022-11-28,11,2022,C02499,Marcos Lucio,Norte,Regular,V031,  Bernabé César Salazar  ,Centro,P0062,Reloj Smartwatch Band,Accesorios,1249.95,5.0,0.17,5187.29,38
VTA0080071,2022-11-19,11,2022,C02766,Marisela González Padilla,Centro,Regular,V044,Julia Esther Solorio,Centro,P0017,MacBook Pro M3,Laptops,13005.02,4.0,0.08,47858.47,43
VTA0080072,2022-11-15,11,2022,C04669,Alberto Patiño,Sur,Regular,V044,Julia Esther Solorio,Centro,P0087,Headset HyperX Cloud III,Gaming,2274.48,3.0,0.17,5663.46,38
VTA0080073,17/11/2022,11,2022,C02921,  Julia Hernandes Figueroa  ,Este,Regular,V005,Aldo Adán Rodrígez Galarza,Este,P0084,Steam Deck 512GB,Gaming,12924.73,1.0,0.02,12666.24,26
VTA0080074,2022-11-17,11,2022,C04957,Salvador René Moreno Barreto,Sur,Premium,V024,Bernabé Guerra,Sur,P0078,Chuwi HiPad X,tablets,12040.33,1.0,0.12,10595.49,20
VTA0080075,2022-11-04,11,2022,C03131,Pamela Verónica Carbajal Dávila,Centro,Premium,V033,Jaime Gamez Maldonado,Centro,P0064,Limpiador Pantallas Kit,Accesorios,1286.88,3.0,0.07,3590.4,44
VTA0080076,2022-11-18,11,2022,C02167,Dr. Bruno Padrón,Centro,Regular,V044,Julia Esther Solorio,Centro,P0029,HP Pavilion 15,Laptops,9667.08,3.0,0.17,24071.03,24
VTA0080077,2022-11-12,11,2022,C01003,Sr. Horacio Sotelo,Este,Regular,V041,Srita. Nadia Casas,Centro,P0030,Lenovo IdeaPad 5,Laptops,45259.97,1.0,0.13,39376.17,21
VTA0080078,2022-11-10,11,2022,C03311,Estefanía Maldonado Alfaro,Este,Regular,V005,Aldo Adán Rodrígez Galarza,Este,P0029,HP Pavilion 15,Laptops,9118.82,5.0,0.02,44682.22,24
VTA0080079,17/11/2022,11,2022,C00389,Ing. Emilio Chapa,Norte,Regular,V009,Amanda María José Bravo,Norte,P0118,Termostato Nest 3,Hogar Inteligente,1536.55,5.0,0.11,6837.65,30
VTA0080080,2022-11-25,11,2022,C00436,  Clara Tamayo Ordóñez  ,Centro,Regular,V010,Sra. Guadalupe Llamas,Este,P0063,Pad Mouse XL Gaming,Accesorios,1866.86,3.0,0.11,4984.52,42
VTA0080081,02/11/2022,11,2022,C00808,Vicente Rojo Villegas,Sur,Ocasional,V008,Irene Franco,Sur,P0028,Dell Inspiron 15,Laptops,29505.5,1.0,0.19,23899.46,37
VTA0080082,2022-11-23,11,2022,C00486,Amador Mayorga,Norte,Premium,V016,Octavio Mario Rincón Marín,Norte,P0067,iPad Air M1,Tablets,16825.04,3.0,0.18,41389.6,39
VTA0080083,2022-11-24,11,2022,C04290,Liliana Quintana Duarte,Centro,Regular,V003,Jacinto Rivero Valladares,Centro,P0019,HP Spectre x360,Laptops,36506.38,1.0,0.06,34316.0,26
VTA0080084,2022-11-25,11,2022,C00283,Elvia Quiñones Tello,Centro,Regular,V022,Bernardo Lemus Caballero,Oeste,P0077,Blackview Tab 16,Tablets,11125.92,2.0,0.09,20249.17,21
VTA0080085,2022-11-06,11,2022,C04356,  Mario Enrique Carmona  ,Norte,Premium,V004,Aurora Zelaya,Norte,P0087,Headset HyperX Cloud III,Gaming,2166.92,2.0,0.02,4247.16,38
VTA0080086,2022-11-09,11,2022,C03665,Miriam Benavides Esparza,Oeste,ocasional,V028,Sofía Delia Gurule Cantú,Centro,P0007,Realme GT5,Celulares,17027.61,1.0,0.1,15324.85,39
VTA0080087,2022-11-27,11,2022,C03919,Julia Caballero,Sur,REGULAR,V034,Rufino Rivera,Sur,P0051,Funda iPhone 15 Pro,Accesorios,1388.35,2.0,0.19,2249.13,40
VTA0080088,27/11/2022,11,2022,C02643,Ing. Héctor Carrillo,Oeste,Ocasional,V049,Ing. María Teresa Bétancourt,Este,P0074,iPad Mini 6,Tablets,18136.43,2.0,0.15,30831.93,31
VTA0080089,2022-11-07,11,2022,C03078,Pablo Elias Ozuna Olvera,Oeste,Ocasional,V026,Ing. Elias Valdivia,Oeste,P0092,Micrófono Blue Yeti,Gaming,14377.03,2.0,0.03,27891.44,47
VTA0080090,21/11/2022,11,2022,C02632,Estefanía Narváez Soliz,Este,REGULAR,V044,Julia Esther Solorio,Centro,P0036,Samsung Galaxy Buds2,Audio,6359.07,2.0,0.06,11955.05,43
VTA0080091,2022-11-09,11,2022,C03880,Sr. René Cervantes,Este,REGULAR,V011,Clara Loera,Este,P0053,Hub USB-C 7en1,Accesorios,428.28,2.0,0.19,693.81,20
VTA0080092,2022-11-22,11,2022,C01423,Alejandra Karla Escobedo,Sur,Premium,V025,Manuel Gerónimo Armas,Sur,P0032,ASUS VivoBook 16,Laptops,11578.07,4.0,0.14,39828.56,38
VTA0080093,2022-11-10,11,2022,C02924,Srita. Lilia Bustos,Oeste,Premium,V022,Bernardo Lemus Caballero,Oeste,P0016,Tecno Spark 20,audio ,14034.04,4.0,0.14,48277.1,20
VTA0080094,16/11/2022,11,2022,C03644,Santiago Rubén Granados,Centro,Ocasional,V003,Jacinto Rivero Valladares,Centro,P0087,Headset HyperX Cloud III,Gaming,2204.15,2.0,0.12,3879.3,38
VTA0080095,2022-11-29,11,2022,C01319,Hernán Jesús Montez,Centro,Premium,V044,Julia Esther Solorio,Centro,P0036,Samsung Galaxy Buds2,hogar inteligente,7072.02,2.0,0.08,13012.52,43
VTA0080096,2022-11-25,11,2022,C00037,Lic. Carlota Tamez,Este,Premium,V011,Clara Loera,Este,P0091,Capturadora Elgato 4K,Gaming,1575.13,5.0,0.05,7481.87,25
VTA0080097,2022-11-14,11,2022,C00956,Mateo Eugenio Ordóñez,Centro,Premium,V028,Sofía Delia Gurule Cantú,Centro,P0038,Beats Studio Pro,Audio,2511.51,2.0,0.01,4972.79,39
VTA0080098,2022-11-15,11,2022,C04867,  Israel Raúl Matías  ,Centro,Ocasional,V031,  Bernabé César Salazar  ,Centro,P0076,TCL Tab 10,Tablets,18100.15,4.0,0.16,60816.5,24
VTA0080099,2022-11-07,11,2022,C01076,Ing. Iván Magaña,Norte,Regular,V002,Nelly Marrero Ortiz,Norte,P0067,iPad Air M1,fotografia,15473.87,4.0,0.18,50754.29,39
VTA0080100,2022-11-12,11,2022,C00912,Dra. Emilia Batista,Sur,Ocasional,V019,Jacinto Rodrigo Salazar Rolón,Sur,P0113,Alexa Echo Dot 5,Hogar Inteligente,10936.02,4.0,0.13,38057.35,20
VTA0080101,2022-11-14,11,2022,C04044,Reina Patiño Segura,Norte,Regular,V023,Fidel Negrete Domínguez,Sur,P0081,PlayStation 5,Gaming,11202.99,5.0,0.04,53774.35,46
VTA0080102,2022-11-29,11,2022,C03734,Marcos Ramos Arroyo,Oeste,Premium,V040,Karla Silvia Mireles Patiño,Oeste,P0112,Estabilizador DJI OM6,gaming,15164.52,3.0,0.15,38669.53,33
VTA0080103,2022-11-11,11,2022,C02812,Carlota Conchita Arguello Vigil,Norte,Ocasional,V045,Marisela Vanesa Chapa Aranda,Norte,P0015,Nokia G42,Celulares,20290.05,5.0,0.02,99421.24,26
VTA0080104,2022-11-03,11,2022,C03916,Marco Antonio Adalberto Girón,Este,Ocasional,V011,Clara Loera,Este,P0116,Foco Philips Hue,audio ,3963.79,1.0,0.17,3289.95,44
VTA0080105,2022-11-08,11,2022,C01123,Irene Ojeda Acevedo,Sur,Premiun,V019,Jacinto Rodrigo Salazar Rolón,Sur,P0013,Xiaomi Redmi Note 13,Celulares,13337.11,3.0,0.05,38010.76,30
VTA0080106,2022-11-04,11,2022,C00373,Felix Renato Garza Meza,Oeste,Regular,V050,José María Gustavo Beltrán,Oeste,P0095,SSD Samsung 980 Pro,Gaming,2811.26,,0.16,11807.29,28
VTA0080107,2022-11-20,11,2022,C02514,Magdalena Berta Domínguez Martínez,Este,Premium,V032,Nelly Barela Cardenas,Este,P0055,Teclado Keychron K2,Accesorios,1399.9,5.0,0.1,6299.55,28
VTA0080108,2022-11-11,11,2022,C01293,Lic. Violeta Zarate,Este,REGULAR,V005,Aldo Adán Rodrígez Galarza,Este,P0044,Anker Q45,Audio,7982.15,4.0,0.01,31609.31,23
VTA0080109,2022-11-21,11,2022,C03978,Julio César Ibarra Borrego,Este,Ocacional,V027,Claudio Andrés Gómez Sosa,Sur,P0089,Mouse Logitech G Pro X,Gaming,6841.11,4.0,0.19,22165.2,45
VTA0080110,2022-11-02,11,2022,C02838,  Elias Porfirio Contreras  ,Sur,Premium,V025,Manuel Gerónimo Armas,Sur,P0081,PlayStation 5,Gaming,10427.92,5.0,0.1,46925.64,46
VTA0080111,2022-11-25,11,2022,C04314,  Ing. Vicente Bustos  ,Oeste,Regular,V026,Ing. Elias Valdivia,Oeste,P0125,TV Samsung QLED 55,Hogar Inteligente,2393.35,2.0,0.1,4308.03,20
VTA0080112,2022-11-18,11,2022,C03917,Óscar Benito Becerra Valenzuela,Este,Regular,V003,Jacinto Rivero Valladares,Centro,P0027,MacBook Air M2,Laptops,32512.78,4.0,0.03,126149.59,24
VTA0080113,2022-11-26,11,2022,C03644,Santiago Rubén Granados,Centro,Ocasional,V042,  Srita. Sandra Escamilla  ,Norte,P0116,Foco Philips Hue,Hogar Inteligente,4254.99,5.0,0.07,19785.7,44
VTA0080114,2022-11-10,11,2022,C03441,Leonardo Mojica Lugo,Oeste,Ocasional,V026,Ing. Elias Valdivia,Oeste,P0037,JBL Charge 5,Audio,6848.98,3.0,0.12,18081.31,21
VTA0080115,2022-11-20,11,2022,C02796,María Teresa Sonia Pacheco Cano,Oeste,Regular,V019,Jacinto Rodrigo Salazar Rolón,Sur,P0067,iPad Air M1,Tablets,14887.23,3.0,0.18,36622.59,39
VTA0080116,2022-11-07,11,2022,C01986,Enrique Silvano González Serna,Oeste,Regular,V016,Octavio Mario Rincón Marín,Norte,P0018,Dell XPS 15,Laptops,39781.42,3.0,0.05,113377.05,40
VTA0080117,03/11/2022,11,2022,C04650,Sr. Timoteo Reyes,Oeste,Regular,V035,Estela Haro,Oeste,P0018,Dell XPS 15,Laptops,41961.07,3.0,0.09,114553.72,40
VTA0080118,2022-11-04,11,2022,C04838,Mariana Daniela Pacheco Villarreal,Sur,Premium,V025,Manuel Gerónimo Armas,Sur,P0080,Honor Pad 8,Tablets,9356.66,2.0,0.09,17029.12,19
VTA0080119,2022-11-02,11,2022,C02365,Alonso Homero Rael,Oeste,Ocacional,V039,Sr. Modesto Guillen,Oeste,P0108,Batería Canon LP-E6,Fotografía,15886.64,4.0,0.15,54014.58,32
VTA0080120,27/11/2022,11,2022,C02281,Liliana Cabrera Rosario,Oeste,Ocasional,V050,José María Gustavo Beltrán,Oeste,P0079,Realme Pad 2,Tablets,9031.83,5.0,0.08,41546.42,20
VTA0080121,2022-11-17,11,2022,C01395,Lic. Bernabé Roque,Norte,ocasional,V009,Amanda María José Bravo,Norte,P0127,Router WiFi 6 Mesh,Hogar Inteligente,4949.44,1.0,0.02,4850.45,44
VTA0080122,2022-11-19,11,2022,C04318,Rosa Lucía de la Rosa,Oeste,Premium,V001,Fernando Casares Jimínez,Oeste,P0117,Cámara Nest Doorbell,Hogar Inteligente,11821.95,4.0,0.17,39248.87,34
VTA0080123,2022-11-20,11,2022,C02087,Federico David Báez,Norte,Regular,V009,Amanda María José Bravo,Norte,P0074,iPad Mini 6,Tablets,19186.23,5.0,0.01,94971.84,31
VTA0080124,2022-11-18,11,2022,C01390,Irma María Cristina Nevárez Leiva,Oeste,Regular,V022,Bernardo Lemus Caballero,Oeste,P0068,Lenovo Tab P12,Tablets,15882.15,4.0,0.03,61622.74,21
VTA0080125,14/11/2022,11,2022,C03902,Abril Inés Madrigal,Este,Premium,V005,Aldo Adán Rodrígez Galarza,Este,P0036,Samsung Galaxy Buds2,Audio,7609.92,2.0,0.17,12632.47,43
VTA0080126,26/11/2022,11,2022,C03569,Rocío Montañez,Oeste,Ocacional,V030,Gustavo Camilo Ochoa Gamboa,Oeste,P0013,Xiaomi Redmi Note 13, Accesorios,11587.32,4.0,0.12,40787.37,30
VTA0080127,2022-11-22,11,2022,C04539,Dra. Fabiola Calvillo,Norte,premiun,V029,Francisco Ballesteros,Norte,P0097,Canon EOS R6 Mark II,Fotografía,29573.0,2.0,0.13,51457.02,38
VTA0080128,2022-11-20,11,2022,C03753,Noemí Asunción Valdez,Centro,Premium,V045,Marisela Vanesa Chapa Aranda,Norte,P0080,Honor Pad 8,Tablets,9414.95,3.0,0.03,27397.5,19
VTA0080129,2022-11-28,11,2022,C01504,Silvano Abelardo Ruiz de León,Sur,Regular,V027,Claudio Andrés Gómez Sosa,Sur,P0124,Sensor Movimiento Aqara,tablets,8346.03,4.0,0.05,31714.91,35
VTA0080130,2022-11-20,11,2022,C03633,Roberto Lara Mejía,Centro,Ocasional,V035,Estela Haro,Oeste,P0116,Foco Philips Hue,Hogar Inteligente,4273.63,5.0,0.17,17735.56,44
VTA0080131,2022-11-16,11,2022,C00796,Lorena Farías Melgar,Oeste,REGULAR,V001,Fernando Casares Jimínez,Oeste,P0012,Samsung A55,Celulares,20228.48,5.0,0.2,80913.92,36
VTA0080132,2022-11-01,11,2022,C04379,Flavio Abel Negrete,Este,Ocasional,V032,Nelly Barela Cardenas,Este,P0107,Tarjeta SD SanDisk 256,Fotografía,11821.88,2.0,0.09,21515.82,27
VTA0080133,2022-11-22,11,2022,C03097,Concepción Ariadna Pizarro,Este,Premium,V005,Aldo Adán Rodrígez Galarza,Este,P0088,Teclado Razer Huntsman,Gaming,21477.31,5.0,0.17,89130.84,44
VTA0080134,2022-11-22,11,2022,C02951,Lic. Gregorio Montero,Este,Ocacional,V049,Ing. María Teresa Bétancourt,Este,P0039,Sennheiser HD 450,gaming,1125.09,3.0,0.01,3341.52,24
VTA0080135,2022-11-17,11,2022,C00242,Adriana Conchita Medrano,Sur,Regular,V013,Alvaro Gaona Ocasio,Sur,P0081,PlayStation 5,Gaming,11637.48,2.0,0.04,22343.96,46
VTA0080136,2022-11-11,11,2022,C02660,,Oeste,Premium,V007,Conchita Leticia Gastélum Corral,Oeste,P0032,ASUS VivoBook 16,Laptops,11384.27,2.0,0.08,20947.06,38
VTA0080137,2022-11-22,11,2022,C04337,Sr. Renato Arteaga,Sur,Premium,V019,Jacinto Rodrigo Salazar Rolón,Sur,P0023,Microsoft Surface Pro 9,fotografia,29541.19,1.0,0.2,23632.95,27
VTA0080138,2022-11-13,11,2022,C01061,Soledad Ybarra de la Torre,Este,Premium,V010,Sra. Guadalupe Llamas,Este,P0072,Huawei MatePad Pro,Tablets,17968.97,4.0,0.09,65407.05,43
VTA0080139,2022-11-21,11,2022,C02410,Dra. Araceli Guillen,Oeste,Premium,V008,Irene Franco,Sur,P0052,Protector Pantalla S24,Accesorios,1124.46,4.0,0.15,3823.16,31
VTA0080140,2022-11-04,11,2022,C01501,Lic. Luz Nieto,Sur,Ocasional,V036,  Dr. Ignacio Aparicio  ,Sur,P0021,ASUS ROG Zephyrus,Laptops,12016.73,5.0,0.08,55276.96,36
VTA0080141,2022-11-28,11,2022,C01504,Silvano Abelardo Ruiz de León,Sur,Regular,V034,Rufino Rivera,Sur,P0009,Sony Xperia 1 VI,Celulares,21945.57,5.0,0.08,100949.62,24
VTA0080142,2022-11-30,11,2022,C04832,Sr. Ramiro Ulibarri,Sur,Regular,V008,Irene Franco,Sur,P0128,Panel Solar Portátil,Hogar Inteligente,4028.05,5.0,0.0,20140.25,39
VTA0080143,2022-11-22,11,2022,C00656,Esteban Briones,Centro,premiun,V037,Victoria Caridad Concepción,Centro,P0059,Audífonos USB-C,Accesorios,1653.95,4.0,0.17,5491.11,43
VTA0080144,2022-11-10,11,2022,C00524,Estela Bianca Durán,Este,premiun,V039,Sr. Modesto Guillen,Oeste,P0001,iPhone 15 Pro,Celulares,21142.28,4.0,0.07,78649.28,37
VTA0080145,25/11/2022,11,2022,C00584,  Cristobal Salcedo Zelaya  ,Centro,Premium,V041,Srita. Nadia Casas,Centro,P0004,Google Pixel 8,Celulares,5175.4,2.0,0.16,8694.67,34
VTA0080146,2022-11-24,11,2022,C01340,Abraham Acosta,Sur,Ocasional,V019,Jacinto Rodrigo Salazar Rolón,Sur,P0054,Mouse Logitech MX Master,Accesorios,1418.98,3.0,0.17,3533.26,25
VTA0080147,2022-11-19,11,2022,C04678,  David Serrato Cano  ,Este,Premium,V032,Nelly Barela Cardenas,Este,P0042,Audio Technica ATH,Audio,6227.68,2.0,0.17,10337.95,31
VTA0080148,2022-11-17,11,2022,C02535,Oswaldo Carreón Valentín,Sur,Premium,V034,Rufino Rivera,Sur,P0085,Monitor LG 27GP950,Gaming,19459.06,1.0,0.05,18486.11,43
VTA0080149,2022-11-24,11,2022,C03075,Luis Miguel Leonel Cervántez Cintrón,Norte,Regular,V043,Homero Esquivel,Norte,P0014,Motorola G84,Celulares,6357.08,3.0,0.07,17736.25,20
VTA0080150,11/11/2022,11,2022,C00081,Lic. Lorenzo Armenta,Este,REGULAR,V032,Nelly Barela Cardenas,Este,P0122,Aspiradora Dyson V15,Hogar Inteligente,2733.87,2.0,0.01,5413.06,28
VTA0080151,2022-11-11,11,2022,C04280,Estefanía Naranjo,Oeste,Premium,V014,Ofelia Miriam Negrón,Oeste,P0066,Samsung Galaxy Tab S9,Tablets,12621.1,4.0,0.1,45435.96,24
VTA0080152,2022-11-05,11,2022,C03086,Samuel Cordero,Oeste,Ocasional,V026,Ing. Elias Valdivia,Oeste,P0014,Motorola G84,Celulares,5897.3,4.0,0.08,21702.06,20
VTA0080153,2022-11-23,11,2022,C01381,Sra. Rosalia Heredia,Oeste,Regular,V035,Estela Haro,Oeste,P0080,Honor Pad 8,Tablets,8573.02,2.0,0.06,16117.28,19
VTA0080154,2022-11-13,11,2022,C04958,Germán Castillo,Centro,Regular,V003,Jacinto Rivero Valladares,Centro,P0032,ASUS VivoBook 16,Laptops,10544.13,3.0,0.13,27520.18,38
VTA0080155,2022-11-04,11,2022,C03933,Jorge Luis Augusto Montañez Tamez,Centro,Ocasional,V033,Jaime Gamez Maldonado,Centro,P0059,Audífonos USB-C,Accesorios,1410.17,1.0,0.19,1142.24,43
VTA0080156,2022-11-03,11,2022,C03655,Leticia Hernández Escobar,Norte,premiun,V043,Homero Esquivel,Norte,P0065,iPad Pro M2 12.9,Tablets,7821.16,1.0,0.17,6491.56,21
VTA0080157,2022-11-16,11,2022,C03556,César Castillo,Centro,Premium,V037,Victoria Caridad Concepción,Centro,P0009,Sony Xperia 1 VI,Celulares,24401.13,5.0,0.01,120785.59,24
VTA0080158,2022-11-13,11,2022,C04894,Liliana Grijalva Aguilera,Este,ocasional,V011,Clara Loera,Este,P0114,Google Nest Hub 2,hogar inteligente,5734.06,2.0,0.12,10091.95,45
VTA0080159,2022-11-09,11,2022,C04422,Sr. Jos Carrasco,Oeste,Premium,V047,  Estela Bianca Melgar Arias  ,Oeste,P0019,HP Spectre x360,Laptops,39112.53,2.0,0.1,70402.55,26
VTA0080160,03/11/2022,11,2022,C04032,Elisa Bahena Tafoya,Este,Ocasional,V032,Nelly Barela Cardenas,Este,P0091,Capturadora Elgato 4K,Gaming,1502.57,5.0,0.12,6611.31,25
VTA0080161,2022-11-04,11,2022,C02804,Alberto Garibay,Sur,Ocasional,V027,Claudio Andrés Gómez Sosa,Sur,P0108,Batería Canon LP-E6,Fotografía,15997.71,3.0,0.12,42233.95,32
VTA0080162,2022-11-25,11,2022,C00872,Alvaro Granado Treviño,Centro,Premium,V033,Jaime Gamez Maldonado,Centro,P0127,Router WiFi 6 Mesh,Hogar Inteligente,5101.22,1.0,0.04,4897.17,44
VTA0080163,2022-11-15,11,2022,C04814,Dulce María Ofelia Benavides Elizondo,Centro,Ocasional,V031,  Bernabé César Salazar  ,Centro,P0073,Microsoft Surface Go 3,Tablets,10321.0,4.0,0.01,40871.16,22
VTA0080164,2022-11-24,11,2022,C03266,Mario Gálvez,Norte,Premium,V015,Joaquín Benavides Meza,Norte,P0117,Cámara Nest Doorbell,Hogar Inteligente,10300.49,,0.14,8858.42,34
VTA0080165,2022-11-28,11,2022,C01339,,Centro,Regular,V033,Jaime Gamez Maldonado,Centro,P0043,Sony WF-1000XM5,Audio,4516.12,4.0,0.05,17161.26,25
VTA0080166,2022-11-23,11,2022,C04215,Maximiliano Esquibel Trejo,Este,Regular,V028,Sofía Delia Gurule Cantú,Centro,P0006,Motorola Edge 50,Celulares,8563.09,1.0,0.17,-7107.36,32
VTA0080167,2022-11-10,11,2022,C04506,Georgina Hilda Camarillo Galarza,Norte,Premium,V015,Joaquín Benavides Meza,Norte,P0079,Realme Pad 2,gaming,8352.38,2.0,0.13,14533.14,20
VTA0080168,2022-11-04,11,2022,C01186,  Dra. Ana Navarrete  ,Norte,Ocasional,V042,  Srita. Sandra Escamilla  ,Norte,P0047,Bose SoundLink,Audio,4389.15,4.0,0.06,16503.2,44
VTA0080169,30/11/2022,11,2022,C03520,Sr. Zacarías Carrera,Este,Premium,V011,Clara Loera,Este,P0080,Honor Pad 8,Tablets,8894.87,2.0,0.03,17256.05,19
VTA0080170,2022-11-14,11,2022,C04734,Andrea Cavazos Pabón,Este,Regular,V005,Aldo Adán Rodrígez Galarza,Este,P0041,Bang Olufsen H95,Audio,5659.59,5.0,0.16,23770.28,20
VTA0080171,2022-11-27,11,2022,C03696,Ing. Margarita Ulloa,Este,Regular,V005,Aldo Adán Rodrígez Galarza,Este,P0036,Samsung Galaxy Buds2,Audio,7282.17,5.0,0.04,34954.42,43
VTA0080172,2022-11-29,11,2022,C02610,Dr. Abraham Fuentes,Sur,Regular,V038,Violeta Itzel Benavídez,Oeste,P0062,Reloj Smartwatch Band,Accesorios,1191.59,1.0,0.04,1143.93,38
VTA0080173,2022-11-03,11,2022,C02492,Nayeli Menchaca,Oeste,Premium,V026,Ing. Elias Valdivia,Oeste,P0008,OPPO Find X7,Celulares,20806.16,3.0,0.15,53055.71,26
VTA0080174,28/11/2022,11,2022,C02538,  Sr. Julio Rentería  ,Norte,Regular,V016,Octavio Mario Rincón Marín,Norte,P0095,SSD Samsung 980 Pro,Gaming,3104.44,1.0,0.07,2887.13,28
VTA0080175,2022-11-20,11,2022,C01544,  Mitzy Rocío Arredondo  ,Oeste,Ocasional,V022,Bernardo Lemus Caballero,Oeste,P0029,HP Pavilion 15,Laptops,9600.55,5.0,0.07,44642.56,24
VTA0080176,30/11/2022,11,2022,C00084,Julio César Jos Molina Casanova,Norte,Ocasional,V002,Nelly Marrero Ortiz,Norte,P0115,Apple HomePod Mini,Hogar Inteligente,6617.37,2.0,0.06,12440.66,46
VTA0080177,25/11/2022,11,2022,C01681,Marcela Núñez,Sur,Premium,V034,Rufino Rivera,Sur,P0059,Audífonos USB-C,Accesorios,1501.96,3.0,0.06,4235.53,43
VTA0080178,2022-11-20,11,2022,C03292,Cynthia Josefina Rolón Coronado,Centro,Regular,V028,Sofía Delia Gurule Cantú,Centro,P0087,Headset HyperX Cloud III,Gaming,2276.09,1.0,0.12,2002.96,38
VTA0080179,2022-11-26,11,2022,C02261,Zoé Sáenz,Centro,Ocasional,V044,Julia Esther Solorio,Centro,P0028,Dell Inspiron 15,Laptops,26202.06,5.0,0.14,112668.86,37
VTA0080180,2022-11-13,11,2022,C00417,Darío Leal Ontiveros,Centro,Ocasional,V033,Jaime Gamez Maldonado,Centro,P0018,Dell XPS 15,Laptops,36686.25,5.0,0.13,159585.19,40
VTA0080181,2022-11-07,11,2022,C04394,Guadalupe Liliana Gallardo,Oeste,Regular,V050,José María Gustavo Beltrán,Oeste,P0023,Microsoft Surface Pro 9,Laptops,29983.01,3.0,0.19,72858.71,27
VTA0080182,2022-11-07,11,2022,C01678,,Centro,Regular,V011,Clara Loera,Este,P0067,iPad Air M1,Tablets,17535.62,1.0,0.1,15782.06,39
VTA0080183,2022-11-28,11,2022,C04187,Abel Mercado,Sur,Premium,V013,Alvaro Gaona Ocasio,Sur,P0029,HP Pavilion 15,Laptops,9286.59,4.0,0.05,35289.04,24
VTA0080184,2022-11-19,11,2022,C01050,  Omar Niño  ,Sur,Ocasional,V012,Rubén Marco Antonio Orta Ramos,Sur,P0114,Google Nest Hub 2,Hogar Inteligente,5801.9,1.0,0.1,5221.71,45
VTA0080185,2022-11-28,11,2022,C00810,Juan Carlos Cristian Carrasco Cintrón,Norte,Ocasional,V042,  Srita. Sandra Escamilla  ,Norte,P0089,Mouse Logitech G Pro X,Gaming,6809.08,5.0,0.12,29959.95,45
VTA0080186,2022-11-12,11,2022,C04360,  Ing. Leonor Naranjo  ,Norte,Ocasional,V046,Hermelinda Josefina Rodarte Bahena,Norte,P0076,TCL Tab 10,Tablets,15997.56,5.0,0.08,73588.78,24
VTA0080187,2022-11-30,11,2022,C01770,Cristal Eloisa Alvarado,Oeste,Premium,V042,  Srita. Sandra Escamilla  ,Norte,P0068,Lenovo Tab P12,Tablets,14482.1,5.0,0.16,60824.82,21
VTA0080188,2022-11-15,11,2022,C03328,Frida Olga Valentín,Este,Premium,V032,Nelly Barela Cardenas,Este,P0005,OnePlus 12,Celulares,5400.43,5.0,0.09,24571.96,40
VTA0080189,2022-11-16,11,2022,C00701,Nicolás Ramón,Oeste,Regular,V001,Fernando Casares Jimínez,Oeste,P0078,Chuwi HiPad X,Tablets,12680.38,1.0,0.08,11665.95,20
VTA0080190,2022-11-02,11,2022,C03088,Teresa Lozada,Este,Premium,V005,Aldo Adán Rodrígez Galarza,Este,P0040,Jabra Elite 85h,Audio,3063.24,1.0,0.03,2971.34,38
VTA0080191,2022-11-05,11,2022,C02505,Judith Olivia Gamboa,Sur,Ocasional,V025,Manuel Gerónimo Armas,Sur,P0004,Google Pixel 8,Celulares,5104.56,4.0,0.09,18580.6,34
VTA0080192,2022-11-25,11,2022,C03912,Dra. Judith Matías,Centro,Premium,V037,Victoria Caridad Concepción,Centro,P0021,ASUS ROG Zephyrus,Laptops,12351.22,4.0,0.08,45452.49,36
VTA0080193,2022-11-14,11,2022,C02437,  Srita. Socorro Chávez  ,Centro,Premium,V003,Jacinto Rivero Valladares,Centro,P0061,Batería Portátil 20000,Accesorios,1911.39,2.0,0.14,3287.59,32
VTA0080194,2022-11-08,11,2022,C02174,Luis Miguel Abelardo Meraz Barreto,Norte,Regular,V015,Joaquín Benavides Meza,Norte,P0094,RAM Corsair 32GB,Gaming,17155.71,3.0,0.16,43232.39,26
VTA0080195,2022-11-24,11,2022,C04592,José Eduardo Valladares Cazares,Sur,premiun,V002,Nelly Marrero Ortiz,Norte,P0064,Limpiador Pantallas Kit,Accesorios,1314.91,2.0,0.13,2287.94,44
VTA0080196,2022-11-26,11,2022,C00362,Cristina Judith Mora,Oeste,Ocasional,V026,Ing. Elias Valdivia,Oeste,P0033,Sony WH-1000XM5,Audio,7666.61,1.0,0.02,7513.28,25
VTA0080197,2022-11-09,11,2022,C04481,Ing. María Eugenia Mateo,Oeste,Regular,V040,Karla Silvia Mireles Patiño,Oeste,P0121,Roomba j7 Plus,Hogar Inteligente,6576.83,5.0,0.06,30911.1,38
VTA0080198,2022-11-25,11,2022,C01471,Yeni Ornelas Griego,Centro,Ocasional,V037,Victoria Caridad Concepción,Centro,P0116,Foco Philips Hue,Hogar Inteligente,4061.91,1.0,0.04,3899.43,44
VTA0080199,2022-11-03,11,2022,C03872,Dra. Aldonza Lucero,Centro,Ocasional,V044,Julia Esther Solorio,Centro,P0056,Webcam Logitech C920,Accesorios,1691.11,4.0,0.1,6088.0,43
VTA0080200,2022-11-11,11,2022,C02536,Dr. Daniel Pulido,Centro,Ocasional,V030,Gustavo Camilo Ochoa Gamboa,Oeste,P0009,Sony Xperia 1 VI,Celulares,25780.02,4.0,0.01,102088.88,24
VTA0080201,2022-11-05,11,2022,C04641,Marisol Natividad Jáquez,Oeste,Regular,V030,Gustavo Camilo Ochoa Gamboa,Oeste,P0128,Panel Solar Portátil,Hogar Inteligente,3710.3,5.0,0.19,15026.72,39
VTA0080202,2022-11-27,11,2022,C00058,Nicolás Jurado,Sur,Premium,V024,Bernabé Guerra,Sur,P0111,Monitor Portátil 4K,Fotografía,6372.58,5.0,0.05,30269.76,41
VTA0080203,01/11/2022,11,2022,C03561,Mauricio Rendón,Centro,Premiun,V048,Ivonne Véliz,Centro,P0031,Acer Aspire 7,Laptops,8802.75,,0.09,40052.51,38
VTA0080204,2022-11-16,11,2022,C00691,María Alvarez,Sur,Premium,V034,Rufino Rivera,Sur,P0127,Router WiFi 6 Mesh,Hogar Inteligente,5089.99,3.0,0.0,15269.97,44
VTA0080205,2022-11-25,11,2022,C00478,Sr. Ramón Galarza,Sur,Premium,V024,Bernabé Guerra,Sur,P0125,TV Samsung QLED 55,Hogar Inteligente,2615.98,1.0,0.2,2092.78,20
VTA0080206,2022-11-10,11,2022,C04246,Juana Indira Valadez Saldaña,Sur,Ocasional,V025,Manuel Gerónimo Armas,Sur,P0065,iPad Pro M2 12.9,Tablets,7448.27,3.0,0.02,21897.91,21
VTA0080207,2022-11-02,11,2022,C04194,Dr. Federico Gómez,Oeste,Regular,V022,Bernardo Lemus Caballero,Oeste,P0039,Sennheiser HD 450,Audio,1150.81,2.0,0.03,-2232.57,24
VTA0080208,2022-11-27,11,2022,C04825,Pascual Ortiz Orosco,Este,Ocasional,V032,Nelly Barela Cardenas,Este,P0099,Nikon Z6 III,Fotografía,29688.84,5.0,0.17,123208.69,21
VTA0080209,2022-11-07,11,2022,C01299,Lic. Ángel Maldonado,Este,Premium,V011,Clara Loera,Este,P0114,Google Nest Hub 2,Hogar Inteligente,5673.68,2.0,0.02,11120.41,45
VTA0080210,05/11/2022,11,2022,C04403,Jos Mares Canales,Norte,Premiun,V043,Homero Esquivel,Norte,P0089,Mouse Logitech G Pro X,Gaming,6780.45,1.0,0.07,6305.82,45
VTA0080211,2022-11-17,11,2022,C03051,Ing. José Carlos Jaramillo,Oeste,Premium,V038,Violeta Itzel Benavídez,Oeste,P0027,MacBook Air M2,Laptops,39082.16,3.0,0.11,104349.37,24
VTA0080212,2022-11-01,11,2022,C02372,Sr. Porfirio Salazar,Sur,ocasional,V006,  Dr. Evelio Murillo  ,Sur,P0003,Xiaomi 14 Pro,Celulares,21876.17,4.0,0.16,73503.93,36
VTA0080213,2022-11-23,11,2022,C03125,Timoteo Nájera Molina,Este,Regular,V049,Ing. María Teresa Bétancourt,Este,P0031,Acer Aspire 7,Laptops,8647.21,,0.07,-24125.72,38
VTA0080214,2022-11-17,11,2022,C04659,Fernando Abraham Escamilla Granado,Norte,Regular,V016,Octavio Mario Rincón Marín,Norte,P0006,Motorola Edge 50,Celulares,7593.32,4.0,0.16,25513.56,32
VTA0080215,11/11/2022,11,2022,C04162,Berta Saiz,Oeste,Regular,V003,Jacinto Rivero Valladares,Centro,P0128,Panel Solar Portátil,Hogar Inteligente,3566.24,3.0,0.03,10377.76,39
VTA0080216,2022-11-30,11,2022,C04100,  Vicente Vicente Tejada Muro  ,Oeste,Ocasional,V039,Sr. Modesto Guillen,Oeste,P0020,Lenovo ThinkPad X1,Laptops,26091.58,2.0,0.06,49052.17,42
VTA0080217,2022-11-10,11,2022,C01777,Rosario Lucía Aponte Nieto,Sur,Premium,V034,Rufino Rivera,Sur,P0089,Mouse Logitech G Pro X,Gaming,6629.38,3.0,0.14,17103.8,45
VTA0080218,2022-11-13,11,2022,C04968,Gabino Miguel Ángel Arellano,Oeste,Premiun,V014,Ofelia Miriam Negrón,Oeste,P0040,Jabra Elite 85h,Audio,3255.93,5.0,0.05,15465.67,38
VTA0080219,2022-11-21,11,2022,C01809,,Este,Regular,V049,Ing. María Teresa Bétancourt,Este,P0062,Reloj Smartwatch Band,Accesorios,1215.8,4.0,0.12,4279.62,38
VTA0080220,30/11/2022,11,2022,C01660,Francisca Eugenia Hernádez,Sur,Premiun,V030,Gustavo Camilo Ochoa Gamboa,Oeste,P0057,Soporte Laptop Adjustable,Accesorios,520.53,4.0,0.05,1978.01,39
VTA0080221,2022-11-08,11,2022,C04491,Diana Berta Montenegro,Este,Premium,V005,Aldo Adán Rodrígez Galarza,Este,P0116,Foco Philips Hue,Hogar Inteligente,4462.93,4.0,0.02,17494.69,44
VTA0080222,12/11/2022,11,2022,C00883,  Trinidad Catalina Gollum  ,Centro,Ocasional,V041,Srita. Nadia Casas,Centro,P0063,Pad Mouse XL Gaming,Accesorios,1976.03,5.0,0.18,8101.72,42
VTA0080223,2022-11-22,11,2022,C03765,Luisa Virginia Baca Merino,Centro,Premium,V028,Sofía Delia Gurule Cantú,Centro,P0086,Silla Gamer DXRacer,Gaming,22357.84,4.0,0.15,76016.66,26
VTA0080224,2022-11-19,11,2022,C01937,Ofelia Lucía Nieves Molina,Oeste,Premium,V021,  Cristal Valdés Maya  ,Sur,P0052,Protector Pantalla S24,Accesorios,1037.05,5.0,0.12,4563.02,31
VTA0080225,2022-11-03,11,2022,C04328,Irma Olga Vallejo,Centro,Ocasional,V044,Julia Esther Solorio,Centro,P0029,HP Pavilion 15,Laptops,8671.03,5.0,0.11,38586.08,24
VTA0080226,2022-11-01,11,2022,C00867,Andrés Olivera Corral,Oeste,Ocasional,V014,Ofelia Miriam Negrón,Oeste,P0016,Tecno Spark 20,Celulares,14928.05,5.0,0.04,71654.64,20
VTA0080227,2022-11-23,11,2022,C02245,Federico Ontiveros Mena,Centro,Regular,V037,Victoria Caridad Concepción,Centro,P0032,ASUS VivoBook 16,Laptops,11235.16,5.0,0.16,47187.67,38
VTA0080228,2022-11-09,11,2022,C03605,David Quezada,Este,Ocasional,V011,Clara Loera,Este,P0026,MSI Prestige 16,Laptops,10330.52,2.0,0.11,18388.33,44
VTA0080229,2022-11-13,11,2022,C01278,Georgina Florencia Rubio Arredondo,Sur,Regular,V021,  Cristal Valdés Maya  ,Sur,P0013,Xiaomi Redmi Note 13,Celulares,13473.57,3.0,0.02,39612.3,30
VTA0080230,2022-11-28,11,2022,C01333,Diana Julia Castañeda Orozco,Este,Ocacional,V011,Clara Loera,Este,P0116,Foco Philips Hue,Hogar Inteligente,4120.94,3.0,0.04,11868.31,44
VTA0080231,2022-11-16,11,2022,C04282,Olivia Sanches,Este,Regular,V032,Nelly Barela Cardenas,Este,P0083,Nintendo Switch OLED,Gaming,15150.75,2.0,0.15,25756.28,39
VTA0080232,2022-11-29,11,2022,C04363,Susana Ballesteros,Centro,Ocasional,V041,Srita. Nadia Casas,Centro,P0005,OnePlus 12,Celulares,5457.98,2.0,0.06,10261.0,40
VTA0080233,07/11/2022,11,2022,C02647,Rosa Dávila Barraza,Centro,Premium,V028,Sofía Delia Gurule Cantú,Centro,P0007,Realme GT5,Celulares,19367.02,3.0,0.19,47061.86,39
VTA0080234,2022-11-24,11,2022,C03916,Marco Antonio Adalberto Girón,Este,Ocacional,V032,Nelly Barela Cardenas,Este,P0070,Amazon Fire HD 10,Tablets,17392.76,3.0,0.13,45395.1,33
VTA0080235,29/11/2022,11,2022,C01137,Martín Cepeda,Oeste,Regular,V026,Ing. Elias Valdivia,Oeste,P0031,Acer Aspire 7,Laptops,9379.56,3.0,0.11,25043.43,38
VTA0080236,2022-11-30,11,2022,C02970,,Sur,Premium,V027,Claudio Andrés Gómez Sosa,Sur,P0017,MacBook Pro M3,Laptops,14022.89,5.0,0.11,-62401.86,43
VTA0080237,2022-11-17,11,2022,C00754,Arturo José Luis Guzmán,Sur,Regular,V023,Fidel Negrete Domínguez,Sur,P0071,ASUS Zenpad 3S,Tablets,13273.91,5.0,0.04,63714.77,20
VTA0080238,2022-11-15,11,2022,C04613,Dra. Caridad Cardona,Sur,Regular,V027,Claudio Andrés Gómez Sosa,Sur,P0030,Lenovo IdeaPad 5,Laptops,38252.83,3.0,0.17,95249.55,21
VTA0080239,13/11/2022,11,2022,C01935,  Marisol Paola Valencia Padrón  ,Sur,Premium,V024,Bernabé Guerra,Sur,P0109,Filtro ND Variable,Fotografía,3635.26,5.0,0.12,15995.14,30
VTA0080240,2022-11-27,11,2022,C04832,,Sur,Regular,V021,  Cristal Valdés Maya  ,Sur,P0044,Anker Q45,Audio,7728.48,3.0,0.01,22953.59,23
VTA0080241,2022-11-15,11,2022,C03766,Adalberto Prado,Oeste,Regular,V047,  Estela Bianca Melgar Arias  ,Oeste,P0062,Reloj Smartwatch Band,celulares,1232.73,5.0,0.02,6040.38,38
VTA0080242,2022-11-04,11,2022,C02500,Socorro Terrazas Portillo,Oeste,Regular,V050,José María Gustavo Beltrán,Oeste,P0063,Pad Mouse XL Gaming,Accesorios,1818.29,2.0,0.1,3272.92,42
VTA0080243,2022-11-16,11,2022,C02011,Aida Madrid,Este,Premium,V032,Nelly Barela Cardenas,Este,P0052,Protector Pantalla S24,Accesorios,1060.43,4.0,0.07,3944.8,31
VTA0080244,2022-11-28,11,2022,C03594,Celia Laureano,Sur,Premium,V021,  Cristal Valdés Maya  ,Sur,P0027,MacBook Air M2,Laptops,38711.57,,0.07,72003.52,24
VTA0080245,2022-11-10,11,2022,C04776,Dulce María Paola Palomino,Este,Premium,V011,Clara Loera,Este,P0115,Apple HomePod Mini,Hogar Inteligente,6852.16,1.0,0.04,6578.07,46
VTA0080246,2022-11-16,11,2022,C02575,  Dra. Claudia Quintanilla  ,Sur,Ocasional,V023,Fidel Negrete Domínguez,Sur,P0052,Protector Pantalla S24,Accesorios,1084.58,4.0,0.12,3817.72,31
VTA0080247,2022-11-06,11,2022,C04557,Arturo Regalado Guzmán,Sur,Premium,V013,Alvaro Gaona Ocasio,Sur,P0082,Xbox Series X, Accesorios,10827.4,1.0,0.17,8986.74,30
VTA0080248,2022-11-04,11,2022,C02633,Lic. Gustavo Hernández,Este,Regular,V011,Clara Loera,Este,P0075,Samsung Galaxy Tab A9,Tablets,16689.82,3.0,0.04,48066.68,35
VTA0080249,2022-11-06,11,2022,C03214,Óliver César Saiz Ordóñez,Sur,ocasional,V021,  Cristal Valdés Maya  ,Sur,P0125,TV Samsung QLED 55,tablets,2532.72,4.0,0.13,8813.87,20
VTA0080250,2022-11-20,11,2022,C03581,Esmeralda Ariadna Menchaca,Este,premiun,V010,Sra. Guadalupe Llamas,Este,P0078,Chuwi HiPad X,Tablets,13242.3,4.0,0.04,50850.43,20
VTA0080251,2022-11-28,11,2022,C02843,Cristian Felix Holguín Dávila,Sur,Premium,V036,  Dr. Ignacio Aparicio  ,Sur,P0051,Funda iPhone 15 Pro,Accesorios,1369.17,5.0,0.1,6161.26,40
VTA0080252,2022-11-01,11,2022,C02710,Itzel Fonseca,Centro,Ocasional,V028,Sofía Delia Gurule Cantú,Centro,P0003,Xiaomi 14 Pro,audio ,21232.85,4.0,0.13,73890.32,36
VTA0080253,10/11/2022,11,2022,C02051,  Carlota Brito  ,Norte,Regular,V029,Francisco Ballesteros,Norte,P0076,TCL Tab 10,Tablets,17130.23,5.0,0.08,78799.06,24
VTA0080254,2022-11-26,11,2022,C03659,Virginia Espinoza,Oeste,Ocasional,V050,José María Gustavo Beltrán,Oeste,P0051,Funda iPhone 15 Pro, Accesorios,1362.11,3.0,0.02,4004.6,40
VTA0080255,2022-11-28,11,2022,C02985,Margarita Concepción Calvillo,Norte,REGULAR,V004,Aurora Zelaya,Norte,P0029,HP Pavilion 15,Laptops,9823.81,2.0,0.11,17486.38,24
VTA0080256,2022-11-08,11,2022,C00232,Patricio Renato Carrero,Este,Ocasional,V005,Aldo Adán Rodrígez Galarza,Este,P0115,Apple HomePod Mini,Hogar Inteligente,6572.57,2.0,0.05,12487.88,46
VTA0080257,2022-11-21,11,2022,C03898,Cornelio Trujillo,Norte,Ocasional,V009,Amanda María José Bravo,Norte,P0069,Xiaomi Pad 6 Pro,Tablets,5011.55,4.0,0.02,19645.28,37
VTA0080258,2022-11-10,11,2022,C03530,Germán Chapa Llamas,Este,Ocasional,V049,Ing. María Teresa Bétancourt,Este,P0054,Mouse Logitech MX Master,Accesorios,1223.08,1.0,0.18,1002.93,25
VTA0080259,2022-11-28,11,2022,C00842,Clara Negrón Valdés,Este,Ocacional,V049,Ing. María Teresa Bétancourt,Este,P0113,Alexa Echo Dot 5,Hogar Inteligente,11724.52,2.0,0.14,20166.17,20
VTA0080260,2022-11-30,11,2022,C01990,Adriana Palomino,Sur,Ocasional,V013,Alvaro Gaona Ocasio,Sur,P0039,Sennheiser HD 450,Audio,1071.04,3.0,0.07,2988.2,24
VTA0080261,2022-11-10,11,2022,C01706,Hermelinda Barajas,Norte,Ocasional,V004,Aurora Zelaya,Norte,P0007,Realme GT5,Celulares,17925.26,3.0,0.05,51086.99,39
VTA0080262,2022-11-14,11,2022,C01081,Dulce Toro,Sur,Premium,V013,Alvaro Gaona Ocasio,Sur,P0036,Samsung Galaxy Buds2,audio ,6307.69,5.0,0.14,27123.07,43
VTA0080263,08/11/2022,11,2022,C01983,Juan Uribe,Oeste,Ocasional,V003,Jacinto Rivero Valladares,Centro,P0042,Audio Technica ATH,Audio,6669.03,5.0,0.09,30344.09,31
VTA0080264,2022-11-24,11,2022,C01353,Cristian Luis Miguel Gonzales,Norte,Premium,V009,Amanda María José Bravo,Norte,P0077,Blackview Tab 16,Tablets,10672.68,5.0,0.04,-51228.86,21
VTA0080265,2022-11-22,11,2022,C01031,Lic. Claudia Granado,Sur,Premium,V025,Manuel Gerónimo Armas,Sur,P0117,Cámara Nest Doorbell,Hogar Inteligente,10263.43,5.0,0.15,43619.58,34
VTA0080266,2022-11-17,11,2022,C04519,María Elena Rebeca Lerma,Este,Ocasional,V049,Ing. María Teresa Bétancourt,Este,P0011,iPhone 14,Celulares,10857.12,5.0,0.03,52657.03,43
VTA0080267,2022-11-07,11,2022,C03920,Lic. José Manuél Montañez,Centro,Ocacional,V048,Ivonne Véliz,Centro,P0013,Xiaomi Redmi Note 13,fotografia,12825.06,1.0,0.09,11670.8,30
VTA0080268,2022-11-14,11,2022,C03298,Israel Wilfrido Rivas Solís,Este,Ocasional,V032,Nelly Barela Cardenas,Este,P0071,ASUS Zenpad 3S,Tablets,15129.53,5.0,0.17,62787.55,20
VTA0080269,08/11/2022,11,2022,C02290,Dra. Daniela Colón,Sur,Regular,V019,Jacinto Rodrigo Salazar Rolón,Sur,P0086,Silla Gamer DXRacer,audio ,19539.3,3.0,0.13,50997.57,26
VTA0080270,2022-11-24,11,2022,C01707,Conchita Palacios,Sur,Regular,V006,  Dr. Evelio Murillo  ,Sur,P0039,Sennheiser HD 450,Audio,1023.35,5.0,0.13,4451.57,24
VTA0080271,2022-11-23,11,2022,C03099,Luz Cepeda Zamudio,Centro,Ocacional,V033,Jaime Gamez Maldonado,Centro,P0044,Anker Q45,Audio,8008.89,5.0,0.15,34037.78,23
VTA0080272,2022-11-06,11,2022,C02595,Jorge Saiz,Este,Regular,V005,Aldo Adán Rodrígez Galarza,Este,P0128,Panel Solar Portátil,Hogar Inteligente,3703.62,3.0,0.07,10333.1,39
VTA0080273,2022-11-13,11,2022,C04673,Sr. Eduardo Villaseñor,Sur,Ocasional,V001,Fernando Casares Jimínez,Oeste,P0026,MSI Prestige 16,Laptops,10294.3,2.0,0.01,20382.71,44
VTA0080274,2022-11-21,11,2022,C00684,  Estela Sofía Gaona Valles  ,Sur,Premium,V020,Dr. Arturo Angulo,Sur,P0099,Nikon Z6 III,hogar inteligente,30141.98,5.0,0.15,128103.42,21
VTA0080275,2022-11-21,11,2022,C03456,Ivonne Yuridia Franco Briones,Sur,Ocacional,V027,Claudio Andrés Gómez Sosa,Sur,P0080,Honor Pad 8,Tablets,8583.96,2.0,0.16,14421.05,19
VTA0080276,2022-11-03,11,2022,C04956,Genaro Carbajal Pelayo,Este,Regular,V049,Ing. María Teresa Bétancourt,Este,P0025,Razer Blade 15,Laptops,30418.76,4.0,0.04,116808.04,44
VTA0080277,2022-11-25,11,2022,C02419,Patricio Palomino Guillen,Norte,Premium,V027,Claudio Andrés Gómez Sosa,Sur,P0006,Motorola Edge 50,Celulares,7728.08,2.0,0.02,15147.04,32
VTA0080278,2022-11-13,11,2022,C02305,Dr. Tomás Villagómez,Oeste,Premiun,V026,Ing. Elias Valdivia,Oeste,P0020,Lenovo ThinkPad X1,Laptops,22417.0,1.0,0.18,18381.94,42
VTA0080279,10/11/2022,11,2022,C03684,Jesús Prieto Vega,Norte,Premium,V002,Nelly Marrero Ortiz,Norte,P0090,Control Xbox Elite 2, Accesorios,26556.38,1.0,0.17,22041.8,40
VTA0080280,2022-11-30,11,2022,C00724,Flavio Mauricio Cervantes,Norte,premiun,V029,Francisco Ballesteros,Norte,P0060,Adaptador HDMI 4K,Accesorios,1016.49,5.0,0.11,-4523.38,29
VTA0080281,2022-11-19,11,2022,C03446,Ing. Gustavo Pizarro,Este,premiun,V049,Ing. María Teresa Bétancourt,Este,P0118,Termostato Nest 3,Hogar Inteligente,1463.89,2.0,0.12,2576.45,30
VTA0080282,2022-11-02,11,2022,C01084,Eugenio Humberto Ochoa Uribe,Sur,Ocasional,V018,Lic. Gilberto Castellanos,Sur,P0121,Roomba j7 Plus,Hogar Inteligente,6904.75,3.0,0.12,18228.54,38
VTA0080283,16/11/2022,11,2022,C04534,Eugenio Raya,Oeste,Premium,V030,Gustavo Camilo Ochoa Gamboa,Oeste,P0123,Cerradura Yale Smart,Hogar Inteligente,8726.41,2.0,0.18,14311.31,29
VTA0080284,01/11/2022,11,2022,C01852,Magdalena Urrutia Dueñas,Este,Premium,V010,Sra. Guadalupe Llamas,Este,P0066,Samsung Galaxy Tab S9,Tablets,12915.22,4.0,0.07,48044.62,24
VTA0080285,2022-11-17,11,2022,C03243,Bernardo Garay Alcala,Sur,premiun,V006,  Dr. Evelio Murillo  ,Sur,P0017,MacBook Pro M3,Laptops,11919.38,5.0,0.04,57213.02,43
VTA0080286,2022-11-02,11,2022,C04979,Andrea Abril Casanova,Oeste,Premium,V007,Conchita Leticia Gastélum Corral,Oeste,P0042,Audio Technica ATH,Audio,6449.75,2.0,0.08,11867.54,31
VTA0080287,2022-11-02,11,2022,C02118,Srita. Cynthia Tovar,Este,Ocasional,V011,Clara Loera,Este,P0117,Cámara Nest Doorbell,Hogar Inteligente,10438.05,3.0,0.2,25051.32,34
VTA0080288,2022-11-16,11,2022,C00029,Dr. Héctor Rodarte,Oeste,Premium,V026,Ing. Elias Valdivia,Oeste,P0037,JBL Charge 5,Audio,7552.57,2.0,0.04,14500.93,21
VTA0080289,23/11/2022,11,2022,C01857,Martha Débora Anaya Salcido,Este,Ocasional,V011,Clara Loera,Este,P0040,Jabra Elite 85h,Audio,2767.17,5.0,0.05,13144.06,38
VTA0080290,07/11/2022,11,2022,C00524,Estela Bianca Durán,Este,premiun,V005,Aldo Adán Rodrígez Galarza,Este,P0061,Batería Portátil 20000,Accesorios,1708.95,4.0,0.11,6083.86,32
VTA0080291,2022-11-24,11,2022,C03113,Dr. Jonás Villalpando,Este,Regular,V043,Homero Esquivel,Norte,P0048,Skullcandy Crusher, Accesorios,3469.37,3.0,0.09,9471.38,44
VTA0080292,2022-11-14,11,2022,C02064,Berta Canales Barrientos,Este,Ocasional,V014,Ofelia Miriam Negrón,Oeste,P0104,Flash Godox V1,Fotografía,14725.28,5.0,0.19,59637.38,40
VTA0080293,26/11/2022,11,2022,C04962,María del Carmen Elsa Santiago,Este,ocasional,V010,Sra. Guadalupe Llamas,Este,P0062,Reloj Smartwatch Band,Accesorios,1310.56,5.0,0.09,5963.05,38
VTA0080294,2022-11-28,11,2022,C03418,Lic. Adriana Quiñónez,Sur,Ocasional,V020,Dr. Arturo Angulo,Sur,P0087,Headset HyperX Cloud III,Gaming,2273.32,1.0,0.16,1909.59,38
VTA0080295,2022-11-01,11,2022,C00641,Dalia Sepúlveda,Centro,Regular,V033,Jaime Gamez Maldonado,Centro,P0099,Nikon Z6 III,audio ,28256.69,5.0,0.04,135632.11,21
VTA0080296,2022-11-05,11,2022,C01174,Vanesa Isabela Maya,Este,REGULAR,V011,Clara Loera,Este,P0106,Mochila Lowepro Pro,Fotografía,18044.27,3.0,0.19,43847.58,40
VTA0080297,2022-11-26,11,2022,C04540,  Sra. Estela Burgos  ,Este,Ocasional,V049,Ing. María Teresa Bétancourt,Este,P0013,Xiaomi Redmi Note 13,Celulares,13507.24,4.0,0.19,43763.46,30
VTA0080298,2022-11-09,11,2022,C03829,Marcos Abraham Lovato Barreto,Norte,Regular,V029,Francisco Ballesteros,Norte,P0122,Aspiradora Dyson V15,Hogar Inteligente,2684.78,3.0,0.02,7893.25,28
VTA0080299,22/11/2022,11,2022,C04960,  Camila Francisca Parra Villa  ,Sur,Premium,V006,  Dr. Evelio Murillo  ,Sur,P0052,Protector Pantalla S24,Accesorios,1032.81,5.0,0.01,5112.41,31
VTA0080300,2022-11-15,11,2022,C00382,Micaela Fabiola Segovia Ferrer,Centro,Regular,V031,  Bernabé César Salazar  ,Centro,P0069,Xiaomi Pad 6 Pro,Tablets,5037.29,4.0,0.0,20149.16,37
VTA0080301,2022-11-16,11,2022,C04441,Marcos Robles,Este,Premium,V032,Nelly Barela Cardenas,Este,P0055,Teclado Keychron K2,Accesorios,1278.17,2.0,0.16,2147.33,28
VTA0080302,30/11/2022,11,2022,C00673,Renato Ulloa Cruz,Norte,Regular,V009,Amanda María José Bravo,Norte,P0012,Samsung A55,Celulares,21864.59,5.0,0.13,95110.97,36
VTA0080303,2022-11-07,11,2022,C02815,Maximiliano David Aranda,Centro,Premium,V017,Abraham Apodaca Colunga,Centro,P0015,Nokia G42,Celulares,18244.64,2.0,0.1,32840.35,26
VTA0080304,2022-11-15,11,2022,C00731,Irma Bonilla,Oeste,Regular,V040,Karla Silvia Mireles Patiño,Oeste,P0119,Enchufe Inteligente TP,Hogar Inteligente,4756.08,2.0,0.17,7895.09,27
VTA0080305,22/11/2022,11,2022,C04263,Aurelio Luis Miguel Guardado,Norte,Premium,V029,Francisco Ballesteros,Norte,P0042,Audio Technica ATH,fotografia,6953.22,4.0,0.02,27256.62,31
VTA0080306,03/11/2022,11,2022,C04688,  Francisco Flores  ,Este,Regular,V011,Clara Loera,Este,P0029,HP Pavilion 15,Laptops,9268.59,4.0,0.11,32996.18,24
VTA0080307,01/11/2022,11,2022,C04767,Zoé Nancy de la Crúz Verduzco,Centro,Premium,V017,Abraham Apodaca Colunga,Centro,P0107,Tarjeta SD SanDisk 256,Fotografía,11091.69,1.0,0.18,9095.19,27
VTA0080308,2022-11-04,11,2022,C00192,Angélica Serna,Este,Ocasional,V010,Sra. Guadalupe Llamas,Este,P0076,TCL Tab 10,Tablets,16584.38,1.0,0.12,14594.25,24
VTA0080309,2022-11-05,11,2022,C00380,Yolanda Micaela Guillen,Norte,ocasional,V028,Sofía Delia Gurule Cantú,Centro,P0116,Foco Philips Hue,Hogar Inteligente,4362.39,5.0,0.15,18540.16,44
VTA0080310,2022-11-30,11,2022,C02948,Ing. Yuridia Hernández,Centro,Ocasional,V033,Jaime Gamez Maldonado,Centro,P0090,Control Xbox Elite 2,Gaming,27246.79,5.0,0.01,134871.61,40
VTA0080311,2022-11-05,11,2022,C02142,Rocío Ulloa,Norte,Premium,V045,Marisela Vanesa Chapa Aranda,Norte,P0090,Control Xbox Elite 2,hogar inteligente,26595.33,1.0,0.1,23935.8,40
VTA0080312,2022-11-06,11,2022,C04909,José Eduardo Francisco Rivera Gollum,Norte,Ocasional,V049,Ing. María Teresa Bétancourt,Este,P0006,Motorola Edge 50,Celulares,7713.38,3.0,0.09,21057.53,32
VTA0080313,2022-11-09,11,2022,C03296,Srita. Barbara Gaytán,Norte,Premium,V029,Francisco Ballesteros,Norte,P0102,GoPro Hero 12,Fotografía,27600.36,3.0,0.15,70380.92,45
VTA0080314,2022-11-27,11,2022,C01239,Rubén Tovar,Este,Regular,V011,Clara Loera,Este,P0037,JBL Charge 5,Audio,8313.05,2.0,0.05,15794.79,21
VTA0080315,2022-11-08,11,2022,C04098,Patricio Benjamín Carreón,Oeste,Regular,V040,Karla Silvia Mireles Patiño,Oeste,P0083,Nintendo Switch OLED,Gaming,16589.33,4.0,0.06,-62375.88,39
VTA0080316,2022-11-22,11,2022,C02058,Andrés Santiago,Norte,Premium,V043,Homero Esquivel,Norte,P0047,Bose SoundLink,Audio,3728.74,4.0,0.12,13125.16,44
VTA0080317,2022-11-10,11,2022,C01532,Juan Carlos Adán Bétancourt Batista,Este,Regular,V010,Sra. Guadalupe Llamas,Este,P0113,Alexa Echo Dot 5,Hogar Inteligente,12150.55,4.0,0.15,41311.87,20
VTA0080318,2022-11-18,11,2022,C04020,Rodrigo Pabón Sosa,Norte,Regular,V042,  Srita. Sandra Escamilla  ,Norte,P0094,RAM Corsair 32GB,Gaming,18013.91,2.0,0.12,31704.48,26
VTA0080319,2022-11-21,11,2022,C01189,Dalia Raquel Carrillo Puente,Centro,Ocasional,V037,Victoria Caridad Concepción,Centro,P0061,Batería Portátil 20000,Accesorios,1706.15,5.0,0.01,8445.44,32
VTA0080320,2022-11-27,11,2022,C00962,Lorenzo Julio Carmona,Norte,Ocasional,V042,  Srita. Sandra Escamilla  ,Norte,P0098,Sony Alpha 7 IV,Fotografía,19322.0,4.0,0.07,71877.84,34
VTA0080321,2022-11-12,11,2022,C02112,Carlota Montenegro,Este,REGULAR,V049,Ing. María Teresa Bétancourt,Este,P0090,Control Xbox Elite 2,Gaming,29681.14,2.0,0.15,50457.94,40
VTA0080322,2022-11-07,11,2022,C03006,Fernando Fernando Ornelas,Sur,Premiun,V036,  Dr. Ignacio Aparicio  ,Sur,P0061,Batería Portátil 20000,Accesorios,1926.57,1.0,0.1,1733.91,32
VTA0080323,2022-11-28,11,2022,C01851,Adalberto Tapia,Sur,Ocasional,V023,Fidel Negrete Domínguez,Sur,P0066,Samsung Galaxy Tab S9,Tablets,12616.45,1.0,0.17,10471.65,24
VTA0080324,2022-11-19,11,2022,C03836,Lic. Manuel Valencia,Centro,Premiun,V044,Julia Esther Solorio,Centro,P0056,Webcam Logitech C920,Accesorios,1748.02,4.0,0.0,6992.08,43
VTA0080325,2022-11-27,11,2022,C02692,Adalberto Mojica Carrasco,Sur,Ocasional,V006,  Dr. Evelio Murillo  ,Sur,P0107,Tarjeta SD SanDisk 256,Fotografía,11154.89,4.0,0.11,39711.41,27
VTA0080326,2022-11-13,11,2022,C04905,Tania Ramírez,Centro,ocasional,V029,Francisco Ballesteros,Norte,P0125,TV Samsung QLED 55,gaming,2767.67,3.0,0.02,8136.95,20
VTA0080327,2022-11-27,11,2022,C03998,  Ing. Lourdes Linares  ,Este,Ocasional,V011,Clara Loera,Este,P0084,Steam Deck 512GB,Gaming,12195.37,1.0,0.04,11707.56,26
VTA0080328,2022-11-05,11,2022,C04359,Gregorio Guerrero,Este,Premium,V010,Sra. Guadalupe Llamas,Este,P0060,Adaptador HDMI 4K,tablets,1116.43,4.0,0.18,3661.89,29
VTA0080329,2022-11-28,11,2022,C04945,Rolando Darío Cervantes Iglesias,Norte,Premium,V046,Hermelinda Josefina Rodarte Bahena,Norte,P0111,Monitor Portátil 4K,Fotografía,6330.54,3.0,0.13,16522.71,41
VTA0080330,2022-11-01,11,2022,C03224,Guadalupe Segura Peres,Oeste,Regular,V038,Violeta Itzel Benavídez,Oeste,P0059,Audífonos USB-C,Accesorios,1628.31,3.0,0.03,4738.38,43
VTA0080331,2022-11-13,11,2022,C03243,Bernardo Garay Alcala,Sur,premiun,V018,Lic. Gilberto Castellanos,Sur,P0098,Sony Alpha 7 IV,Fotografía,18509.09,2.0,0.01,36648.0,34
VTA0080332,2022-11-24,11,2022,C03109,Srita. Leonor Esparza,Este,Premium,V048,Ivonne Véliz,Centro,P0055,Teclado Keychron K2,Accesorios,1253.64,2.0,0.17,2081.04,28
VTA0080333,2022-11-30,11,2022,C00035,Hilda Perla Gastélum Anaya,Norte,Premium,V015,Joaquín Benavides Meza,Norte,P0110,Reflector 5en1 80cm,Fotografía,15725.38,2.0,0.1,28305.68,26
VTA0080334,2022-11-23,11,2022,C03639,Víctor Guillermo Roldán,Sur,Premium,V020,Dr. Arturo Angulo,Sur,P0070,Amazon Fire HD 10,Tablets,15831.37,4.0,0.04,60792.46,33
VTA0080335,2022-11-06,11,2022,C04949,Gerónimo Alberto Jáquez Medrano,Este,Premium,V032,Nelly Barela Cardenas,Este,P0118,Termostato Nest 3,Hogar Inteligente,1533.03,4.0,0.07,5702.87,30
VTA0080336,06/11/2022,11,2022,C01604,Lic. Liliana Medrano,Norte,Premium,V045,Marisela Vanesa Chapa Aranda,Norte,P0014,Motorola G84,Celulares,5944.84,3.0,0.06,16764.45,20
VTA0080337,2022-11-30,11,2022,C02547,Germán Macías Arguello,Este,Ocasional,V005,Aldo Adán Rodrígez Galarza,Este,P0087,Headset HyperX Cloud III,Gaming,2132.83,2.0,0.03,4137.69,38
VTA0080338,2022-11-29,11,2022,C03630,Miriam Isabel Fierro Cervántez,Norte,Ocasional,V015,Joaquín Benavides Meza,Norte,P0107,Tarjeta SD SanDisk 256,Fotografía,11347.79,1.0,0.12,9986.06,27
VTA0080339,2022-11-07,11,2022,C02086,Ana María Adame Cantú,Sur,Premium,V023,Fidel Negrete Domínguez,Sur,P0086,Silla Gamer DXRacer,Gaming,19316.26,4.0,0.16,64902.63,26
VTA0080340,2022-11-04,11,2022,C03223,Federico Estrada,Norte,Ocasional,V015,Joaquín Benavides Meza,Norte,P0065,iPad Pro M2 12.9,Tablets,7524.62,2.0,0.05,14296.78,21
VTA0080341,2022-11-03,11,2022,C02023,Ing. Ruby Noriega,Oeste,Premium,V007,Conchita Leticia Gastélum Corral,Oeste,P0029,HP Pavilion 15,Laptops,8940.63,3.0,0.07,-24944.36,24
VTA0080342,06/11/2022,11,2022,C04197,  Zeferino Páez  ,Oeste,Premium,V007,Conchita Leticia Gastélum Corral,Oeste,P0012,Samsung A55,Celulares,18825.44,4.0,0.12,66265.55,36
VTA0080343,08/11/2022,11,2022,C04220,Sra. Arcelia Barrios,Sur,Ocasional,V020,Dr. Arturo Angulo,Sur,P0002,Samsung Galaxy S24,Celulares,7490.42,4.0,0.08,27564.75,19
VTA0080344,2022-11-23,11,2022,C03459,Noelia González Urías,Este,Ocasional,V001,Fernando Casares Jimínez,Oeste,P0057,Soporte Laptop Adjustable,audio ,573.35,1.0,0.06,538.95,39
VTA0080345,2022-11-01,11,2022,C01601,Lic. Zacarías Verdugo,Centro,Premium,V037,Victoria Caridad Concepción,Centro,P0111,Monitor Portátil 4K,Fotografía,7197.85,3.0,0.09,19650.13,41
VTA0080346,2022-11-21,11,2022,C04684,Rocío Sandra Pizarro,Centro,Regular,V037,Victoria Caridad Concepción,Centro,P0047,Bose SoundLink,Audio,4414.66,3.0,0.0,13243.98,44
VTA0080347,2022-11-28,11,2022,C02470,Ángela Anel Montero de León,Centro,Ocasional,V042,  Srita. Sandra Escamilla  ,Norte,P0090,Control Xbox Elite 2,Gaming,28490.85,5.0,0.18,116812.49,40
VTA0080348,2022-11-19,11,2022,C03673,Emilia Osorio Mesa,Norte,REGULAR,V016,Octavio Mario Rincón Marín,Norte,P0028,Dell Inspiron 15,Laptops,25554.88,1.0,0.03,24788.23,37
VTA0080349,2022-11-19,11,2022,C02947,Catalina Rael,Oeste,Regular,V039,Sr. Modesto Guillen,Oeste,P0019,HP Spectre x360,Laptops,38576.77,,0.14,165880.11,26
VTA0080350,2022-11-03,11,2022,C01928,Daniel Gonzales Casas,Norte,Regular,V004,Aurora Zelaya,Norte,P0010,Huawei Pura 70,Celulares,9100.6,4.0,0.04,34946.3,27
VTA0080351,2022-11-05,11,2022,C01733,Nadia Corral Cisneros,Sur,Ocasional,V034,Rufino Rivera,Sur,P0050,Cable USB-C 2m,Accesorios,1356.5,5.0,0.05,6443.38,32
VTA0080352,2022-11-15,11,2022,C04977,Mauro Alvaro Ochoa Garay,Centro,Regular,V037,Victoria Caridad Concepción,Centro,P0104,Flash Godox V1,Fotografía,16723.98,3.0,0.08,46158.18,40
VTA0080353,2022-11-15,11,2022,C02914,María Teresa Lorena Ybarra Cazares,Norte,Ocasional,V046,Hermelinda Josefina Rodarte Bahena,Norte,P0027,MacBook Air M2,Laptops,38312.71,5.0,0.15,162829.02,24
VTA0080354,2022-11-17,11,2022,C03275,Luz Carla Jaimes,Oeste,premiun,V002,Nelly Marrero Ortiz,Norte,P0071,ASUS Zenpad 3S,Tablets,13060.18,2.0,0.18,21418.7,20
VTA0080355,15/11/2022,11,2022,C02145,Dra. Ariadna Padilla,Este,Premium,V032,Nelly Barela Cardenas,Este,P0098,Sony Alpha 7 IV,celulares,18738.66,5.0,0.0,93693.3,34
VTA0080356,2022-11-05,11,2022,C03583,Fabiola Regalado,Oeste,premiun,V001,Fernando Casares Jimínez,Oeste,P0054,Mouse Logitech MX Master,Accesorios,1424.35,5.0,0.04,6836.88,25
VTA0080357,2022-11-28,11,2022,C01466,Guadalupe Verónica Valle Ceja,Oeste,Ocasional,V001,Fernando Casares Jimínez,Oeste,P0055,Teclado Keychron K2,Accesorios,1246.99,2.0,0.07,2319.4,28
VTA0080358,2022-11-18,11,2022,C03652,Ing. Elena Cadena,Oeste,Premium,V047,  Estela Bianca Melgar Arias  ,Oeste,P0077,Blackview Tab 16,Tablets,10442.47,2.0,0.18,17125.65,21
VTA0080359,2022-11-26,11,2022,C01990,Adriana Palomino,Sur,Ocasional,V024,Bernabé Guerra,Sur,P0106,Mochila Lowepro Pro,Fotografía,18012.52,1.0,0.17,14950.39,40
VTA0080360,2022-11-12,11,2022,C04052,Arturo Alonso Saucedo,Oeste,Ocacional,V007,Conchita Leticia Gastélum Corral,Oeste,P0028,Dell Inspiron 15,Laptops,26133.72,2.0,0.02,51222.09,37
VTA0080361,15/11/2022,11,2022,C04336,Esteban Partida,Sur,ocasional,V013,Alvaro Gaona Ocasio,Sur,P0096,Cooling Noctua NH-D15,Gaming,10850.62,5.0,0.2,43402.48,41
VTA0080362,2022-11-21,11,2022,C04647,  Ing. Marisol Valencia  ,Oeste,Premium,V038,Violeta Itzel Benavídez,Oeste,P0004,Google Pixel 8,Celulares,5665.39,3.0,0.1,15296.55,34
VTA0080363,2022-11-07,11,2022,C02034,Gloria Zoé Vallejo Mireles,Oeste,Regular,V040,Karla Silvia Mireles Patiño,Oeste,P0027,MacBook Air M2,Laptops,38838.18,5.0,0.08,178655.63,24
VTA0080364,2022-11-29,11,2022,C03309,José Luis Barragán Batista,Este,Regular,V025,Manuel Gerónimo Armas,Sur,P0012,Samsung A55,Celulares,18729.31,2.0,0.14,32214.41,36
VTA0080365,04/11/2022,11,2022,C04372,Andrés Claudio Rosas,Sur,Ocacional,V025,Manuel Gerónimo Armas,Sur,P0119,Enchufe Inteligente TP,Hogar Inteligente,4896.11,4.0,0.11,17430.15,27
VTA0080366,2022-11-09,11,2022,C04095,  Ignacio Menéndez  ,Oeste,Regular,V039,Sr. Modesto Guillen,Oeste,P0066,Samsung Galaxy Tab S9,Tablets,12627.19,2.0,0.18,20708.59,24
VTA0080367,2022-11-09,11,2022,C01917,María Eugenia Patricia Guajardo,Este,Premium,V009,Amanda María José Bravo,Norte,P0128,Panel Solar Portátil,Hogar Inteligente,4102.82,5.0,0.15,17436.98,39
VTA0080368,2022-11-25,11,2022,C02281,Liliana Cabrera Rosario,Oeste,Ocasional,V014,Ofelia Miriam Negrón,Oeste,P0065,iPad Pro M2 12.9,Tablets,7480.95,2.0,0.02,14662.66,21
VTA0080369,16/11/2022,11,2022,C00011,Sra. Frida Roybal,Este,Regular,V032,Nelly Barela Cardenas,Este,P0029,HP Pavilion 15,Laptops,9544.81,2.0,0.08,17562.45,24
VTA0080370,22/11/2022,11,2022,C02095,Eva Gamez,Norte,Premiun,V046,Hermelinda Josefina Rodarte Bahena,Norte,P0097,Canon EOS R6 Mark II,Fotografía,29912.73,3.0,0.13,78072.23,38
VTA0080371,2022-11-22,11,2022,C03687,  Abel Mauricio Mora  ,Norte,Regular,V004,Aurora Zelaya,Norte,P0015,Nokia G42,hogar inteligente,20767.07,2.0,0.17,34473.34,26
VTA0080372,2022-11-18,11,2022,C04760,Alvaro Elias Mejía,Centro,Premium,V041,Srita. Nadia Casas,Centro,P0056,Webcam Logitech C920,Accesorios,2013.2,2.0,0.16,3382.18,43
VTA0080373,2022-11-04,11,2022,C01324,Concepción Rosas Prado,Centro,Premium,V024,Bernabé Guerra,Sur,P0003,Xiaomi 14 Pro,Celulares,24063.38,2.0,0.1,43314.08,36
VTA0080374,2022-11-08,11,2022,C04972,  Raúl Gabino Treviño  ,Este,Premium,V010,Sra. Guadalupe Llamas,Este,P0056,Webcam Logitech C920,Accesorios,1929.19,5.0,0.14,-8295.52,43
VTA0080375,2022-11-04,11,2022,C04690,Joaquín Arteaga,Sur,Regular,V008,Irene Franco,Sur,P0087,Headset HyperX Cloud III,Gaming,1961.98,4.0,0.08,7220.09,38
VTA0080376,2022-11-05,11,2022,C02697,Nancy Partida,Oeste,Regular,V047,  Estela Bianca Melgar Arias  ,Oeste,P0083,Nintendo Switch OLED,Gaming,15313.43,3.0,0.19,37211.63,39
VTA0080377,2022-11-11,11,2022,C03758,  Gregorio Guillermo Quintero  ,Sur,Ocacional,V020,Dr. Arturo Angulo,Sur,P0008,OPPO Find X7,Celulares,21267.64,4.0,0.09,77414.21,26
VTA0080378,08/11/2022,11,2022,C04162,Berta Saiz,Oeste,Regular,V050,José María Gustavo Beltrán,Oeste,P0061,Batería Portátil 20000,Accesorios,1788.6,,0.1,1609.74,32
VTA0080379,2022-11-12,11,2022,C04809,Silvano Cruz,Centro,Regular,V042,  Srita. Sandra Escamilla  ,Norte,P0115,Apple HomePod Mini,Hogar Inteligente,6994.42,4.0,0.14,24060.8,46
VTA0080380,2022-11-08,11,2022,C00513,Agustín José Emilio Cordero Ávalos,Centro,Premium,V044,Julia Esther Solorio,Centro,P0034,AirPods Pro 2,Audio,1207.94,2.0,0.14,2077.66,27
VTA0080381,2022-11-14,11,2022,C01856,Tomás Federico Tafoya,Este,Premium,V010,Sra. Guadalupe Llamas,Este,P0044,Anker Q45,Audio,7256.07,2.0,0.05,13786.53,23
VTA0080382,2022-11-29,11,2022,C02342,Pascual Zeferino Alvarado Vásquez,Oeste,Ocacional,V050,José María Gustavo Beltrán,Oeste,P0113,Alexa Echo Dot 5,Hogar Inteligente,11225.12,2.0,0.2,17960.19,20
VTA0080383,2022-11-20,11,2022,C00325,  Paola Ulloa  ,Este,Ocasional,V010,Sra. Guadalupe Llamas,Este,P0063,Pad Mouse XL Gaming,Accesorios,1899.91,5.0,0.04,9119.57,42
VTA0080384,2022-11-15,11,2022,C01399,Sr. Roberto Páez,Norte,Ocacional,V046,Hermelinda Josefina Rodarte Bahena,Norte,P0099,Nikon Z6 III,Fotografía,28157.02,5.0,0.05,133745.84,21
VTA0080385,2022-11-08,11,2022,C03616,Emiliano Cotto Niño,Sur,Regular,V008,Irene Franco,Sur,P0038,Beats Studio Pro,Audio,2334.83,1.0,0.11,2078.0,39
VTA0080386,2022-11-07,11,2022,C00531,Perla Violeta Estrada,Oeste,Ocasional,V040,Karla Silvia Mireles Patiño,Oeste,P0055,Teclado Keychron K2,Accesorios,1464.42,1.0,0.04,1405.84,28
VTA0080387,2022-11-15,11,2022,C02101,Ignacio Tomás Pabón Ceja,Centro,Regular,V048,Ivonne Véliz,Centro,P0030,Lenovo IdeaPad 5,Laptops,45380.78,2.0,0.06,85315.87,21
VTA0080388,2022-11-24,11,2022,C01343,Lucas Bonilla,Este,Regular,V005,Aldo Adán Rodrígez Galarza,Este,P0007,Realme GT5,Celulares,17193.35,2.0,0.05,32667.36,39
VTA0080389,2022-11-29,11,2022,C01508,Gregorio Mondragón,Este,Ocasional,V011,Clara Loera,Este,P0067,iPad Air M1,Tablets,17680.73,4.0,0.11,62943.4,39
VTA0080390,2022-11-25,11,2022,C00137,  Judith Hernandes Villarreal  ,Este,Premium,V032,Nelly Barela Cardenas,Este,P0060,Adaptador HDMI 4K,Accesorios,1014.08,5.0,0.15,4309.84,29
VTA0080391,2022-11-11,11,2022,C00008,  Dra. Rosa Caldera  ,Oeste,Ocasional,V047,  Estela Bianca Melgar Arias  ,Oeste,P0121,Roomba j7 Plus,Hogar Inteligente,6634.33,5.0,0.11,29522.77,38
VTA0080392,30/11/2022,11,2022,C04238,Silvia Valladares Estévez,Centro,premiun,V044,Julia Esther Solorio,Centro,P0002,Samsung Galaxy S24,Celulares,7281.94,4.0,0.14,25049.87,19
VTA0080393,2022-11-13,11,2022,C01773,Antonia Anaya,Sur,Premium,V012,Rubén Marco Antonio Orta Ramos,Sur,P0013,Xiaomi Redmi Note 13,Celulares,13390.28,3.0,0.0,40170.84,30
VTA0080394,2022-11-10,11,2022,C00156,Guillermina Aida Tamez Navarrete,Oeste,Regular,V042,  Srita. Sandra Escamilla  ,Norte,P0103,Lente Canon RF 50mm,Fotografía,15703.57,1.0,0.19,12719.89,31
VTA0080395,2022-11-25,11,2022,C03672,Horacio Reynaldo Carrera,Oeste,Regular,V026,Ing. Elias Valdivia,Oeste,P0123,Cerradura Yale Smart,Hogar Inteligente,8541.87,1.0,0.02,8371.03,29
VTA0080396,2022-11-11,11,2022,C03453,Alonso Leyva,Sur,Ocasional,V018,Lic. Gilberto Castellanos,Sur,P0126,Proyector BenQ 4K,Hogar Inteligente,7911.94,2.0,0.07,14716.21,35
VTA0080397,2022-11-24,11,2022,C00956,Mateo Eugenio Ordóñez,Centro,REGULAR,V003,Jacinto Rivero Valladares,Centro,P0077,Blackview Tab 16,Tablets,11465.2,1.0,0.18,9401.46,21
VTA0080398,2022-11-02,11,2022,C00262,Marisol Luz Murillo,Oeste,Ocacional,V030,Gustavo Camilo Ochoa Gamboa,Oeste,P0063,Pad Mouse XL Gaming,Accesorios,1851.66,2.0,0.17,3073.76,42
VTA0080399,2022-11-28,11,2022,C01314,Elena María del Carmen Acuña Alarcón,Este,Premium,V014,Ofelia Miriam Negrón,Oeste,P0089,Mouse Logitech G Pro X,Gaming,6883.52,3.0,0.16,17346.47,45
VTA0080400,2022-11-22,11,2022,C00950,,Centro,Ocasional,V033,Jaime Gamez Maldonado,Centro,P0050,Cable USB-C 2m,hogar inteligente,1497.52,3.0,0.14,3863.6,32
VTA0080401,28/11/2022,11,2022,C00385,Lic. Juan Quintana,Norte,Ocasional,V043,Homero Esquivel,Norte,P0072,Huawei MatePad Pro,Tablets,17241.58,4.0,0.01,68276.66,43
VTA0080402,2022-11-23,11,2022,C04868,,Sur,Premium,V021,  Cristal Valdés Maya  ,Sur,P0010,Huawei Pura 70,Celulares,9564.59,5.0,0.03,46388.26,27
VTA0080403,2022-11-19,11,2022,C03373,Jaime Valencia Vela,Norte,Regular,V045,Marisela Vanesa Chapa Aranda,Norte,P0091,Capturadora Elgato 4K,Gaming,1531.48,3.0,0.17,3813.39,25
VTA0080404,2022-11-26,11,2022,C03526,Anabel Alvarez,Sur,Regular,V018,Lic. Gilberto Castellanos,Sur,P0030,Lenovo IdeaPad 5,Laptops,43742.23,2.0,0.12,76986.32,21
VTA0080405,2022-11-09,11,2022,C00983,Miriam Julia Bustamante,Centro,premiun,V017,Abraham Apodaca Colunga,Centro,P0114,Google Nest Hub 2,Hogar Inteligente,5351.45,3.0,0.04,15412.18,45
VTA0080406,2022-11-11,11,2022,C00347,Lic. Luisa Marín,Norte,Ocasional,V042,  Srita. Sandra Escamilla  ,Norte,P0084,Steam Deck 512GB,Gaming,11208.31,3.0,0.08,30934.94,26
VTA0080407,2022-11-10,11,2022,C01649,Rodrigo Saiz Paz,Norte,Premium,V009,Amanda María José Bravo,Norte,P0104,Flash Godox V1,Fotografía,14889.25,1.0,0.03,-14442.57,40
VTA0080408,2022-11-24,11,2022,C04194,Dr. Federico Gómez,Oeste,Regular,V039,Sr. Modesto Guillen,Oeste,P0010,Huawei Pura 70,Celulares,10071.97,3.0,0.08,27798.64,27
VTA0080409,2022-11-16,11,2022,C01822,Lic. Marisol del Valle,Norte,Regular,V031,  Bernabé César Salazar  ,Centro,P0047,Bose SoundLink,tablets,4025.45,1.0,0.09,3663.16,44
VTA0080410,2022-11-22,11,2022,C03285,Darío Reynaldo Abrego,Norte,Ocasional,V004,Aurora Zelaya,Norte,P0069,Xiaomi Pad 6 Pro,Tablets,5880.36,3.0,0.12,15524.15,37
VTA0080411,2022-11-16,11,2022,C01268,Diego Campos,Norte,Ocasional,V042,  Srita. Sandra Escamilla  ,Norte,P0118,Termostato Nest 3,Hogar Inteligente,1582.55,4.0,0.17,5254.07,30
VTA0080412,13/11/2022,11,2022,C00283,Elvia Quiñones Tello,Centro,Regular,V005,Aldo Adán Rodrígez Galarza,Este,P0106,Mochila Lowepro Pro,Fotografía,16142.27,5.0,0.04,77482.9,40
VTA0080413,2022-11-16,11,2022,C02437,  Srita. Socorro Chávez  ,Centro,Premium,V003,Jacinto Rivero Valladares,Centro,P0027,MacBook Air M2,Laptops,34020.59,5.0,0.14,146288.54,24
VTA0080414,2022-11-21,11,2022,C00807,Carolina Patricia Iglesias,Sur,Ocasional,V006,  Dr. Evelio Murillo  ,Sur,P0065,iPad Pro M2 12.9,Tablets,7246.15,5.0,0.05,34419.21,21
VTA0080415,2022-11-12,11,2022,C04705,Dr. Hernán Aparicio,Norte,Ocasional,V045,Marisela Vanesa Chapa Aranda,Norte,P0011,iPhone 14,Celulares,10660.58,1.0,0.01,10553.97,43
VTA0080416,2022-11-09,11,2022,C03549,Tomás Valencia Rosario,Sur,Ocasional,V018,Lic. Gilberto Castellanos,Sur,P0113,Alexa Echo Dot 5,Hogar Inteligente,11821.71,2.0,0.02,23170.55,20
VTA0080417,28/11/2022,11,2022,C02391,Diana María del Carmen Maya Limón,Norte,Ocasional,V037,Victoria Caridad Concepción,Centro,P0087,Headset HyperX Cloud III,Gaming,2181.6,3.0,0.05,6217.56,38
VTA0080418,2022-11-18,11,2022,C01475,Ing. Sergio Cervantes,Este,Premium,V010,Sra. Guadalupe Llamas,Este,P0116,Foco Philips Hue,Hogar Inteligente,4374.33,4.0,0.11,15572.61,44
VTA0080419,2022-11-14,11,2022,C03464,Benito Abel Ibarra,Este,Premium,V005,Aldo Adán Rodrígez Galarza,Este,P0018,Dell XPS 15,Laptops,36686.51,1.0,0.1,33017.86,40
VTA0080420,2022-11-01,11,2022,C00367,Gilberto Noriega,Norte,Regular,V015,Joaquín Benavides Meza,Norte,P0047,Bose SoundLink,Audio,4133.94,2.0,0.05,7854.49,44
VTA0080421,2022-11-20,11,2022,C00544,  Indira Pamela Becerra  ,Este,Ocasional,V005,Aldo Adán Rodrígez Galarza,Este,P0040,Jabra Elite 85h,Audio,2891.88,4.0,0.15,9832.39,38
VTA0080422,04/11/2022,11,2022,C02280,Lic. Concepción de Jesús,Sur,Ocasional,V006,  Dr. Evelio Murillo  ,Sur,P0095,SSD Samsung 980 Pro,Gaming,2844.35,4.0,0.08,10467.21,28
VTA0080423,2022-11-30,11,2022,C00026,Berta Peralta Marroquín,Norte,Ocasional,V045,Marisela Vanesa Chapa Aranda,Norte,P0080,Honor Pad 8,Tablets,9236.27,3.0,0.01,27431.72,19
VTA0080424,2022-11-21,11,2022,C03766,Adalberto Prado,Oeste,Regular,V007,Conchita Leticia Gastélum Corral,Oeste,P0102,GoPro Hero 12,Fotografía,26648.16,3.0,0.03,77546.15,45
VTA0080425,2022-11-09,11,2022,C00105,Gabino Razo Rosas,Este,Regular,V005,Aldo Adán Rodrígez Galarza,Este,P0119,Enchufe Inteligente TP,Hogar Inteligente,5105.71,2.0,0.11,9088.16,27
VTA0080426,2022-11-19,11,2022,C04485,Silvano Rodarte,Oeste,Ocasional,V007,Conchita Leticia Gastélum Corral,Oeste,P0104,Flash Godox V1,Fotografía,16308.75,1.0,0.19,13210.09,40
VTA0080427,2022-11-10,11,2022,C01663,Darío Murillo Escalante,Centro,Regular,V017,Abraham Apodaca Colunga,Centro,P0067,iPad Air M1,Tablets,16129.9,5.0,0.04,77423.52,39
VTA0080428,29/11/2022,11,2022,C03619,Sessa Elsa Posada,Centro,Regular,V043,Homero Esquivel,Norte,P0002,Samsung Galaxy S24,Celulares,8187.77,4.0,0.15,27838.42,19
VTA0080429,2022-11-01,11,2022,C00585,Andrea Perea Merino,Norte,ocasional,V009,Amanda María José Bravo,Norte,P0064,Limpiador Pantallas Kit,fotografia,1425.03,3.0,0.0,4275.09,44
VTA0080430,22/11/2022,11,2022,C02603,Srita. Alicia Miramontes,Este,Premium,V011,Clara Loera,Este,P0083,Nintendo Switch OLED,Gaming,15507.22,4.0,0.13,53965.13,39
VTA0080431,2022-11-11,11,2022,C04154,Eloy Montero Coronado,Este,Ocasional,V010,Sra. Guadalupe Llamas,Este,P0027,MacBook Air M2,Laptops,37652.6,2.0,0.13,65515.52,24
VTA0080432,2022-11-19,11,2022,C01030,Timoteo Tapia Palomino,Centro,ocasional,V044,Julia Esther Solorio,Centro,P0093,GPU RTX 4070 Ti,Gaming,26593.47,2.0,0.04,51059.46,29
VTA0080433,2022-11-09,11,2022,C04070,Irma Graciela Martínez,Sur,Regular,V018,Lic. Gilberto Castellanos,Sur,P0010,Huawei Pura 70,gaming,9577.31,3.0,0.01,28444.61,27
VTA0080434,2022-11-21,11,2022,C03569,Rocío Montañez,Oeste,Ocasional,V014,Ofelia Miriam Negrón,Oeste,P0004,Google Pixel 8,Celulares,5488.07,1.0,0.02,5378.31,34
VTA0080435,19/11/2022,11,2022,C02262,Mauro Luis Vanegas,Oeste,Premium,V022,Bernardo Lemus Caballero,Oeste,P0108,Batería Canon LP-E6,Fotografía,15451.0,3.0,0.08,42644.76,32
VTA0080436,2022-11-11,11,2022,C01595,Inés Nieto Padrón,Este,Ocasional,V011,Clara Loera,Este,P0118,Termostato Nest 3,Hogar Inteligente,1384.03,1.0,0.08,1273.31,30
VTA0080437,2022-11-29,11,2022,C01160,Antonio Leiva,Centro,Regular,V037,Victoria Caridad Concepción,Centro,P0003,Xiaomi 14 Pro,Celulares,24481.7,3.0,0.11,65366.14,36
VTA0080438,2022-11-08,11,2022,C04204,Renato Vicente Garibay,Centro,REGULAR,V048,Ivonne Véliz,Centro,P0065,iPad Pro M2 12.9,Tablets,7345.11,4.0,0.13,25560.98,21
VTA0080439,05/11/2022,11,2022,C01960,Ing. Renato Romero,Centro,Ocasional,V046,Hermelinda Josefina Rodarte Bahena,Norte,P0067,iPad Air M1,Tablets,17913.25,2.0,0.11,31885.58,39
VTA0080440,2022-11-28,11,2022,C00565,Conchita Tamayo Zedillo,Centro,Ocacional,V041,Srita. Nadia Casas,Centro,P0098,Sony Alpha 7 IV,Fotografía,18839.48,1.0,0.17,15636.77,34
VTA0080441,2022-11-08,11,2022,C03878,,Sur,ocasional,V027,Claudio Andrés Gómez Sosa,Sur,P0048,Skullcandy Crusher,Audio,3539.26,5.0,0.0,17696.3,44
VTA0080442,2022-11-18,11,2022,C03565,Diego Bruno Soto Rendón,Oeste,Premium,V047,  Estela Bianca Melgar Arias  ,Oeste,P0048,Skullcandy Crusher,fotografia,3666.27,3.0,0.19,-8909.04,44
VTA0080443,2022-11-24,11,2022,C00241,Caridad Ibarra,Norte,Premiun,V029,Francisco Ballesteros,Norte,P0031,Acer Aspire 7,Laptops,9050.55,2.0,0.17,15023.91,38
VTA0080444,2022-11-29,11,2022,C01913,David Humberto López Carrera,Este,ocasional,V049,Ing. María Teresa Bétancourt,Este,P0092,Micrófono Blue Yeti,Gaming,13827.11,3.0,0.04,39822.08,47
VTA0080445,2022-11-30,11,2022,C04375,Florencia Yolanda Alfaro Garza,Este,Premium,V010,Sra. Guadalupe Llamas,Este,P0050,Cable USB-C 2m,Accesorios,1459.59,4.0,0.19,-4729.07,32
VTA0080446,2022-11-16,11,2022,C02049,Lic. Silvia Lovato,Sur,Premium,V019,Jacinto Rodrigo Salazar Rolón,Sur,P0054,Mouse Logitech MX Master,Accesorios,1323.86,4.0,0.0,5295.44,25
VTA0080447,2022-11-01,11,2022,C01802,Roberto Pascual Soliz,Centro,ocasional,V031,  Bernabé César Salazar  ,Centro,P0011,iPhone 14,Celulares,9293.07,2.0,0.02,18214.42,43
VTA0080448,2022-11-30,11,2022,C03783,Jerónimo Rascón,Oeste,Premium,V047,  Estela Bianca Melgar Arias  ,Oeste,P0094,RAM Corsair 32GB,Gaming,17583.07,,0.1,79123.82,26
VTA0080449,2022-11-27,11,2022,C00636,Esparta Pulido Ocasio,Oeste,Premium,V047,  Estela Bianca Melgar Arias  ,Oeste,P0038,Beats Studio Pro,Audio,2317.64,4.0,0.16,7787.27,39
VTA0080450,2022-11-29,11,2022,C00057,Antonia Benavídez Dueñas,Norte,Regular,V004,Aurora Zelaya,Norte,P0024,LG Gram 17,Laptops,41160.95,3.0,0.02,121013.19,26
VTA0080451,2022-11-29,11,2022,C02946,Sra. Yuridia Lovato,Este,Premium,V010,Sra. Guadalupe Llamas,Este,P0050,Cable USB-C 2m,Accesorios,1366.38,5.0,0.13,5943.75,32
VTA0080452,2022-11-20,11,2022,C01642,Rocío Roybal Olivo,Este,Ocasional,V032,Nelly Barela Cardenas,Este,P0101,DJI Mavic 3 Pro,Fotografía,15057.71,4.0,0.17,-49991.6,27
VTA0080453,2022-11-23,11,2022,C02906,Óliver Abel Chavarría de la Crúz,Este,Premium,V049,Ing. María Teresa Bétancourt,Este,P0108,Batería Canon LP-E6,Fotografía,16792.74,5.0,0.05,79765.52,32
VTA0080454,2022-11-29,11,2022,C03396,Enrique Velasco,Sur,Ocasional,V012,Rubén Marco Antonio Orta Ramos,Sur,P0008,OPPO Find X7,Celulares,20768.29,2.0,0.0,41536.58,26
VTA0080455,20/11/2022,11,2022,C04166,Pilar Roybal Valenzuela,Norte,Premium,V043,Homero Esquivel,Norte,P0094,RAM Corsair 32GB,Gaming,16399.87,2.0,0.07,30503.76,26
VTA0080456,2022-11-11,11,2022,C00495,Alberto Francisco Limón,Centro,Premium,V031,  Bernabé César Salazar  ,Centro,P0084,Steam Deck 512GB,Gaming,11267.21,1.0,0.1,10140.49,26
VTA0080457,2022-11-08,11,2022,C00048,Uriel Evelio Elizondo Mojica,Centro,Regular,V003,Jacinto Rivero Valladares,Centro,P0003,Xiaomi 14 Pro,Celulares,24665.27,1.0,0.18,20225.52,36
VTA0080458,22/11/2022,11,2022,C04321,Benjamín Serafín Cardona Cantú,Oeste,Ocasional,V050,José María Gustavo Beltrán,Oeste,P0086,Silla Gamer DXRacer,Gaming,21470.31,5.0,0.08,98763.43,26
VTA0080459,21/11/2022,11,2022,C02073,María Teresa Chavarría,Oeste,Regular,V001,Fernando Casares Jimínez,Oeste,P0008,OPPO Find X7,Celulares,21421.95,2.0,0.05,40701.7,26
VTA0080460,2022-11-02,11,2022,C02541,Silvano Galindo,Centro,Regular,V017,Abraham Apodaca Colunga,Centro,P0098,Sony Alpha 7 IV,Fotografía,18663.54,2.0,0.2,29861.66,34
VTA0080461,19/11/2022,11,2022,C01545,Beatriz Nelly Gastélum Concepción,Este,Ocasional,V011,Clara Loera,Este,P0025,Razer Blade 15,Laptops,31375.87,2.0,0.01,62124.22,44
VTA0080462,2022-11-15,11,2022,C00458,Mitzy Noelia Burgos Vázquez,Oeste,Premium,V020,Dr. Arturo Angulo,Sur,P0063,Pad Mouse XL Gaming,Accesorios,2049.37,4.0,0.02,8033.53,42
VTA0080463,2022-11-25,11,2022,C03695,Celia Abrego,Norte,Ocasional,V042,  Srita. Sandra Escamilla  ,Norte,P0007,Realme GT5,Celulares,17126.24,3.0,0.18,42130.55,39
VTA0080464,2022-11-27,11,2022,C02178,Sr. Abel González,Sur,Premium,V019,Jacinto Rodrigo Salazar Rolón,Sur,P0102,GoPro Hero 12,Fotografía,26204.17,3.0,0.01,77826.38,45
VTA0080465,2022-11-28,11,2022,C01101,Víctor Julio César Gaytán Santana,Centro,Premium,V041,Srita. Nadia Casas,Centro,P0013,Xiaomi Redmi Note 13,Celulares,12675.6,1.0,0.12,11154.53,30
VTA0080466,2022-11-30,11,2022,C00828,Julio César Pablo Parra,Centro,Regular,V022,Bernardo Lemus Caballero,Oeste,P0119,Enchufe Inteligente TP,Hogar Inteligente,4865.95,4.0,0.09,17712.06,27
VTA0080467,2022-11-08,11,2022,C02234,Mauricio Angulo Olivera,Este,Premium,V005,Aldo Adán Rodrígez Galarza,Este,P0116,Foco Philips Hue,Hogar Inteligente,4089.93,2.0,0.02,8016.26,44
VTA0080468,2022-11-28,11,2022,C00227,José Delgado Cardona,Este,REGULAR,V011,Clara Loera,Este,P0084,Steam Deck 512GB,Gaming,11178.48,2.0,0.18,18332.71,26
VTA0080469,2022-11-11,11,2022,C00988,Natalia Dulce Rivera,Norte,Ocasional,V002,Nelly Marrero Ortiz,Norte,P0063,Pad Mouse XL Gaming,Accesorios,1999.0,4.0,0.08,7356.32,42
VTA0080470,2022-11-24,11,2022,C03836,Lic. Manuel Valencia,Centro,Ocasional,V037,Victoria Caridad Concepción,Centro,P0124,Sensor Movimiento Aqara,Hogar Inteligente,7458.73,2.0,0.05,14171.59,35
VTA0080471,2022-11-13,11,2022,C00449,Sandra Granado Muñoz,Centro,Premium,V003,Jacinto Rivero Valladares,Centro,P0082,Xbox Series X,audio ,11226.43,4.0,0.04,43109.49,30
VTA0080472,2022-11-23,11,2022,C04237,Marcela Barbara Vega Nieves,Norte,Premium,V003,Jacinto Rivero Valladares,Centro,P0107,Tarjeta SD SanDisk 256,fotografia,11501.48,2.0,0.16,19322.49,27
VTA0080473,2022-11-29,11,2022,C01734,Gonzalo Marrero Carrión,Este,Regular,V032,Nelly Barela Cardenas,Este,P0090,Control Xbox Elite 2,Gaming,26213.66,2.0,0.02,51378.77,40
VTA0080474,2022-11-06,11,2022,C00624,,Norte,Ocasional,V016,Octavio Mario Rincón Marín,Norte,P0059,Audífonos USB-C,Accesorios,1411.4,3.0,0.05,4022.49,43
VTA0080475,2022-11-22,11,2022,C04143,  Daniel Montez  ,Norte,Regular,V009,Amanda María José Bravo,Norte,P0009,Sony Xperia 1 VI,Celulares,22632.43,1.0,0.06,21274.48,24
VTA0080476,2022-11-18,11,2022,C04641,Marisol Natividad Jáquez,Oeste,Regular,V014,Ofelia Miriam Negrón,Oeste,P0114,Google Nest Hub 2,Hogar Inteligente,5723.08,2.0,0.05,10873.85,45
VTA0080477,2022-11-15,11,2022,C01917,María Eugenia Patricia Guajardo,Este,Premium,V010,Sra. Guadalupe Llamas,Este,P0126,Proyector BenQ 4K,Hogar Inteligente,7002.97,5.0,0.12,30813.07,35
VTA0080478,2022-11-06,11,2022,C04901,María del Carmen Centeno Santillán,Sur,Regular,V027,Claudio Andrés Gómez Sosa,Sur,P0113,Alexa Echo Dot 5,Hogar Inteligente,10541.77,2.0,0.19,17077.67,20
VTA0080479,2022-11-25,11,2022,C03469,María Eugenia Rosalia Niño,Este,Premium,V029,Francisco Ballesteros,Norte,P0059,Audífonos USB-C,Accesorios,1419.56,1.0,0.02,1391.17,43
VTA0080480,2022-11-16,11,2022,C01394,Maximiliano Loya Valdés,Este,Premium,V049,Ing. María Teresa Bétancourt,Este,P0031,Acer Aspire 7,Laptops,8489.78,4.0,0.14,29204.84,38
VTA0080481,2022-11-06,11,2022,C03153,,Oeste,Premium,V022,Bernardo Lemus Caballero,Oeste,P0094,RAM Corsair 32GB,Gaming,19030.95,3.0,0.13,49670.78,26
VTA0080482,2022-11-15,11,2022,C01898,Abelardo Nájera,Sur,Regular,V020,Dr. Arturo Angulo,Sur,P0049,Cargador MagSafe 30W,Accesorios,1030.27,2.0,0.13,1792.67,37
VTA0080483,2022-11-19,11,2022,C00364,Alejandro Fernando Villarreal,Centro,ocasional,V031,  Bernabé César Salazar  ,Centro,P0070,Amazon Fire HD 10,Tablets,18775.77,1.0,0.04,18024.74,33
VTA0080484,2022-11-30,11,2022,C00356,Carolina Aldonza Ozuna Caldera,Sur,Ocasional,V020,Dr. Arturo Angulo,Sur,P0113,Alexa Echo Dot 5,Hogar Inteligente,11517.23,4.0,0.06,43304.78,20
VTA0080485,2022-11-15,11,2022,C01901,Eva Partida,Centro,Regular,V047,  Estela Bianca Melgar Arias  ,Oeste,P0032,ASUS VivoBook 16,Laptops,11409.59,3.0,0.03,33201.91,38
VTA0080486,2022-11-27,11,2022,C00687,Abraham José Carlos Jaramillo Sáenz,Centro,premiun,V033,Jaime Gamez Maldonado,Centro,P0074,iPad Mini 6,Tablets,18141.57,1.0,0.12,15964.58,31
VTA0080487,2022-11-28,11,2022,C04793,Guillermo Maldonado,Sur,Premium,V019,Jacinto Rodrigo Salazar Rolón,Sur,P0093,GPU RTX 4070 Ti,Gaming,29077.12,4.0,0.17,96536.04,29
VTA0080488,28/11/2022,11,2022,C04340,Lic. Dolores Zelaya,Sur,Ocasional,V021,  Cristal Valdés Maya  ,Sur,P0088,Teclado Razer Huntsman,Gaming,23851.69,1.0,0.16,20035.42,44
VTA0080489,2022-11-03,11,2022,C03700,Mónica Cristal Alvarez,Este,Regular,V005,Aldo Adán Rodrígez Galarza,Este,P0003,Xiaomi 14 Pro,Celulares,22819.14,1.0,0.07,21221.8,36
VTA0080490,2022-11-24,11,2022,C00296,Sr. Felipe Ceja,Oeste,REGULAR,V014,Ofelia Miriam Negrón,Oeste,P0026,MSI Prestige 16,Laptops,10102.21,2.0,0.18,16567.62,44
VTA0080491,2022-11-15,11,2022,C02377,Ing. Perla Sepúlveda,Sur,Ocasional,V020,Dr. Arturo Angulo,Sur,P0094,RAM Corsair 32GB,Gaming,18425.92,3.0,0.01,54724.98,26
VTA0080492,2022-11-12,11,2022,C00749,Wendolin Carrasco Zúñiga,Este,Regular,V049,Ing. María Teresa Bétancourt,Este,P0054,Mouse Logitech MX Master,Accesorios,1323.93,3.0,0.0,3971.79,25
VTA0080493,2022-11-14,11,2022,C04252,Lorena Rico Casanova,Sur,Premium,V024,Bernabé Guerra,Sur,P0091,Capturadora Elgato 4K,Gaming,1510.29,5.0,0.2,6041.16,25
VTA0080494,2022-11-15,11,2022,C04712,Emilia Karla Rosales,Norte,Premium,V016,Octavio Mario Rincón Marín,Norte,P0106,Mochila Lowepro Pro,hogar inteligente,15548.34,5.0,0.19,62970.78,40
VTA0080495,2022-11-13,11,2022,C03037,Aurora Balderas,Sur,REGULAR,V013,Alvaro Gaona Ocasio,Sur,P0087,Headset HyperX Cloud III,Gaming,1932.81,2.0,0.1,3479.06,38
VTA0080496,2022-11-20,11,2022,C03493,Elias Briones Razo,Norte,Ocacional,V009,Amanda María José Bravo,Norte,P0037,JBL Charge 5,Audio,7052.66,2.0,0.19,11425.31,21
VTA0080497,2022-11-25,11,2022,C01377,Lic. Noelia Esquibel,Este,Ocasional,V005,Aldo Adán Rodrígez Galarza,Este,P0002,Samsung Galaxy S24,Celulares,7927.71,3.0,0.17,19740.0,19
VTA0080498,2022-11-09,11,2022,C04159,  Daniela Nancy Lozano  ,Centro,REGULAR,V003,Jacinto Rivero Valladares,Centro,P0122,Aspiradora Dyson V15,Hogar Inteligente,3196.8,3.0,0.08,8823.17,28
VTA0080499,2022-11-15,11,2022,C03919,Julia Caballero,Sur,Regular,V040,Karla Silvia Mireles Patiño,Oeste,P0025,Razer Blade 15,Laptops,29071.69,4.0,0.05,110472.42,44
VTA0080500,2022-11-25,11,2022,C01983,Juan Uribe,Oeste,Ocasional,V050,José María Gustavo Beltrán,Oeste,P0037,JBL Charge 5,Audio,7667.07,5.0,0.08,35268.52,21
VTA0080501,2022-11-13,11,2022,C03188,Dr. Humberto Zapata,Oeste,Ocasional,V030,Gustavo Camilo Ochoa Gamboa,Oeste,P0073,Microsoft Surface Go 3,audio ,11784.12,1.0,0.11,10487.87,22
VTA0080502,23/11/2022,11,2022,C00694,Clemente Iván Ponce Verduzco,Norte,Regular,V009,Amanda María José Bravo,Norte,P0026,MSI Prestige 16,Laptops,9448.59,5.0,0.02,46298.09,44
VTA0080503,15/11/2022,11,2022,C01937,Ofelia Lucía Nieves Molina,Oeste,Premium,V030,Gustavo Camilo Ochoa Gamboa,Oeste,P0108,Batería Canon LP-E6,Fotografía,16196.49,5.0,0.01,80172.63,32
VTA0080504,07/11/2022,11,2022,C02629,Silvano Jáquez,Norte,REGULAR,V002,Nelly Marrero Ortiz,Norte,P0059,Audífonos USB-C,Accesorios,1601.27,2.0,0.12,2818.24,43
VTA0080505,2022-11-19,11,2022,C04730,Daniela Bustamante del Río,Oeste,Premium,V047,  Estela Bianca Melgar Arias  ,Oeste,P0089,Mouse Logitech G Pro X,Gaming,7306.6,4.0,0.04,-28057.34,45
VTA0080506,2022-11-04,11,2022,C00177,  Cristian Pedraza Segura  ,Centro,Regular,V037,Victoria Caridad Concepción,Centro,P0046,JBL Flip 6,Audio,2330.89,4.0,0.09,8484.44,40
VTA0080507,2022-11-02,11,2022,C03302,Sra. Delia Olmos,Norte,Ocasional,V002,Nelly Marrero Ortiz,Norte,P0117,Cámara Nest Doorbell,Hogar Inteligente,9848.38,3.0,0.09,26886.08,34
VTA0080508,2022-11-07,11,2022,C00723,Ernesto Mariano González,Este,Regular,V010,Sra. Guadalupe Llamas,Este,P0089,Mouse Logitech G Pro X,Gaming,6900.14,1.0,0.06,6486.13,45
VTA0080509,2022-11-22,11,2022,C01964,Lic. Raúl Cervántez,Este,Regular,V028,Sofía Delia Gurule Cantú,Centro,P0099,Nikon Z6 III,Fotografía,26971.3,3.0,0.08,74440.79,21
VTA0080510,2022-11-11,11,2022,C04313,Srita. Leonor Valles,Centro,Regular,V044,Julia Esther Solorio,Centro,P0128,Panel Solar Portátil,Hogar Inteligente,3550.98,,0.07,6604.82,39
VTA0080511,2022-11-09,11,2022,C00814,Hermelinda Rael Reynoso,Sur,Regular,V013,Alvaro Gaona Ocasio,Sur,P0122,Aspiradora Dyson V15,Hogar Inteligente,2796.65,3.0,0.11,7467.06,28
VTA0080512,06/11/2022,11,2022,C02001,Dulce Mayte Páez Chávez,Centro,premiun,V028,Sofía Delia Gurule Cantú,Centro,P0111,Monitor Portátil 4K, Accesorios,6596.34,2.0,0.08,12137.27,41
VTA0080513,2022-11-27,11,2022,C01982,  Hugo Carvajal Ortega  ,Centro,Regular,V031,  Bernabé César Salazar  ,Centro,P0060,Adaptador HDMI 4K, Accesorios,1042.79,,0.1,3754.04,29
VTA0080514,2022-11-29,11,2022,C02726,Ilse Eva Botello,Oeste,Premium,V014,Ofelia Miriam Negrón,Oeste,P0077,Blackview Tab 16,Tablets,10981.74,1.0,0.07,10213.02,21
VTA0080515,2022-11-02,11,2022,C00732,Cristal Eva Matías,Oeste,Ocasional,V048,Ivonne Véliz,Centro,P0089,Mouse Logitech G Pro X,Gaming,7353.63,5.0,0.1,33091.34,45
VTA0080516,2022-11-04,11,2022,C04361,Gustavo Modesto Narváez,Norte,Regular,V042,  Srita. Sandra Escamilla  ,Norte,P0085,Monitor LG 27GP950,LAPTOPS,19060.39,3.0,0.02,56037.55,43
VTA0080517,24/11/2022,11,2022,C00077,Omar Castañeda,Centro,Premium,V017,Abraham Apodaca Colunga,Centro,P0075,Samsung Galaxy Tab A9,Tablets,17065.43,4.0,0.16,57339.84,35
VTA0080518,2022-11-24,11,2022,C02129,Leonor Becerra Ballesteros,Oeste,Regular,V007,Conchita Leticia Gastélum Corral,Oeste,P0002,Samsung Galaxy S24,Celulares,8006.04,2.0,0.07,14891.23,19
VTA0080519,2022-11-13,11,2022,C02450,Joaquín Modesto Benavides,Este,Ocasional,V045,Marisela Vanesa Chapa Aranda,Norte,P0027,MacBook Air M2,Laptops,37400.29,1.0,0.03,36278.28,24
VTA0080520,2022-11-20,11,2022,C00481,Gabriel Gastélum,Norte,Regular,V046,Hermelinda Josefina Rodarte Bahena,Norte,P0003,Xiaomi 14 Pro,Celulares,24343.91,1.0,0.18,19962.01,36
VTA0080521,2022-11-08,11,2022,C01590,Helena Luz Partida,Este,Regular,V011,Clara Loera,Este,P0110,Reflector 5en1 80cm,Fotografía,14340.62,1.0,0.18,11759.31,26
VTA0080522,2022-11-12,11,2022,C03156,Amador Zayas,Oeste,Premium,V037,Victoria Caridad Concepción,Centro,P0122,Aspiradora Dyson V15,Hogar Inteligente,3196.78,3.0,0.16,8055.89,28
VTA0080523,2022-11-21,11,2022,C00061,Ing. Rodolfo Menchaca,Oeste,Regular,V026,Ing. Elias Valdivia,Oeste,P0023,Microsoft Surface Pro 9,Laptops,31074.68,4.0,0.19,100681.96,27
VTA0080524,2022-11-08,11,2022,C03931,Jacobo Mario Segovia,Centro,Ocacional,V017,Abraham Apodaca Colunga,Centro,P0073,Microsoft Surface Go 3,Tablets,10292.08,2.0,0.01,20378.32,22
VTA0080525,2022-11-14,11,2022,C04143,  Daniel Montez  ,Norte,Regular,V029,Francisco Ballesteros,Norte,P0033,Sony WH-1000XM5,Audio,7031.5,1.0,0.19,5695.52,25
VTA0080526,2022-11-01,11,2022,C03231,Alfredo Aldo Baca Pineda,Centro,Regular,V044,Julia Esther Solorio,Centro,P0014,Motorola G84,Celulares,6576.09,2.0,0.17,10916.31,20
VTA0080527,2022-11-03,11,2022,C01414,Pascual José Luis Fierro,Este,Premium,V005,Aldo Adán Rodrígez Galarza,Este,P0001,iPhone 15 Pro,Celulares,20751.8,2.0,0.11,36938.2,37
VTA0080528,2022-11-01,11,2022,C00288,  Helena María José Canales  ,Sur,Ocasional,V024,Bernabé Guerra,Sur,P0013,Xiaomi Redmi Note 13,Celulares,12045.89,1.0,0.12,10600.38,30
VTA0080529,2022-11-30,11,2022,C01798,Ofelia Navarrete,Este,Regular,V016,Octavio Mario Rincón Marín,Norte,P0110,Reflector 5en1 80cm,Fotografía,15323.54,2.0,0.13,26662.96,26
VTA0080530,2022-11-17,11,2022,C04771,Hugo Palomo Ramírez,Norte,REGULAR,V042,  Srita. Sandra Escamilla  ,Norte,P0085,Monitor LG 27GP950,Gaming,18200.33,1.0,0.16,15288.28,43
VTA0080531,2022-11-26,11,2022,C02420,Dra. Ana León,Oeste,Ocasional,V001,Fernando Casares Jimínez,Oeste,P0122,Aspiradora Dyson V15,Hogar Inteligente,3169.65,1.0,0.14,2725.9,28
VTA0080532,2022-11-19,11,2022,C01535,Felix Barrientos Corona,Este,Premium,V010,Sra. Guadalupe Llamas,Este,P0122,Aspiradora Dyson V15,Hogar Inteligente,3090.69,1.0,0.19,2503.46,28
VTA0080533,2022-11-23,11,2022,C02233,  Clemente Olmos  ,Oeste,ocasional,V039,Sr. Modesto Guillen,Oeste,P0039,Sennheiser HD 450,Audio,1117.93,3.0,0.17,2783.65,24
VTA0080534,2022-11-15,11,2022,C03187,Lic. Bruno Mascareñas,Centro,Regular,V028,Sofía Delia Gurule Cantú,Centro,P0099,Nikon Z6 III,Fotografía,26298.86,3.0,0.04,75740.72,21
VTA0080535,2022-11-03,11,2022,C01520,José Carlos Fidel Ríos,Norte,Premiun,V009,Amanda María José Bravo,Norte,P0010,Huawei Pura 70,Celulares,9844.09,,0.08,9056.56,27
VTA0080536,2022-11-21,11,2022,C00348,Jacinto Gerónimo Meza,Centro,Regular,V044,Julia Esther Solorio,Centro,P0111,Monitor Portátil 4K,Fotografía,6588.08,2.0,0.07,12253.83,41
VTA0080537,2022-11-10,11,2022,C00349,Esperanza Teresa López Garrido,Este,REGULAR,V010,Sra. Guadalupe Llamas,Este,P0041,Bang Olufsen H95,LAPTOPS,6663.43,5.0,0.19,26986.89,20
VTA0080538,2022-11-12,11,2022,C02666,  Cornelio Samuel Razo  ,Centro,Ocasional,V037,Victoria Caridad Concepción,Centro,P0052,Protector Pantalla S24,Accesorios,1094.96,4.0,0.04,4204.65,31
VTA0080539,17/11/2022,11,2022,C04787,Luis Miguel Mateo Villaseñor Ríos,Norte,Regular,V042,  Srita. Sandra Escamilla  ,Norte,P0032,ASUS VivoBook 16,Laptops,11594.17,3.0,0.11,30956.43,38
VTA0080540,2022-11-30,11,2022,C00973,Federico Juan Carlos Medrano Briones,Sur,Premiun,V019,Jacinto Rodrigo Salazar Rolón,Sur,P0032,ASUS VivoBook 16,Laptops,9753.55,2.0,0.05,18531.74,38
VTA0080541,18/11/2022,11,2022,C04656,Lic. Felix Camarillo,Oeste,Ocasional,V026,Ing. Elias Valdivia,Oeste,P0022,Acer Swift 5,Laptops,31541.54,1.0,0.08,29018.22,41
VTA0080542,2022-11-22,11,2022,C00177,  Cristian Pedraza Segura  ,Centro,Regular,V028,Sofía Delia Gurule Cantú,Centro,P0035,Bose QC45,Audio,2587.84,2.0,0.09,4709.87,19
VTA0080543,2022-11-05,11,2022,C00854,Indira Georgina Tovar Cisneros,Sur,Regular,V027,Claudio Andrés Gómez Sosa,Sur,P0065,iPad Pro M2 12.9,Tablets,7861.93,5.0,0.13,34199.4,21
VTA0080544,2022-11-10,11,2022,C03797,Ruby Espinosa,Centro,Premiun,V033,Jaime Gamez Maldonado,Centro,P0096,Cooling Noctua NH-D15,Gaming,10316.3,5.0,0.15,43844.28,41
VTA0080545,2022-11-12,11,2022,C03046,Emilio Lorenzo Beltrán,Oeste,Ocasional,V027,Claudio Andrés Gómez Sosa,Sur,P0124,Sensor Movimiento Aqara,Hogar Inteligente,8276.67,4.0,0.03,32113.48,35
VTA0080546,15/11/2022,11,2022,C04197,  Zeferino Páez  ,Oeste,Premium,V050,José María Gustavo Beltrán,Oeste,P0032,ASUS VivoBook 16,Laptops,10653.39,2.0,0.19,17258.49,38
VTA0080547,2022-11-30,11,2022,C01512,Aurelio Gerardo Bustos,Oeste,Ocasional,V001,Fernando Casares Jimínez,Oeste,P0026,MSI Prestige 16, Accesorios,8677.03,3.0,0.13,22647.05,44
VTA0080548,2022-11-23,11,2022,C02695,Mariana Almonte,Norte,Regular,V042,  Srita. Sandra Escamilla  ,Norte,P0022,Acer Swift 5,Laptops,30782.15,3.0,0.06,86805.66,41
VTA0080549,2022-11-14,11,2022,C03508,Tania Chavarría,Este,Regular,V049,Ing. María Teresa Bétancourt,Este,P0039,Sennheiser HD 450,Audio,1030.25,4.0,0.16,3461.64,24
VTA0080550,2022-11-14,11,2022,C01786,Lic. Carolina Sáenz,Sur,Regular,V034,Rufino Rivera,Sur,P0092,Micrófono Blue Yeti,Gaming,12154.12,1.0,0.15,10331.0,47
VTA0080551,2022-11-02,11,2022,C04355,Ing. Carmen Benítez,Centro,Premiun,V031,  Bernabé César Salazar  ,Centro,P0047,Bose SoundLink,Audio,4146.16,4.0,0.12,14594.48,44
VTA0080552,2022-11-18,11,2022,C03145,Minerva Concepción González Prieto,Este,Regular,V005,Aldo Adán Rodrígez Galarza,Este,P0116,Foco Philips Hue,Hogar Inteligente,3835.22,5.0,0.17,15916.16,44
VTA0080553,2022-11-10,11,2022,C00523,,Centro,Regular,V048,Ivonne Véliz,Centro,P0042,Audio Technica ATH,Audio,5847.03,2.0,0.12,10290.77,31
VTA0080554,2022-11-20,11,2022,C02719,Soledad Amalia Mota,Norte,Premium,V046,Hermelinda Josefina Rodarte Bahena,Norte,P0007,Realme GT5,Celulares,19044.97,3.0,0.12,50278.72,39
VTA0080555,2022-11-15,11,2022,C01764,Alejandro Julio Medina Caballero,Oeste,Regular,V026,Ing. Elias Valdivia,Oeste,P0054,Mouse Logitech MX Master,Accesorios,1365.01,2.0,0.01,2702.72,25
VTA0080556,2022-11-30,11,2022,C02375,Jerónimo de Anda Cavazos,Oeste,Ocasional,V026,Ing. Elias Valdivia,Oeste,P0018,Dell XPS 15,Laptops,38973.63,1.0,0.13,33907.06,40
VTA0080557,2022-11-09,11,2022,C04897,Eva Salas Valentín,Sur,Premium,V012,Rubén Marco Antonio Orta Ramos,Sur,P0039,Sennheiser HD 450,hogar inteligente,1026.0,1.0,0.02,1005.48,24
VTA0080558,2022-11-05,11,2022,C03197,Bernabé José Carlos Bustamante Pelayo,Norte,premiun,V015,Joaquín Benavides Meza,Norte,P0042,Audio Technica ATH,Audio,5847.15,4.0,0.1,21049.74,31
VTA0080559,2022-11-17,11,2022,C01995,Liliana Claudia Ulibarri,Sur,Ocasional,V021,  Cristal Valdés Maya  ,Sur,P0038,Beats Studio Pro,Audio,2116.59,1.0,0.11,1883.77,39
VTA0080560,2022-11-19,11,2022,C02794,Cristina Gutiérrez Bétancourt,Este,Ocacional,V027,Claudio Andrés Gómez Sosa,Sur,P0079,Realme Pad 2,Tablets,8858.53,2.0,0.05,16831.21,20
VTA0080561,2022-11-09,11,2022,C03243,Bernardo Garay Alcala,Sur,premiun,V027,Claudio Andrés Gómez Sosa,Sur,P0047,Bose SoundLink,Audio,3817.11,4.0,0.02,14963.07,44
VTA0080562,2022-11-09,11,2022,C00641,Dalia Sepúlveda,Centro,Regular,V041,Srita. Nadia Casas,Centro,P0103,Lente Canon RF 50mm,Fotografía,16095.66,5.0,0.17,66796.99,31
VTA0080563,2022-11-22,11,2022,C00528,Ing. Sonia Feliciano,Norte,ocasional,V016,Octavio Mario Rincón Marín,Norte,P0043,Sony WF-1000XM5,Audio,4539.95,1.0,0.17,3768.16,25
VTA0080564,2022-11-12,11,2022,C04439,Josefina Estefanía Marroquín,Norte,Regular,V009,Amanda María José Bravo,Norte,P0064,Limpiador Pantallas Kit,Accesorios,1360.82,2.0,0.15,2313.39,44
VTA0080565,25/11/2022,11,2022,C02858,  Agustín José Luis Segovia  ,Oeste,Ocasional,V031,  Bernabé César Salazar  ,Centro,P0091,Capturadora Elgato 4K,Gaming,1435.62,4.0,0.03,5570.21,25
VTA0080566,2022-11-27,11,2022,C04589,Elisa Soto,Este,ocasional,V047,  Estela Bianca Melgar Arias  ,Oeste,P0014,Motorola G84,Celulares,6445.18,3.0,0.03,18755.47,20
VTA0080567,07/11/2022,11,2022,C01621,Ing. Camilo Vega,Sur,Ocacional,V024,Bernabé Guerra,Sur,P0076,TCL Tab 10,hogar inteligente,18719.62,5.0,0.09,85174.27,24
VTA0080568,2022-11-14,11,2022,C00349,Esperanza Teresa López Garrido,Este,REGULAR,V010,Sra. Guadalupe Llamas,Este,P0088,Teclado Razer Huntsman,Gaming,22354.54,1.0,0.12,19672.0,44
VTA0080569,2022-11-21,11,2022,C03703,Espartaco Zambrano,Oeste,Premium,V038,Violeta Itzel Benavídez,Oeste,P0063,Pad Mouse XL Gaming,hogar inteligente,1799.07,1.0,0.05,1709.12,42
VTA0080570,2022-11-04,11,2022,C01690,Javier Jaime Villegas,Centro,Premium,V041,Srita. Nadia Casas,Centro,P0127,Router WiFi 6 Mesh,Hogar Inteligente,5630.21,2.0,0.05,10697.4,44
VTA0080571,2022-11-02,11,2022,C02444,Daniel Cabán,Centro,Premium,V027,Claudio Andrés Gómez Sosa,Sur,P0043,Sony WF-1000XM5,Audio,4236.44,2.0,0.09,7710.32,25
VTA0080572,2022-11-10,11,2022,C03994,Paulina Ojeda,Sur,ocasional,V039,Sr. Modesto Guillen,Oeste,P0100,Fujifilm X-T5,Fotografía,17321.0,4.0,0.11,61662.76,42
VTA0080573,2022-11-23,11,2022,C00893,Alma Anel Riojas,Norte,Ocasional,V041,Srita. Nadia Casas,Centro,P0053,Hub USB-C 7en1,Accesorios,399.62,2.0,0.09,727.31,20
VTA0080574,2022-11-06,11,2022,C00831,,Oeste,Premium,V032,Nelly Barela Cardenas,Este,P0110,Reflector 5en1 80cm,Fotografía,14141.18,4.0,0.11,50342.6,26
VTA0080575,2022-11-08,11,2022,C03252,Gabriel Batista Díaz,Norte,REGULAR,V043,Homero Esquivel,Norte,P0055,Teclado Keychron K2,Accesorios,1374.49,3.0,0.17,3422.48,28
VTA0080576,2022-11-19,11,2022,C00697,Antonia Eugenia Medina Aguirre,Este,Premium,V010,Sra. Guadalupe Llamas,Este,P0024,LG Gram 17,Laptops,40941.59,3.0,0.03,119140.03,26
VTA0080577,2022-11-15,11,2022,C01823,Natalia Lugo,Este,Regular,V011,Clara Loera,Este,P0027,MacBook Air M2,Laptops,34268.52,2.0,0.15,58256.48,24
VTA0080578,2022-11-27,11,2022,C03659,Virginia Espinoza,Oeste,Ocasional,V035,Estela Haro,Oeste,P0070,Amazon Fire HD 10,Tablets,17479.81,2.0,0.03,33910.83,33
VTA0080579,2022-11-28,11,2022,C01659,Minerva Úrsula Gaitán Briseño,Sur,Regular,V025,Manuel Gerónimo Armas,Sur,P0011,iPhone 14,Celulares,9302.51,1.0,0.1,8372.26,43
VTA0080580,2022-11-13,11,2022,C03624,Clemente Baca Corona,Centro,Premium,V031,  Bernabé César Salazar  ,Centro,P0033,Sony WH-1000XM5,Audio,6560.73,4.0,0.06,24668.34,25
VTA0080581,2022-11-26,11,2022,C01061,Soledad Ybarra de la Torre,Este,Premium,V049,Ing. María Teresa Bétancourt,Este,P0121,Roomba j7 Plus,Hogar Inteligente,6143.43,2.0,0.14,10566.7,38
VTA0080582,2022-11-21,11,2022,C03137,Bianca Partida,Sur,Premium,V020,Dr. Arturo Angulo,Sur,P0072,Huawei MatePad Pro,Tablets,16907.2,3.0,0.09,46156.66,43
VTA0080583,2022-11-07,11,2022,C02143,Ing. Clara Mares,Oeste,Regular,V038,Violeta Itzel Benavídez,Oeste,P0059,Audífonos USB-C,Accesorios,1669.04,1.0,0.1,1502.14,43
VTA0080584,2022-11-28,11,2022,C04448,Helena Ofelia Contreras,Sur,Ocasional,V018,Lic. Gilberto Castellanos,Sur,P0121,Roomba j7 Plus,Hogar Inteligente,6635.41,4.0,0.0,26541.64,38
VTA0080585,2022-11-17,11,2022,C04692,Patricia Rosa Medrano,Sur,premiun,V006,  Dr. Evelio Murillo  ,Sur,P0034,AirPods Pro 2,Audio,1337.44,1.0,0.05,1270.57,27
VTA0080586,2022-11-15,11,2022,C04160,Amanda Salazar Vanegas,Este,Regular,V032,Nelly Barela Cardenas,Este,P0064,Limpiador Pantallas Kit,Accesorios,1488.97,2.0,0.17,2471.69,44
VTA0080587,2022-11-27,11,2022,C01262,  Sofía Ayala  ,Sur,Ocasional,V005,Aldo Adán Rodrígez Galarza,Este,P0071,ASUS Zenpad 3S,Tablets,13270.4,4.0,0.05,50427.52,20
VTA0080588,2022-11-11,11,2022,C00119,Ing. Ricardo Lozada,Sur,Regular,V013,Alvaro Gaona Ocasio,Sur,P0089,Mouse Logitech G Pro X,Gaming,6195.62,3.0,0.15,15798.83,45
VTA0080589,2022-11-21,11,2022,C02522,Augusto Maldonado,Oeste,Ocasional,V050,José María Gustavo Beltrán,Oeste,P0021,ASUS ROG Zephyrus,Laptops,12747.36,2.0,0.02,24984.83,36
VTA0080590,2022-11-16,11,2022,C01893,Dr. Alonso Aponte,Oeste,Premiun,V007,Conchita Leticia Gastélum Corral,Oeste,P0088,Teclado Razer Huntsman,Gaming,24401.53,2.0,0.04,46850.94,44
VTA0080591,2022-11-06,11,2022,C02146,Sandra Wendolin Cervántez Flórez,Centro,ocasional,V028,Sofía Delia Gurule Cantú,Centro,P0103,Lente Canon RF 50mm,Fotografía,15877.74,1.0,0.13,13813.63,31
VTA0080592,2022-11-03,11,2022,C01023,Dr. José Niño,Norte,Ocasional,V016,Octavio Mario Rincón Marín,Norte,P0033,Sony WH-1000XM5,Audio,7474.98,3.0,0.1,20182.45,25
VTA0080593,2022-11-02,11,2022,C00667,Horacio Olivas Rojas,Este,Regular,V049,Ing. María Teresa Bétancourt,Este,P0079,Realme Pad 2,hogar inteligente,8339.76,1.0,0.12,7338.99,20
VTA0080594,2022-11-01,11,2022,C00888,Ing. Samuel Saavedra,Oeste,ocasional,V030,Gustavo Camilo Ochoa Gamboa,Oeste,P0123,Cerradura Yale Smart,Hogar Inteligente,9739.78,5.0,0.1,43829.01,29
VTA0080595,2022-11-11,11,2022,C01302,Nayeli Murillo,Norte,Regular,V046,Hermelinda Josefina Rodarte Bahena,Norte,P0021,ASUS ROG Zephyrus,Laptops,12843.18,5.0,0.04,61647.26,36
VTA0080596,19/11/2022,11,2022,C02516,Reina Carolina Bañuelos Cortez,Oeste,Premium,V026,Ing. Elias Valdivia,Oeste,P0024,LG Gram 17,Laptops,45313.64,5.0,0.01,224302.52,26
VTA0080597,2022-11-17,11,2022,C04471,Arcelia Conchita Saldivar,Oeste,Premium,V022,Bernardo Lemus Caballero,Oeste,P0077,Blackview Tab 16,hogar inteligente,11236.29,1.0,0.07,10449.75,21
VTA0080598,2022-11-25,11,2022,C04880,Porfirio Griego Terán,Sur,Premium,V008,Irene Franco,Sur,P0049,Cargador MagSafe 30W,Accesorios,940.1,3.0,0.16,2369.05,37
VTA0080599,2022-11-09,11,2022,C04784,Dr. Octavio Rodríquez,Centro,Premium,V033,Jaime Gamez Maldonado,Centro,P0021,ASUS ROG Zephyrus,Laptops,11152.54,1.0,0.0,11152.54,36
VTA0080600,2022-11-02,11,2022,C00611,Ramón Leonardo Rodarte Maldonado,Sur,premiun,V013,Alvaro Gaona Ocasio,Sur,P0044,Anker Q45,tablets,7064.91,2.0,0.07,13140.73,23
VTA0080601,20/11/2022,11,2022,C02118,,Este,Ocasional,V032,Nelly Barela Cardenas,Este,P0050,Cable USB-C 2m,Accesorios,1516.96,1.0,0.15,1289.42,32
VTA0080602,2022-11-20,11,2022,C03921,Srita. Esperanza Merino,Centro,Premium,V044,Julia Esther Solorio,Centro,P0121,Roomba j7 Plus,Hogar Inteligente,6577.52,4.0,0.13,22889.77,38
VTA0080603,2022-11-10,11,2022,C00689,Pascual Lara,Este,Ocacional,V049,Ing. María Teresa Bétancourt,Este,P0114,Google Nest Hub 2, Accesorios,5019.34,1.0,0.04,4818.57,45
VTA0080604,2022-11-01,11,2022,C04499,David José Eduardo Villalobos Acevedo,Centro,Premium,V050,José María Gustavo Beltrán,Oeste,P0084,Steam Deck 512GB,Gaming,12056.62,3.0,0.02,35446.46,26
VTA0080605,2022-11-13,11,2022,C01395,Lic. Bernabé Roque,Norte,Regular,V046,Hermelinda Josefina Rodarte Bahena,Norte,P0083,Nintendo Switch OLED,Gaming,14740.66,2.0,0.02,28891.69,39
VTA0080606,2022-11-10,11,2022,C02637,Teresa Cordero Lebrón,Sur,Ocasional,V012,Rubén Marco Antonio Orta Ramos,Sur,P0057,Soporte Laptop Adjustable,Accesorios,493.84,5.0,0.13,2148.2,39
VTA0080607,2022-11-09,11,2022,C01607,Rufino Casárez,Oeste,Ocasional,V030,Gustavo Camilo Ochoa Gamboa,Oeste,P0073,Microsoft Surface Go 3,Tablets,10150.99,3.0,0.02,29843.91,22
VTA0080608,2022-11-18,11,2022,C03283,Rafaél Julio César Chapa Ballesteros,Centro,Premium,V037,Victoria Caridad Concepción,Centro,P0020,Lenovo ThinkPad X1,Laptops,23503.08,4.0,0.01,93072.2,42
VTA0080609,2022-11-26,11,2022,C01199,Benito Escobar Castellanos,Oeste,Premium,V040,Karla Silvia Mireles Patiño,Oeste,P0053,Hub USB-C 7en1,Accesorios,463.45,3.0,0.18,1140.09,20
VTA0080610,2022-11-13,11,2022,C02857,Gerardo Iván Lugo,Oeste,Ocasional,V039,Sr. Modesto Guillen,Oeste,P0089,Mouse Logitech G Pro X,Gaming,6415.65,2.0,0.17,10649.98,45
VTA0080611,2022-11-05,11,2022,C01749,Marcos Sergio Quintero Irizarry,Este,Regular,V049,Ing. María Teresa Bétancourt,Este,P0002,Samsung Galaxy S24,Celulares,7278.52,5.0,0.05,34572.97,19
VTA0080612,07/11/2022,11,2022,C01781,Gabriel Medina,Oeste,Premium,V035,Estela Haro,Oeste,P0105,Tripié Joby GorillaPod,Fotografía,9791.25,4.0,0.14,-33681.9,41
VTA0080613,2022-11-07,11,2022,C00575,Martha Rebeca Romero Alcántar,Sur,ocasional,V024,Bernabé Guerra,Sur,P0074,iPad Mini 6,Tablets,17572.65,1.0,0.01,-17396.92,31
VTA0080614,2022-11-21,11,2022,C03157,Lic. Lourdes Otero,Este,Ocasional,V032,Nelly Barela Cardenas,Este,P0123,Cerradura Yale Smart,Hogar Inteligente,9450.25,1.0,0.19,7654.7,29
VTA0080615,2022-11-03,11,2022,C00679,Jacinto Badillo Laureano,Norte,Regular,V043,Homero Esquivel,Norte,P0022,Acer Swift 5,tablets,34801.74,3.0,0.08,96052.8,41
VTA0080616,2022-11-14,11,2022,C04530,Sra. Alma Rubio,Este,Regular,V039,Sr. Modesto Guillen,Oeste,P0058,Mochila Techpack 30L,Accesorios,781.53,4.0,0.07,2907.29,23
VTA0080617,2022-11-08,11,2022,C01690,,Centro,Premium,V037,Victoria Caridad Concepción,Centro,P0100,Fujifilm X-T5,Fotografía,15439.35,5.0,0.05,73336.91,42
VTA0080618,2022-11-10,11,2022,C03203,Adela Toledo Vargas,Sur,REGULAR,V019,Jacinto Rodrigo Salazar Rolón,Sur,P0016,Tecno Spark 20,Celulares,15571.87,3.0,0.15,39708.27,20
VTA0080619,2022-11-08,11,2022,C00442,Berta Jaramillo Esquibel,Norte,Ocasional,V029,Francisco Ballesteros,Norte,P0052,Protector Pantalla S24,Accesorios,1219.41,5.0,0.03,5914.14,31
VTA0080620,01/11/2022,11,2022,C01360,José Eduardo Germán Nazario Tamayo,Norte,Premium,V016,Octavio Mario Rincón Marín,Norte,P0002,Samsung Galaxy S24,Celulares,7967.82,2.0,0.1,14342.08,19
VTA0080621,02/11/2022,11,2022,C00353,Francisco Botello,Este,Premium,V005,Aldo Adán Rodrígez Galarza,Este,P0098,Sony Alpha 7 IV,Fotografía,18889.94,1.0,0.03,18323.24,34
VTA0080622,2022-11-10,11,2022,C01252,Jerónimo Arteaga,Oeste,Ocasional,V007,Conchita Leticia Gastélum Corral,Oeste,P0030,Lenovo IdeaPad 5,Laptops,46305.34,1.0,0.11,41211.75,21
VTA0080623,2022-11-13,11,2022,C04742,,Centro,Premium,V028,Sofía Delia Gurule Cantú,Centro,P0050,Cable USB-C 2m,Accesorios,1388.99,3.0,0.14,3583.59,32
VTA0080624,2022-11-20,11,2022,C04369,Teresa Maestas Sanches,Oeste,Ocasional,V035,Estela Haro,Oeste,P0090,Control Xbox Elite 2,Gaming,25398.95,3.0,0.02,74672.91,40
VTA0080625,2022-11-19,11,2022,C01614,Antonia Yeni Ríos Gil,Sur,Regular,V020,Dr. Arturo Angulo,Sur,P0021,ASUS ROG Zephyrus,Laptops,11471.44,2.0,0.02,22484.02,36
VTA0080626,2022-11-05,11,2022,C04372,Andrés Claudio Rosas,Sur,Ocacional,V012,Rubén Marco Antonio Orta Ramos,Sur,P0124,Sensor Movimiento Aqara,Hogar Inteligente,7321.43,4.0,0.19,23721.43,35
VTA0080627,2022-11-15,11,2022,C04539,Dra. Fabiola Calvillo,Norte,Ocacional,V004,Aurora Zelaya,Norte,P0012,Samsung A55,Celulares,19743.91,2.0,0.04,37908.31,36
VTA0080628,2022-11-02,11,2022,C04355,Ing. Carmen Benítez,Centro,Ocacional,V031,  Bernabé César Salazar  ,Centro,P0045,Marshall Emberton III,Audio,7166.73,3.0,0.08,19780.17,22
VTA0080629,2022-11-12,11,2022,C04483,Mauro Granados Navarrete,Este,Premium,V009,Amanda María José Bravo,Norte,P0099,Nikon Z6 III,Fotografía,30888.6,2.0,0.15,52510.62,21
VTA0080630,2022-11-05,11,2022,C01038,,Norte,Ocasional,V046,Hermelinda Josefina Rodarte Bahena,Norte,P0042,Audio Technica ATH,Audio,6710.49,3.0,0.13,17514.38,31
VTA0080631,2022-11-07,11,2022,C02822,Aldonza Farías Bonilla,Sur,Premium,V020,Dr. Arturo Angulo,Sur,P0020,Lenovo ThinkPad X1,Laptops,24497.12,5.0,0.03,118811.03,42
VTA0080632,07/11/2022,11,2022,C02990,Amalia Adriana Lugo Casillas,Oeste,Premium,V014,Ofelia Miriam Negrón,Oeste,P0094,RAM Corsair 32GB,Gaming,18221.37,5.0,0.02,89284.71,26
VTA0080633,2022-11-30,11,2022,C04801,Sra. Nelly Morales,Oeste,Regular,V014,Ofelia Miriam Negrón,Oeste,P0123,Cerradura Yale Smart,audio ,9778.6,2.0,0.01,19361.63,29
VTA0080634,2022-11-01,11,2022,C01038,Eugenia Mercado,Norte,Ocasional,V043,Homero Esquivel,Norte,P0035,Bose QC45,tablets,2503.69,5.0,0.04,12017.71,19
VTA0080635,2022-11-05,11,2022,C04375,Florencia Yolanda Alfaro Garza,Este,Premium,V032,Nelly Barela Cardenas,Este,P0071,ASUS Zenpad 3S,Tablets,13223.87,5.0,0.08,60829.8,20
VTA0080636,2022-11-21,11,2022,C04501,Antonio Ayala Ayala,Centro,Ocasional,V041,Srita. Nadia Casas,Centro,P0093,GPU RTX 4070 Ti,LAPTOPS,28149.52,3.0,0.18,-69247.82,29
VTA0080637,2022-11-21,11,2022,C01935,  Marisol Paola Valencia Padrón  ,Sur,Premium,V041,Srita. Nadia Casas,Centro,P0026,MSI Prestige 16,Laptops,10346.38,3.0,0.1,27935.23,44
VTA0080638,2022-11-13,11,2022,C04330,Teodoro José María Lomeli,Este,Ocasional,V011,Clara Loera,Este,P0061,Batería Portátil 20000,Accesorios,1791.7,2.0,0.19,2902.55,32
VTA0080639,2022-11-14,11,2022,C02910,  Beatriz Zarate Tovar  ,Oeste,Ocasional,V039,Sr. Modesto Guillen,Oeste,P0018,Dell XPS 15,Laptops,37960.56,4.0,0.02,148805.4,40
VTA0080640,2022-11-30,11,2022,C02446,Zacarías Pascual de León,Norte,Premium,V018,Lic. Gilberto Castellanos,Sur,P0119,Enchufe Inteligente TP,Hogar Inteligente,4506.0,5.0,0.1,20277.0,27
VTA0080641,2022-11-09,11,2022,C02001,Dulce Mayte Páez Chávez,Centro,Ocasional,V004,Aurora Zelaya,Norte,P0015,Nokia G42,audio ,18329.36,3.0,0.02,53888.32,26
VTA0080642,2022-11-04,11,2022,C04805,Dra. Concepción Menéndez,Oeste,Premium,V038,Violeta Itzel Benavídez,Oeste,P0019,HP Spectre x360,Laptops,39072.62,4.0,0.04,150038.86,26
VTA0080643,2022-11-01,11,2022,C00565,Conchita Tamayo Zedillo,Centro,Ocacional,V037,Victoria Caridad Concepción,Centro,P0105,Tripié Joby GorillaPod,celulares,9904.96,1.0,0.1,8914.46,41
VTA0080644,2022-11-30,11,2022,C03929,Helena Verduzco,Oeste,Premium,V049,Ing. María Teresa Bétancourt,Este,P0027,MacBook Air M2,Laptops,32967.55,4.0,0.05,125276.69,24
VTA0080645,2022-11-02,11,2022,C03721,Gilberto Guardado,Este,Premium,V049,Ing. María Teresa Bétancourt,Este,P0095,SSD Samsung 980 Pro,Gaming,2736.71,4.0,0.03,10618.43,28
VTA0080646,2022-11-04,11,2022,C01887,Minerva Lebrón de León,Este,Premium,V010,Sra. Guadalupe Llamas,Este,P0126,Proyector BenQ 4K,Hogar Inteligente,6991.44,2.0,0.06,13143.91,35
VTA0080647,2022-11-01,11,2022,C03916,Marco Antonio Adalberto Girón,Este,premiun,V005,Aldo Adán Rodrígez Galarza,Este,P0017,MacBook Pro M3,Laptops,13968.19,5.0,0.08,64253.67,43
VTA0080648,2022-11-20,11,2022,C03220,Ilse Olivares,Sur,Premium,V004,Aurora Zelaya,Norte,P0095,SSD Samsung 980 Pro,Gaming,3117.22,5.0,0.13,-13559.91,28
VTA0080649,2022-11-14,11,2022,C01596,Miguel Ángel Ríos,Centro,Ocasional,V017,Abraham Apodaca Colunga,Centro,P0091,Capturadora Elgato 4K,Gaming,1479.29,5.0,0.02,7248.52,25
VTA0080650,02/11/2022,11,2022,C01552,Lic. Manuel Hinojosa,Sur,REGULAR,V034,Rufino Rivera,Sur,P0032,ASUS VivoBook 16,Laptops,10030.36,5.0,0.09,45638.14,38
VTA0080651,2022-11-15,11,2022,C00608,Tomás Mateo Armas Torres,Centro,Premium,V041,Srita. Nadia Casas,Centro,P0051,Funda iPhone 15 Pro,Accesorios,1410.32,3.0,0.12,3723.24,40
VTA0080652,2022-11-20,11,2022,C02750,Leonardo Riojas,Sur,Regular,V042,  Srita. Sandra Escamilla  ,Norte,P0049,Cargador MagSafe 30W,audio ,905.38,2.0,0.04,1738.33,37
VTA0080653,2022-11-08,11,2022,C02643,Ing. Héctor Carrillo,Oeste,Ocasional,V001,Fernando Casares Jimínez,Oeste,P0013,Xiaomi Redmi Note 13,Celulares,13246.55,5.0,0.17,54973.18,30
VTA0080654,2022-11-26,11,2022,C02003,Catalina Jaqueline Esparza Anaya,Sur,Regular,V027,Claudio Andrés Gómez Sosa,Sur,P0095,SSD Samsung 980 Pro,Gaming,2971.3,2.0,0.11,5288.91,28
VTA0080655,2022-11-06,11,2022,C00863,Dr. Enrique Orellana,Este,Ocasional,V017,Abraham Apodaca Colunga,Centro,P0121,Roomba j7 Plus,gaming,6384.94,3.0,0.2,15323.86,38
VTA0080656,2022-11-05,11,2022,C02529,Fernando Eric Colón Alcala,Norte,premiun,V046,Hermelinda Josefina Rodarte Bahena,Norte,P0062,Reloj Smartwatch Band,Accesorios,1431.13,4.0,0.05,5438.29,38
VTA0080657,2022-11-13,11,2022,C00068,  Esther Antonia Rentería Quiñónez  ,Sur,Premium,V019,Jacinto Rodrigo Salazar Rolón,Sur,P0070,Amazon Fire HD 10,Tablets,16116.66,2.0,0.01,31910.99,33
VTA0080658,2022-11-07,11,2022,C04729,  Itzel Ornelas  ,Sur,Regular,V012,Rubén Marco Antonio Orta Ramos,Sur,P0017,MacBook Pro M3,Laptops,13251.3,2.0,0.09,24117.37,43
VTA0080659,2022-11-15,11,2022,C04887,Yolanda Becerra,Norte,Ocasional,V002,Nelly Marrero Ortiz,Norte,P0073,Microsoft Surface Go 3,Tablets,11666.81,5.0,0.19,47250.58,22
VTA0080660,2022-11-13,11,2022,C04745,Ing. Abraham Mora,Oeste,ocasional,V047,  Estela Bianca Melgar Arias  ,Oeste,P0048,Skullcandy Crusher,Audio,3918.66,5.0,0.15,16654.3,44
VTA0080661,2022-11-10,11,2022,C03295,Germán Esteban Aguirre,Centro,Premium,V048,Ivonne Véliz,Centro,P0109,Filtro ND Variable,Fotografía,3313.74,2.0,0.16,5567.08,30
VTA0080662,2022-11-18,11,2022,C00067,Yeni Menéndez,Norte,Ocasional,V002,Nelly Marrero Ortiz,Norte,P0109,Filtro ND Variable,Fotografía,3539.58,1.0,0.16,2973.25,30
VTA0080663,2022-11-27,11,2022,C01406,Carlos Arevalo,Centro,Ocasional,V028,Sofía Delia Gurule Cantú,Centro,P0113,Alexa Echo Dot 5,Hogar Inteligente,10069.2,4.0,0.19,32624.21,20
VTA0080664,2022-11-22,11,2022,C04242,Homero Gilberto Moya Durán,Centro,Premium,V031,  Bernabé César Salazar  ,Centro,P0073,Microsoft Surface Go 3,Tablets,12110.56,5.0,0.18,49653.3,22
VTA0080665,22/11/2022,11,2022,C02327,Gabriela Débora Vaca,Norte,Premium,V016,Octavio Mario Rincón Marín,Norte,P0026,MSI Prestige 16,celulares,9929.9,1.0,0.13,8639.01,44
VTA0080666,2022-11-09,11,2022,C00831,Wendolin Irizarry,Oeste,Premium,V040,Karla Silvia Mireles Patiño,Oeste,P0109,Filtro ND Variable,Fotografía,3197.5,1.0,0.17,2653.92,30
VTA0080667,2022-11-11,11,2022,C00315,Ing. Nelly Velasco,Oeste,Regular,V026,Ing. Elias Valdivia,Oeste,P0044,Anker Q45,Audio,7105.01,2.0,0.11,12646.92,23
VTA0080668,2022-11-20,11,2022,C02359,Ing. Jos Mateo,Oeste,Ocasional,V044,Julia Esther Solorio,Centro,P0100,Fujifilm X-T5,Fotografía,16900.86,2.0,0.08,31097.58,42
VTA0080669,2022-11-01,11,2022,C02266,Mateo Serafín Zamora del Río,Centro,premiun,V027,Claudio Andrés Gómez Sosa,Sur,P0052,Protector Pantalla S24,Accesorios,1247.6,3.0,0.03,3630.52,31
VTA0080670,2022-11-06,11,2022,C00071,Srita. Leticia Barraza,Centro,Premium,V003,Jacinto Rivero Valladares,Centro,P0065,iPad Pro M2 12.9,hogar inteligente,8077.85,,0.16,13570.79,21
VTA0080671,2022-11-14,11,2022,C03593,Eloy Jáquez,Este,Ocasional,V032,Nelly Barela Cardenas,Este,P0026,MSI Prestige 16,audio ,9081.1,4.0,0.11,32328.72,44
VTA0080672,13/11/2022,11,2022,C00386,José Luis Contreras Ruiz,Sur,Regular,V019,Jacinto Rodrigo Salazar Rolón,Sur,P0087,Headset HyperX Cloud III,Gaming,2099.05,5.0,0.2,8396.2,38
VTA0080673,2022-11-17,11,2022,C03371,César Wilfrido Vela,Sur,Ocasional,V027,Claudio Andrés Gómez Sosa,Sur,P0057,Soporte Laptop Adjustable,Accesorios,497.77,2.0,0.04,955.72,39
VTA0080674,2022-11-20,11,2022,C04022,,Centro,Regular,V041,Srita. Nadia Casas,Centro,P0011,iPhone 14,LAPTOPS,10992.0,4.0,0.03,42648.96,43
VTA0080675,2022-11-30,11,2022,C02242,Luz Tania Olivera Ocampo,Sur,Premiun,V020,Dr. Arturo Angulo,Sur,P0102,GoPro Hero 12,Fotografía,26589.44,1.0,0.15,22601.02,45
VTA0080676,2022-11-07,11,2022,C00690,María Eugenia Liliana Mejía,Este,Premium,V011,Clara Loera,Este,P0090,Control Xbox Elite 2,Gaming,27282.98,2.0,0.1,49109.36,40
VTA0080677,2022-11-13,11,2022,C03311,Estefanía Maldonado Alfaro,Este,Regular,V005,Aldo Adán Rodrígez Galarza,Este,P0083,Nintendo Switch OLED,Gaming,15343.36,2.0,0.13,26697.45,39
VTA0080678,2022-11-30,11,2022,C03084,Rocío Luisa Noriega Villarreal,Este,Ocasional,V047,  Estela Bianca Melgar Arias  ,Oeste,P0048,Skullcandy Crusher,celulares,3721.77,3.0,0.12,9825.47,44
VTA0080679,2022-11-26,11,2022,C00819,Araceli Hurtado Leyva,Este,Premiun,V005,Aldo Adán Rodrígez Galarza,Este,P0080,Honor Pad 8,Tablets,10026.75,5.0,0.19,40608.34,19
VTA0080680,2022-11-22,11,2022,C01114,Guillermo Meraz,Oeste,Ocasional,V030,Gustavo Camilo Ochoa Gamboa,Oeste,P0061,Batería Portátil 20000,tablets,1724.39,5.0,0.2,6897.56,32
VTA0080681,2022-11-08,11,2022,C04131,Alvaro Oswaldo Cortés,Norte,Ocasional,V009,Amanda María José Bravo,Norte,P0126,Proyector BenQ 4K,Hogar Inteligente,7284.51,4.0,0.14,25058.71,35
VTA0080682,2022-11-20,11,2022,C02023,Ing. Ruby Noriega,Oeste,Premium,V050,José María Gustavo Beltrán,Oeste,P0063,Pad Mouse XL Gaming,tablets,1928.73,4.0,0.11,6866.28,42
VTA0080683,2022-11-01,11,2022,C02105,Julia Paulina Avilés Ybarra,Sur,Premium,V020,Dr. Arturo Angulo,Sur,P0060,Adaptador HDMI 4K,Accesorios,999.45,4.0,0.07,3717.95,29
VTA0080684,15/11/2022,11,2022,C04658,Rafaél Mena,Centro,Ocasional,V033,Jaime Gamez Maldonado,Centro,P0079,Realme Pad 2,Tablets,9209.92,1.0,0.12,8104.73,20
VTA0080685,2022-11-26,11,2022,C01029,Leonardo Gallegos González,Centro,REGULAR,V041,Srita. Nadia Casas,Centro,P0051,Funda iPhone 15 Pro,Accesorios,1294.47,3.0,0.09,3533.9,40
VTA0080686,2022-11-11,11,2022,C02664,Benito Montoya Estrada,Este,Premium,V011,Clara Loera,Este,P0004,Google Pixel 8,Celulares,5475.89,5.0,0.16,22998.74,34
VTA0080687,2022-11-17,11,2022,C03191,Srita. Violeta Centeno,Norte,Ocasional,V004,Aurora Zelaya,Norte,P0022,Acer Swift 5,Laptops,31439.73,4.0,0.19,101864.73,41
VTA0080688,2022-11-17,11,2022,C02948,Ing. Yuridia Hernández,Centro,Ocasional,V044,Julia Esther Solorio,Centro,P0087,Headset HyperX Cloud III,Gaming,2230.96,1.0,0.06,2097.1,38
VTA0080689,2022-11-04,11,2022,C04543,Karina Mercedes Vargas,Sur,REGULAR,V020,Dr. Arturo Angulo,Sur,P0016,Tecno Spark 20,Celulares,13572.99,4.0,0.18,44519.41,20
VTA0080690,10/11/2022,11,2022,C00963,Ing. Aldonza Fierro,Centro,Premium,V044,Julia Esther Solorio,Centro,P0095,SSD Samsung 980 Pro,Gaming,3037.68,1.0,0.04,2916.17,28
VTA0080691,2022-11-09,11,2022,C03069,Concepción Arredondo,Este,Regular,V049,Ing. María Teresa Bétancourt,Este,P0128,Panel Solar Portátil,Hogar Inteligente,3641.39,5.0,0.04,17478.67,39
VTA0080692,2022-11-25,11,2022,C03135,  Horacio Alfredo Cabrera Mascareñas  ,Sur,Premium,V020,Dr. Arturo Angulo,Sur,P0049,Cargador MagSafe 30W,Accesorios,1007.26,1.0,0.03,977.04,37
VTA0080693,10/11/2022,11,2022,C01403,Mariana Guillermina Ybarra,Este,Premium,V019,Jacinto Rodrigo Salazar Rolón,Sur,P0025,Razer Blade 15,Laptops,27848.53,4.0,0.1,100254.71,44
VTA0080694,2022-11-11,11,2022,C00349,Esperanza Teresa López Garrido,Este,REGULAR,V049,Ing. María Teresa Bétancourt,Este,P0001,iPhone 15 Pro,LAPTOPS,20060.24,1.0,0.09,18254.82,37
VTA0080695,2022-11-21,11,2022,C02365,Alonso Homero Rael,Oeste,REGULAR,V026,Ing. Elias Valdivia,Oeste,P0117,Cámara Nest Doorbell,Hogar Inteligente,9878.05,1.0,0.09,8989.03,34
VTA0080696,2022-11-10,11,2022,C01737,Débora Villa Molina,Norte,Ocasional,V046,Hermelinda Josefina Rodarte Bahena,Norte,P0037,JBL Charge 5,Audio,7458.99,,0.14,19244.19,21
VTA0080697,2022-11-24,11,2022,C02397,Alicia Moreno Carreón,Oeste,Ocasional,V047,  Estela Bianca Melgar Arias  ,Oeste,P0026,MSI Prestige 16,Laptops,8643.55,4.0,0.05,32845.49,44
VTA0080698,2022-11-03,11,2022,C04727,Julio César Quiroz,Norte,Ocasional,V046,Hermelinda Josefina Rodarte Bahena,Norte,P0110,Reflector 5en1 80cm,Fotografía,14316.19,2.0,0.09,26055.47,26
VTA0080699,2022-11-23,11,2022,C00503,Ignacio Óliver Venegas,Este,ocasional,V038,Violeta Itzel Benavídez,Oeste,P0072,Huawei MatePad Pro,Tablets,17303.26,1.0,0.16,14534.74,43
VTA0080700,2022-11-19,11,2022,C04066,Adriana Marcela Bernal Carvajal,Norte,Premium,V045,Marisela Vanesa Chapa Aranda,Norte,P0042,Audio Technica ATH,Audio,5771.4,,0.08,15929.06,31
VTA0080701,2022-11-13,11,2022,C01778,Lic. Daniel Farías,Este,Premiun,V001,Fernando Casares Jimínez,Oeste,P0010,Huawei Pura 70,Celulares,10326.51,4.0,0.03,40066.86,27
VTA0080702,2022-11-09,11,2022,C00681,,Centro,Ocasional,V033,Jaime Gamez Maldonado,Centro,P0026,MSI Prestige 16,Laptops,8950.27,,0.12,23628.71,44
VTA0080703,21/11/2022,11,2022,C00289,Mario Gregorio Núñez Griego,Centro,Premium,V028,Sofía Delia Gurule Cantú,Centro,P0064,Limpiador Pantallas Kit,Accesorios,1275.2,1.0,0.04,1224.19,44
VTA0080704,2022-11-04,11,2022,C00076,Homero Cardona Alba,Sur,Premium,V008,Irene Franco,Sur,P0046,JBL Flip 6,Audio,2535.11,1.0,0.08,2332.3,40
VTA0080705,2022-11-18,11,2022,C02050,Socorro Margarita Reyna,Centro,Premium,V048,Ivonne Véliz,Centro,P0085,Monitor LG 27GP950,Gaming,16546.56,4.0,0.05,62876.93,43
VTA0080706,2022-11-04,11,2022,C03359,Aldo Ramón Garica,Norte,Premium,V015,Joaquín Benavides Meza,Norte,P0021,ASUS ROG Zephyrus,Laptops,11658.13,2.0,0.14,20051.98,36
VTA0080707,2022-11-29,11,2022,C00232,Patricio Renato Carrero,Este,Ocasional,V010,Sra. Guadalupe Llamas,Este,P0029,HP Pavilion 15,Laptops,8248.08,5.0,0.01,40828.0,24
VTA0080708,2022-11-05,11,2022,C01366,Srita. Aurora Toro,Este,Regular,V049,Ing. María Teresa Bétancourt,Este,P0069,Xiaomi Pad 6 Pro,Tablets,5191.37,1.0,0.01,5139.46,37
VTA0080709,2022-11-10,11,2022,C04440,Noelia Alejandra Irizarry,Sur,Ocasional,V034,Rufino Rivera,Sur,P0007,Realme GT5,Celulares,18336.37,3.0,0.04,52808.75,39
VTA0080710,2022-11-14,11,2022,C00920,Miguel Ángel Fernando Cotto,Sur,Regular,V048,Ivonne Véliz,Centro,P0099,Nikon Z6 III,Fotografía,29192.86,3.0,0.05,83199.65,21
VTA0080711,2022-11-16,11,2022,C02076,Victoria Ángela Ramos,Este,Premium,V032,Nelly Barela Cardenas,Este,P0058,Mochila Techpack 30L,Accesorios,870.48,4.0,0.19,2820.36,23
VTA0080712,23/11/2022,11,2022,C02327,Gabriela Débora Vaca,Norte,Premium,V042,  Srita. Sandra Escamilla  ,Norte,P0039,Sennheiser HD 450,Audio,1070.06,4.0,0.17,3552.6,24
VTA0080713,2022-11-09,11,2022,C02430,Arturo Romero Gonzales,Centro,ocasional,V028,Sofía Delia Gurule Cantú,Centro,P0016,Tecno Spark 20,Celulares,13392.2,1.0,0.16,11249.45,20
VTA0080714,2022-11-20,11,2022,C03362,Gregorio Esquivel Venegas,Norte,Ocasional,V004,Aurora Zelaya,Norte,P0063,Pad Mouse XL Gaming,Accesorios,1835.0,2.0,0.03,3559.9,42
VTA0080715,2022-11-14,11,2022,C02998,Estefanía Esquibel de la Rosa,Norte,Premium,V042,  Srita. Sandra Escamilla  ,Norte,P0093,GPU RTX 4070 Ti,Gaming,28604.2,3.0,0.2,-68650.08,29
VTA0080716,2022-11-15,11,2022,C01124,,Centro,Ocacional,V044,Julia Esther Solorio,Centro,P0053,Hub USB-C 7en1,Accesorios,394.66,3.0,0.19,959.02,20
VTA0080717,15/11/2022,11,2022,C00805,Irene Esquivel,Oeste,Ocasional,V022,Bernardo Lemus Caballero,Oeste,P0101,DJI Mavic 3 Pro,Fotografía,15186.96,2.0,0.08,27944.01,27
VTA0080718,2022-11-16,11,2022,C01766,Dra. Yeni Figueroa,Oeste,Premium,V047,  Estela Bianca Melgar Arias  ,Oeste,P0008,OPPO Find X7,Celulares,20421.17,1.0,0.05,19400.11,26
VTA0080719,2022-11-12,11,2022,C00106,Ing. Elias Ríos,Oeste,Regular,V035,Estela Haro,Oeste,P0104,Flash Godox V1,Fotografía,15139.51,3.0,0.14,39059.94,40
VTA0080720,2022-11-29,11,2022,C02052,Aurora Sandra Manzanares Salinas,Sur,Ocasional,V036,  Dr. Ignacio Aparicio  ,Sur,P0011,iPhone 14,Celulares,10888.99,2.0,0.1,19600.18,43
VTA0080721,2022-11-04,11,2022,C04654,Lic. Maximiliano Padrón,Sur,ocasional,V013,Alvaro Gaona Ocasio,Sur,P0035,Bose QC45,hogar inteligente,2907.14,5.0,0.13,12646.06,19
VTA0080722,2022-11-18,11,2022,C00821,Dalia Magdalena Maldonado Fierro,Norte,Ocacional,V037,Victoria Caridad Concepción,Centro,P0063,Pad Mouse XL Gaming,Accesorios,1853.06,3.0,0.15,4725.3,42
VTA0080723,2022-11-19,11,2022,C00772,Leonor Merino Casas,Este,Ocasional,V035,Estela Haro,Oeste,P0101,DJI Mavic 3 Pro,hogar inteligente,15224.2,4.0,0.01,60287.83,27
VTA0080724,2022-11-14,11,2022,C04463,Luis Manuel Clemente Raya,Este,Premium,V043,Homero Esquivel,Norte,P0041,Bang Olufsen H95, Accesorios,6759.48,3.0,0.18,16628.32,20
VTA0080725,2022-11-16,11,2022,C04058,Cristian José Manuél Reséndez Jasso,Este,Ocasional,V005,Aldo Adán Rodrígez Galarza,Este,P0001,iPhone 15 Pro,Celulares,22503.26,5.0,0.07,104640.16,37
VTA0080726,2022-11-25,11,2022,C01436,Ing. Carlos Paz,Este,Premium,V010,Sra. Guadalupe Llamas,Este,P0076,TCL Tab 10,Tablets,16641.74,5.0,0.08,76552.0,24
VTA0080727,2022-11-28,11,2022,C04666,  Cristobal Rangel Chávez  ,Norte,REGULAR,V016,Octavio Mario Rincón Marín,Norte,P0070,Amazon Fire HD 10,Tablets,17364.38,5.0,0.14,74666.83,33
VTA0080728,22/11/2022,11,2022,C01987,Oswaldo Diego Matos,Oeste,Regular,V019,Jacinto Rodrigo Salazar Rolón,Sur,P0115,Apple HomePod Mini,Hogar Inteligente,6768.48,4.0,0.08,24908.01,46
VTA0080729,2022-11-17,11,2022,C04575,Dr. Ignacio Valencia,Este,Ocasional,V049,Ing. María Teresa Bétancourt,Este,P0086,Silla Gamer DXRacer,Gaming,22509.9,2.0,0.13,39167.23,26
VTA0080730,2022-11-03,11,2022,C00748,Omar José Eduardo Toro Peña,Centro,Ocasional,V002,Nelly Marrero Ortiz,Norte,P0005,OnePlus 12,Celulares,5751.56,4.0,0.06,21625.87,40
VTA0080731,2022-11-13,11,2022,C04549,  Ernesto Griego Ibarra  ,Norte,Premium,V047,  Estela Bianca Melgar Arias  ,Oeste,P0031,Acer Aspire 7,Laptops,8014.14,1.0,0.05,7613.43,38
VTA0080732,2022-11-25,11,2022,C02579,Leonel Luis Manuel Madera,Sur,Ocasional,V019,Jacinto Rodrigo Salazar Rolón,Sur,P0113,Alexa Echo Dot 5,Hogar Inteligente,11360.72,4.0,0.12,39989.73,20
VTA0080733,2022-11-26,11,2022,C01217,Amador Felipe Maya Burgos,Sur,Regular,V013,Alvaro Gaona Ocasio,Sur,P0112,Estabilizador DJI OM6,Fotografía,14734.66,4.0,0.14,50687.23,33
VTA0080734,2022-11-11,11,2022,C04541,Carolina Casares Valdez,Centro,Premium,V044,Julia Esther Solorio,Centro,P0076,TCL Tab 10,Tablets,18072.22,5.0,0.06,84939.43,24
VTA0080735,2022-11-20,11,2022,C04489,Ing. Martín Laboy,Norte,Ocacional,V004,Aurora Zelaya,Norte,P0034,AirPods Pro 2,Audio,1219.6,4.0,0.15,4146.64,27
VTA0080736,2022-11-07,11,2022,C03158,María Teresa Zaragoza Samaniego,Norte,Premiun,V009,Amanda María José Bravo,Norte,P0055,Teclado Keychron K2,Accesorios,1444.12,5.0,0.18,5920.89,28
VTA0080737,16/11/2022,11,2022,C00991,María Eugenia Batista,Norte,Regular,V009,Amanda María José Bravo,Norte,P0117,Cámara Nest Doorbell,Hogar Inteligente,11841.95,5.0,0.13,51512.48,34
VTA0080738,2022-11-19,11,2022,C03947,Mónica Esquivel,Este,Premium,V010,Sra. Guadalupe Llamas,Este,P0089,Mouse Logitech G Pro X,Gaming,6659.43,4.0,0.1,23973.95,45
VTA0080739,2022-11-02,11,2022,C03623,Leonor Balderas Quiñones,Norte,Regular,V046,Hermelinda Josefina Rodarte Bahena,Norte,P0075,Samsung Galaxy Tab A9,Tablets,16787.02,3.0,0.13,43814.12,35
VTA0080740,2022-11-20,11,2022,C03127,Julio César Flavio Magaña,Este,Regular,V011,Clara Loera,Este,P0106,Mochila Lowepro Pro,Fotografía,16561.53,3.0,0.02,48690.9,40
VTA0080741,2022-11-15,11,2022,C00643,Rolando Esquibel,Oeste,Ocacional,V007,Conchita Leticia Gastélum Corral,Oeste,P0111,Monitor Portátil 4K,Fotografía,6302.41,1.0,0.01,6239.39,41
VTA0080742,2022-11-28,11,2022,C04519,María Elena Rebeca Lerma,Este,Ocasional,V049,Ing. María Teresa Bétancourt,Este,P0086,Silla Gamer DXRacer,Gaming,19332.87,1.0,0.18,15852.95,26
VTA0080743,2022-11-25,11,2022,C00958,Carlos Cavazos Cardenas,Oeste,Ocasional,V043,Homero Esquivel,Norte,P0121,Roomba j7 Plus,Hogar Inteligente,6354.17,4.0,0.0,25416.68,38
VTA0080744,07/11/2022,11,2022,C01562,Claudia Virginia Ojeda Osorio,Este,Premium,V049,Ing. María Teresa Bétancourt,Este,P0006,Motorola Edge 50,Celulares,7608.83,3.0,0.15,19402.52,32
VTA0080745,2022-11-21,11,2022,C01031,Lic. Claudia Granado,Sur,Premium,V021,  Cristal Valdés Maya  ,Sur,P0049,Cargador MagSafe 30W,Accesorios,1056.92,4.0,0.13,3678.08,37
VTA0080746,2022-11-28,11,2022,C00429,María del Carmen Elena Rangel Villagómez,Este,Premium,V032,Nelly Barela Cardenas,Este,P0122,Aspiradora Dyson V15,Hogar Inteligente,3272.72,1.0,0.14,2814.54,28
VTA0080747,2022-11-04,11,2022,C02645,Karla Zúñiga,Centro,Premium,V037,Victoria Caridad Concepción,Centro,P0056,Webcam Logitech C920,Accesorios,1780.09,2.0,0.04,3417.77,43
VTA0080748,2022-11-16,11,2022,C02358,Srita. Nelly Anguiano,Oeste,Premium,V050,José María Gustavo Beltrán,Oeste,P0080,Honor Pad 8,Tablets,9057.26,2.0,0.06,17027.65,19
VTA0080749,2022-11-24,11,2022,C01488,José Manuél Adame Ulloa,Este,REGULAR,V010,Sra. Guadalupe Llamas,Este,P0093,GPU RTX 4070 Ti,Gaming,31070.67,5.0,0.1,-139818.01,29
VTA0080750,14/11/2022,11,2022,C01840,Diego Óliver Cardenas Briseño,Centro,premiun,V044,Julia Esther Solorio,Centro,P0109,Filtro ND Variable,audio ,3136.97,5.0,0.05,14900.61,30
VTA0080751,2022-11-13,11,2022,C01579,,Norte,Regular,V002,Nelly Marrero Ortiz,Norte,P0089,Mouse Logitech G Pro X,gaming,6838.24,1.0,0.05,6496.33,45
VTA0080752,2022-11-25,11,2022,C02549,Norma Graciela Escamilla,Sur,premiun,V025,Manuel Gerónimo Armas,Sur,P0026,MSI Prestige 16,Laptops,10315.13,1.0,0.09,9386.77,44
VTA0080753,2022-11-09,11,2022,C04663,Miguel Mena,Este,Regular,V002,Nelly Marrero Ortiz,Norte,P0030,Lenovo IdeaPad 5,Laptops,39866.5,1.0,0.08,36677.18,21
VTA0080754,2022-11-15,11,2022,C00344,Anabel Arcelia Abrego,Centro,Premium,V044,Julia Esther Solorio,Centro,P0067,iPad Air M1,Tablets,17132.91,5.0,0.11,76241.45,39
VTA0080755,2022-11-19,11,2022,C03224,Guadalupe Segura Peres,Oeste,Regular,V014,Ofelia Miriam Negrón,Oeste,P0105,Tripié Joby GorillaPod,tablets,9303.84,3.0,0.03,27074.17,41
VTA0080756,2022-11-22,11,2022,C01606,Salma Isabela Terrazas,Sur,Regular,V027,Claudio Andrés Gómez Sosa,Sur,P0054,Mouse Logitech MX Master,Accesorios,1308.88,4.0,0.01,5183.16,25
VTA0080757,2022-11-24,11,2022,C00970,Guillermina Anabel Ceballos Chapa,Sur,Regular,V021,  Cristal Valdés Maya  ,Sur,P0061,Batería Portátil 20000,Accesorios,1695.18,5.0,0.19,6865.48,32
VTA0080758,2022-11-29,11,2022,C01302,Nayeli Murillo,Norte,Regular,V005,Aldo Adán Rodrígez Galarza,Este,P0084,Steam Deck 512GB,Gaming,12978.34,1.0,0.07,12069.86,26
VTA0080759,2022-11-19,11,2022,C00892,Lic. Jaqueline Narváez,Sur,Ocasional,V023,Fidel Negrete Domínguez,Sur,P0033,Sony WH-1000XM5,Audio,7596.39,4.0,0.05,28866.28,25
VTA0080760,2022-11-19,11,2022,C00227,José Delgado Cardona,Este,Premium,V010,Sra. Guadalupe Llamas,Este,P0073,Microsoft Surface Go 3,Tablets,11017.24,4.0,0.18,-36136.55,22
VTA0080761,2022-11-15,11,2022,C01453,  Marcela Parra Cedillo  ,Sur,Regular,V024,Bernabé Guerra,Sur,P0080,Honor Pad 8,Tablets,9825.07,1.0,0.08,9039.06,19
VTA0080762,2022-11-08,11,2022,C00761,Sra. Gloria Alejandro,Oeste,Premium,V048,Ivonne Véliz,Centro,P0036,Samsung Galaxy Buds2,Audio,6576.47,2.0,0.05,12495.29,43
VTA0080763,2022-11-16,11,2022,C04334,Vanesa Gamez de la Fuente,Norte,Ocasional,V045,Marisela Vanesa Chapa Aranda,Norte,P0128,Panel Solar Portátil,Hogar Inteligente,3940.96,2.0,0.03,7645.46,39
VTA0080764,2022-11-02,11,2022,C03288,Susana Miriam Castellanos,Sur,Ocasional,V006,  Dr. Evelio Murillo  ,Sur,P0089,Mouse Logitech G Pro X,Gaming,7216.39,2.0,0.14,12412.19,45
VTA0080765,30/11/2022,11,2022,C02969,Marcela Alva Caraballo,Norte,Ocasional,V048,Ivonne Véliz,Centro,P0091,Capturadora Elgato 4K,Gaming,1426.09,1.0,0.16,-1197.92,25
VTA0080766,2022-11-10,11,2022,C01701,Verónica María del Carmen Camacho,Oeste,Ocasional,V040,Karla Silvia Mireles Patiño,Oeste,P0006,Motorola Edge 50,Celulares,8263.54,2.0,0.04,15866.0,32
VTA0080767,2022-11-18,11,2022,C03013,Lic. Ana María Salgado,Oeste,Premium,V030,Gustavo Camilo Ochoa Gamboa,Oeste,P0111,Monitor Portátil 4K,audio ,6285.5,1.0,0.09,5719.8,41
VTA0080768,12/11/2022,11,2022,C04804,Dr. Porfirio Aguayo,Centro,Regular,V033,Jaime Gamez Maldonado,Centro,P0027,MacBook Air M2,Laptops,39237.22,1.0,0.18,32174.52,24
VTA0080769,27/11/2022,11,2022,C04506,,Norte,Premium,V016,Octavio Mario Rincón Marín,Norte,P0110,Reflector 5en1 80cm,Fotografía,16592.87,1.0,0.15,14103.94,26
VTA0080770,12/11/2022,11,2022,C03462,  Alfredo Luis Calvillo  ,Centro,Regular,V017,Abraham Apodaca Colunga,Centro,P0099,Nikon Z6 III,Fotografía,27046.32,1.0,0.14,23259.84,21
VTA0080771,2022-11-11,11,2022,C01985,  Concepción Anabel Pabón Cortez  ,Centro,Ocasional,V037,Victoria Caridad Concepción,Centro,P0033,Sony WH-1000XM5,Audio,7299.26,5.0,0.16,30656.89,25
VTA0080772,2022-11-23,11,2022,C01740,,Centro,Premium,V044,Julia Esther Solorio,Centro,P0090,Control Xbox Elite 2,Gaming,24828.73,2.0,0.2,39725.97,40
VTA0080773,2022-11-05,11,2022,C00289,Mario Gregorio Núñez Griego,Centro,Premium,V044,Julia Esther Solorio,Centro,P0113,Alexa Echo Dot 5,Hogar Inteligente,11911.9,3.0,0.1,32162.13,20
VTA0080774,2022-11-19,11,2022,C03031,Gustavo Trejo Valle,Este,Regular,V005,Aldo Adán Rodrígez Galarza,Este,P0028,Dell Inspiron 15,Laptops,26172.3,1.0,0.06,24601.96,37
VTA0080775,2022-11-21,11,2022,C02196,Bianca Rosario Paz,Norte,Ocasional,V028,Sofía Delia Gurule Cantú,Centro,P0002,Samsung Galaxy S24,Celulares,8756.54,4.0,0.03,33975.38,19
VTA0080776,2022-11-05,11,2022,C02215,  Lic. Eric Arriaga  ,Norte,premiun,V043,Homero Esquivel,Norte,P0065,iPad Pro M2 12.9,Tablets,7046.59,5.0,0.15,29948.01,21
VTA0080777,2022-11-18,11,2022,C04754,Gustavo Homero Preciado Sotelo,Oeste,ocasional,V035,Estela Haro,Oeste,P0068,Lenovo Tab P12,Tablets,13421.46,5.0,0.15,57041.2,21
VTA0080778,2022-11-17,11,2022,C02175,Emilio Abrego,Sur,Ocasional,V036,  Dr. Ignacio Aparicio  ,Sur,P0118,Termostato Nest 3,Hogar Inteligente,1359.51,5.0,0.02,6661.6,30
VTA0080779,2022-11-23,11,2022,C00052,Ángel Oquendo Bonilla,Norte,Ocasional,V045,Marisela Vanesa Chapa Aranda,Norte,P0007,Realme GT5,Celulares,19199.97,3.0,0.18,47231.93,39
VTA0080780,2022-11-05,11,2022,C02744,Violeta Guillermina Barrera,Este,ocasional,V005,Aldo Adán Rodrígez Galarza,Este,P0128,Panel Solar Portátil,hogar inteligente,3517.1,3.0,0.2,8441.04,39
VTA0080781,05/11/2022,11,2022,C00069,Benjamín Quintana,Este,Ocasional,V032,Nelly Barela Cardenas,Este,P0124,Sensor Movimiento Aqara,Hogar Inteligente,7692.04,5.0,0.11,34229.58,35
VTA0080782,08/11/2022,11,2022,C02273,Francisca Marcela Sanches,Oeste,Premium,V014,Ofelia Miriam Negrón,Oeste,P0084,Steam Deck 512GB,Gaming,11203.11,5.0,0.09,50974.15,26
VTA0080783,2022-11-28,11,2022,C03032,Lic. Ignacio Menéndez,Sur,Ocasional,V018,Lic. Gilberto Castellanos,Sur,P0042,Audio Technica ATH,Audio,6818.77,5.0,0.01,33752.91,31
VTA0080784,2022-11-03,11,2022,C01397,Eloy León Luevano,Centro,Regular,V044,Julia Esther Solorio,Centro,P0101,DJI Mavic 3 Pro,Fotografía,15136.14,4.0,0.08,55701.0,27
VTA0080785,2022-11-13,11,2022,C03556,César Castillo,Centro,Premium,V044,Julia Esther Solorio,Centro,P0038,Beats Studio Pro,Audio,2379.63,1.0,0.08,2189.26,39
VTA0080786,2022-11-09,11,2022,C00409,Ing. Héctor Valladares,Norte,Regular,V029,Francisco Ballesteros,Norte,P0090,Control Xbox Elite 2,Gaming,28231.76,4.0,0.01,111797.77,40
VTA0080787,2022-11-01,11,2022,C04008,,Sur,Ocasional,V008,Irene Franco,Sur,P0011,iPhone 14,Celulares,10017.31,4.0,0.09,36463.01,43
VTA0080788,2022-11-24,11,2022,C03966,José Luis Claudio Paredes,Oeste,Premium,V050,José María Gustavo Beltrán,Oeste,P0003,Xiaomi 14 Pro,Celulares,24676.09,5.0,0.03,119679.04,36
VTA0080789,2022-11-06,11,2022,C02697,Nancy Partida,Oeste,ocasional,V047,  Estela Bianca Melgar Arias  ,Oeste,P0047,Bose SoundLink,Audio,4061.51,5.0,0.14,17464.49,44
VTA0080790,2022-11-26,11,2022,C04329,Santiago Manuel Mendoza,Sur,Ocacional,V034,Rufino Rivera,Sur,P0082,Xbox Series X,Gaming,11793.29,3.0,0.08,32549.48,30
VTA0080791,2022-11-19,11,2022,C04343,Nadia Rosario Arroyo Gaona,Sur,Regular,V008,Irene Franco,Sur,P0127,Router WiFi 6 Mesh,Hogar Inteligente,4995.18,4.0,0.01,19780.91,44
VTA0080792,2022-11-02,11,2022,C01944,Olivia Villaseñor Valenzuela,Sur,Regular,V036,  Dr. Ignacio Aparicio  ,Sur,P0070,Amazon Fire HD 10,Tablets,15665.13,2.0,0.09,28510.54,33
VTA0080793,2022-11-18,11,2022,C01195,Gabriel Hidalgo Mojica,Oeste,Ocasional,V039,Sr. Modesto Guillen,Oeste,P0044,Anker Q45,Audio,7817.46,5.0,0.07,36351.19,23
VTA0080794,16/11/2022,11,2022,C02107,Olivia Chacón,Centro,Regular,V008,Irene Franco,Sur,P0126,Proyector BenQ 4K,Hogar Inteligente,7302.12,4.0,0.17,24243.04,35
VTA0080795,2022-11-07,11,2022,C02245,Federico Ontiveros Mena,Centro,Regular,V048,Ivonne Véliz,Centro,P0027,MacBook Air M2,Laptops,37953.08,,0.15,64520.24,24
VTA0080796,2022-11-10,11,2022,C03069,Concepción Arredondo,Este,Regular,V010,Sra. Guadalupe Llamas,Este,P0012,Samsung A55,Celulares,19968.26,5.0,0.17,82868.28,36
VTA0080797,2022-11-01,11,2022,C04790,Julio Ledesma,Centro,Premium,V003,Jacinto Rivero Valladares,Centro,P0092,Micrófono Blue Yeti,Gaming,14375.13,2.0,0.04,27600.25,47
VTA0080798,2022-11-09,11,2022,C00362,Cristina Judith Mora,Oeste,Ocasional,V007,Conchita Leticia Gastélum Corral,Oeste,P0049,Cargador MagSafe 30W,Accesorios,897.71,1.0,0.18,736.12,37
VTA0080799,2022-11-08,11,2022,C01016,Israel José María Oquendo Nazario,Norte,Ocasional,V046,Hermelinda Josefina Rodarte Bahena,Norte,P0040,Jabra Elite 85h,Audio,2811.68,3.0,0.1,7591.54,38
VTA0080800,2022-11-30,11,2022,C02565,Rocío Fuentes,Sur,Premium,V024,Bernabé Guerra,Sur,P0118,Termostato Nest 3,Hogar Inteligente,1352.37,3.0,0.14,3489.11,30
VTA0080801,2022-11-01,11,2022,C03258,Lic. Porfirio Esparza,Centro,premiun,V021,  Cristal Valdés Maya  ,Sur,P0064,Limpiador Pantallas Kit,Accesorios,1400.98,4.0,0.14,4819.37,44
VTA0080802,2022-11-23,11,2022,C01556,Sr. Enrique Duarte,Norte,Premiun,V016,Octavio Mario Rincón Marín,Norte,P0028,Dell Inspiron 15,audio ,28062.32,4.0,0.11,99901.86,37
VTA0080803,2022-11-26,11,2022,C02643,,Oeste,Ocasional,V014,Ofelia Miriam Negrón,Oeste,P0078,Chuwi HiPad X,LAPTOPS,13425.32,5.0,0.06,63099.0,20
VTA0080804,2022-11-28,11,2022,C00373,Felix Renato Garza Meza,Oeste,Regular,V022,Bernardo Lemus Caballero,Oeste,P0039,Sennheiser HD 450,Audio,1100.08,2.0,0.12,1936.14,24
VTA0080805,27/11/2022,11,2022,C02174,Luis Miguel Abelardo Meraz Barreto,Norte,Regular,V015,Joaquín Benavides Meza,Norte,P0024,LG Gram 17,Laptops,43650.67,4.0,0.07,-162380.49,26
VTA0080806,2022-11-10,11,2022,C04780,Sonia Cano,Sur,Premium,V013,Alvaro Gaona Ocasio,Sur,P0021,ASUS ROG Zephyrus,Laptops,12816.65,4.0,0.04,49215.94,36
VTA0080807,2022-11-14,11,2022,C02446,Zacarías Pascual de León,Norte,Premium,V015,Joaquín Benavides Meza,Norte,P0007,Realme GT5,Celulares,17306.01,2.0,0.17,28727.98,39
VTA0080808,16/11/2022,11,2022,C03429,  Gloria Rosalia Madera  ,Norte,Ocasional,V043,Homero Esquivel,Norte,P0026,MSI Prestige 16,Laptops,8852.89,5.0,0.01,43821.81,44
VTA0080809,2022-11-15,11,2022,C03066,  Alvaro Gallegos  ,Norte,Premium,V045,Marisela Vanesa Chapa Aranda,Norte,P0020,Lenovo ThinkPad X1,Laptops,22492.33,4.0,0.19,72875.15,42
VTA0080810,2022-11-14,11,2022,C04873,Liliana Cedillo,Sur,Premium,V025,Manuel Gerónimo Armas,Sur,P0087,Headset HyperX Cloud III,Gaming,2186.41,5.0,0.01,10822.73,38
VTA0080811,2022-11-29,11,2022,C04073,  Rodolfo Melgar Romo  ,Norte,Premium,V029,Francisco Ballesteros,Norte,P0121,Roomba j7 Plus,Hogar Inteligente,6541.26,1.0,0.06,6148.78,38
VTA0080812,2022-11-21,11,2022,C00856,Teodoro Gabriel Navarro Preciado,Norte,Regular,V043,Homero Esquivel,Norte,P0004,Google Pixel 8,Celulares,5068.98,4.0,0.12,17842.81,34
VTA0080813,2022-11-16,11,2022,C03489,,Sur,Regular,V008,Irene Franco,Sur,P0027,MacBook Air M2,Laptops,37529.5,5.0,0.18,153870.95,24
VTA0080814,2022-11-23,11,2022,C02270,Cristobal Iglesias,Este,Premium,V032,Nelly Barela Cardenas,Este,P0033,Sony WH-1000XM5,Audio,7499.36,2.0,0.13,13048.89,25
VTA0080815,10/11/2022,11,2022,C02207,Olivia Padilla,Norte,Regular,V043,Homero Esquivel,Norte,P0127,Router WiFi 6 Mesh,Hogar Inteligente,5728.59,3.0,0.09,15639.05,44
VTA0080816,15/11/2022,11,2022,C00628,Dr. Guillermo Ramón,Centro,Premium,V048,Ivonne Véliz,Centro,P0041,Bang Olufsen H95,Audio,6224.61,2.0,0.0,12449.22,20
VTA0080817,2022-11-02,11,2022,C04682,  Oswaldo Chavarría Riojas  ,Sur,premiun,V025,Manuel Gerónimo Armas,Sur,P0005,OnePlus 12,Celulares,5305.53,5.0,0.04,25466.54,40
VTA0080818,10/11/2022,11,2022,C04928,Gustavo Jesús del Valle Toro,Oeste,Premium,V010,Sra. Guadalupe Llamas,Este,P0055,Teclado Keychron K2,Accesorios,1454.97,3.0,0.06,4103.02,28
VTA0080819,2022-11-22,11,2022,C02439,Ramón Cortés Rodríguez,Oeste,Premium,V049,Ing. María Teresa Bétancourt,Este,P0123,Cerradura Yale Smart,Hogar Inteligente,8935.55,3.0,0.03,26002.45,29
VTA0080820,2022-11-25,11,2022,C03934,Julio César Pascual Posada,Centro,Regular,V041,Srita. Nadia Casas,Centro,P0004,Google Pixel 8,Celulares,5135.38,2.0,0.03,9962.64,34
VTA0080821,2022-11-14,11,2022,C01047,Uriel Samuel Salgado,Norte,Premium,V043,Homero Esquivel,Norte,P0063,Pad Mouse XL Gaming,Accesorios,2037.88,4.0,0.12,7173.34,42
VTA0080822,2022-11-27,11,2022,C00372,Leticia Daniela Huerta Arias,Sur,Premium,V025,Manuel Gerónimo Armas,Sur,P0096,Cooling Noctua NH-D15,Gaming,9598.59,4.0,0.18,31483.38,41
VTA0080823,2022-11-13,11,2022,C04545,Benito Esparza,Sur,premiun,V012,Rubén Marco Antonio Orta Ramos,Sur,P0053,Hub USB-C 7en1,Accesorios,461.34,4.0,0.18,1513.2,20
VTA0080824,05/11/2022,11,2022,C04489,Ing. Martín Laboy,Norte,Regular,V004,Aurora Zelaya,Norte,P0002,Samsung Galaxy S24,Celulares,7649.66,2.0,0.13,13310.41,19
VTA0080825,27/11/2022,11,2022,C00322,Hermelinda Santiago,Este,Ocasional,V011,Clara Loera,Este,P0097,Canon EOS R6 Mark II,Fotografía,29748.17,5.0,0.08,136841.58,38
VTA0080826,2022-11-02,11,2022,C04599,Octavio Santacruz,Sur,ocasional,V025,Manuel Gerónimo Armas,Sur,P0003,Xiaomi 14 Pro,Celulares,22994.48,5.0,0.19,93127.64,36
VTA0080827,03/11/2022,11,2022,C00720,Victoria Almanza,Este,REGULAR,V049,Ing. María Teresa Bétancourt,Este,P0093,GPU RTX 4070 Ti,Gaming,31581.35,3.0,0.04,90954.29,29
VTA0080828,2022-11-14,11,2022,C01492,Dulce Medrano,Sur,Ocasional,V017,Abraham Apodaca Colunga,Centro,P0020,Lenovo ThinkPad X1,fotografia,24925.62,5.0,0.12,109672.73,42
VTA0080829,2022-11-24,11,2022,C04789,Sr. Omar Santillán,Norte,Premium,V029,Francisco Ballesteros,Norte,P0028,Dell Inspiron 15,celulares,27879.55,,0.02,54643.92,37
VTA0080830,2022-11-17,11,2022,C03007,Sr. Fernando Bueno,Este,Ocasional,V049,Ing. María Teresa Bétancourt,Este,P0032,ASUS VivoBook 16,celulares,10527.03,2.0,0.12,18527.57,38
VTA0080831,18/11/2022,11,2022,C00645,Alvaro Héctor Sotelo,Norte,Premium,V016,Octavio Mario Rincón Marín,Norte,P0122,Aspiradora Dyson V15,Hogar Inteligente,3066.38,3.0,0.1,8279.23,28
VTA0080832,2022-11-26,11,2022,C00434,Lic. Agustín Sánchez,Oeste,Premiun,V050,José María Gustavo Beltrán,Oeste,P0084,Steam Deck 512GB,fotografia,11805.53,5.0,0.1,53124.88,26
VTA0080833,2022-11-27,11,2022,C02238,Armando Renato Espinoza Miranda,Centro,Regular,V031,  Bernabé César Salazar  ,Centro,P0045,Marshall Emberton III,Audio,6736.92,5.0,0.11,29979.29,22
VTA0080834,2022-11-11,11,2022,C00583,Teresa Villalobos,Este,Regular,V005,Aldo Adán Rodrígez Galarza,Este,P0116,Foco Philips Hue,Hogar Inteligente,4159.28,5.0,0.13,18092.87,44
VTA0080835,2022-11-18,11,2022,C00417,Darío Leal Ontiveros,Centro,Ocasional,V028,Sofía Delia Gurule Cantú,Centro,P0025,Razer Blade 15,Laptops,26751.8,1.0,0.13,23274.07,44
VTA0080836,2022-11-26,11,2022,C00616,Genaro Luis Miguel Domínguez,Centro,Premium,V041,Srita. Nadia Casas,Centro,P0107,Tarjeta SD SanDisk 256,Fotografía,11541.79,,0.01,57131.86,27
VTA0080837,2022-11-04,11,2022,C03863,Anel Norma Arellano Nieto,Sur,Premium,V034,Rufino Rivera,Sur,P0112,Estabilizador DJI OM6,Fotografía,14268.79,5.0,0.15,60642.36,33
VTA0080838,2022-11-04,11,2022,C01794,Timoteo Marcos Corrales,Sur,Premium,V021,  Cristal Valdés Maya  ,Sur,P0098,Sony Alpha 7 IV,Fotografía,17723.7,1.0,0.1,15951.33,34
VTA0080839,2022-11-08,11,2022,C02116,Beatriz Citlali Rangel,Este,Regular,V011,Clara Loera,Este,P0071,ASUS Zenpad 3S,Tablets,14077.71,5.0,0.05,66869.12,20
VTA0080840,05/11/2022,11,2022,C00176,Iván Rosado,Oeste,Regular,V014,Ofelia Miriam Negrón,Oeste,P0033,Sony WH-1000XM5, Accesorios,6689.42,4.0,0.12,23546.76,25
VTA0080841,2022-11-01,11,2022,C02057,Zeferino Herrera,Este,Ocacional,V032,Nelly Barela Cardenas,Este,P0032,ASUS VivoBook 16,Laptops,10402.14,4.0,0.03,40360.3,38
VTA0080842,2022-11-19,11,2022,C00975,Wilfrido Juan Carlos Llamas Acosta,Sur,Regular,V006,  Dr. Evelio Murillo  ,Sur,P0097,Canon EOS R6 Mark II,Fotografía,34623.72,4.0,0.01,137109.93,38
VTA0080843,10/11/2022,11,2022,C04651,Abraham Wilfrido Barela Ballesteros,Este,Premium,V010,Sra. Guadalupe Llamas,Este,P0021,ASUS ROG Zephyrus,celulares,12073.97,5.0,0.18,49503.28,36
VTA0080844,09/11/2022,11,2022,C03658,Lic. José Ávalos,Centro,Regular,V004,Aurora Zelaya,Norte,P0113,Alexa Echo Dot 5,Hogar Inteligente,11423.92,5.0,0.0,57119.6,20
VTA0080845,2022-11-21,11,2022,C00343,  Dr. Benjamín de la Rosa  ,Norte,ocasional,V046,Hermelinda Josefina Rodarte Bahena,Norte,P0068,Lenovo Tab P12,Tablets,15734.28,3.0,0.14,40594.44,21
VTA0080846,2022-11-01,11,2022,C01696,  Raúl Claudio Salinas  ,Este,Regular,V011,Clara Loera,Este,P0010,Huawei Pura 70,Celulares,9368.38,3.0,0.13,24451.47,27
VTA0080847,2022-11-15,11,2022,C02096,David Mesa Camarillo,Centro,REGULAR,V033,Jaime Gamez Maldonado,Centro,P0119,Enchufe Inteligente TP,Hogar Inteligente,5066.8,4.0,0.03,19659.18,27
VTA0080848,2022-11-09,11,2022,C03491,Bianca Reina Naranjo,Centro,Ocasional,V041,Srita. Nadia Casas,Centro,P0022,Acer Swift 5,gaming,36734.45,2.0,0.04,70530.14,41
VTA0080849,08/11/2022,11,2022,C01838,René Pablo Caldera Escobar,Oeste,Regular,V041,Srita. Nadia Casas,Centro,P0092,Micrófono Blue Yeti,Gaming,14343.42,1.0,0.03,13913.12,47
VTA0080850,2022-11-28,11,2022,C02066,Paulina Carlota Saldivar,Norte,Ocasional,V042,  Srita. Sandra Escamilla  ,Norte,P0024,LG Gram 17,Laptops,42638.0,2.0,0.01,84423.24,26
VTA0080851,2022-11-11,11,2022,C04754,Gustavo Homero Preciado Sotelo,Oeste,ocasional,V028,Sofía Delia Gurule Cantú,Centro,P0013,Xiaomi Redmi Note 13,Celulares,11923.73,2.0,0.0,23847.46,30
VTA0080852,2022-11-21,11,2022,C00247,Clara Blanco,Norte,Regular,V016,Octavio Mario Rincón Marín,Norte,P0050,Cable USB-C 2m,Accesorios,1489.99,5.0,0.01,7375.45,32
VTA0080853,27/11/2022,11,2022,C02066,Paulina Carlota Saldivar,Norte,Ocasional,V002,Nelly Marrero Ortiz,Norte,P0010,Huawei Pura 70,Celulares,10264.37,5.0,0.0,51321.85,27
VTA0080854,2022-11-07,11,2022,C04854,  Karla Rolón Serna  ,Norte,Ocasional,V045,Marisela Vanesa Chapa Aranda,Norte,P0111,Monitor Portátil 4K,Fotografía,6825.72,1.0,0.04,6552.69,41
VTA0080855,2022-11-23,11,2022,C00826,Sr. Gregorio Delgado,Centro,Premium,V028,Sofía Delia Gurule Cantú,Centro,P0026,MSI Prestige 16, Accesorios,9690.48,4.0,0.15,32947.63,44
VTA0080856,2022-11-28,11,2022,C03755,Rafaél Augusto Menéndez,Sur,Premiun,V038,Violeta Itzel Benavídez,Oeste,P0072,Huawei MatePad Pro,Tablets,18273.57,4.0,0.16,61399.2,43
VTA0080857,2022-11-17,11,2022,C03977,Celia Arteaga,Centro,Premium,V041,Srita. Nadia Casas,Centro,P0036,Samsung Galaxy Buds2,Audio,6469.6,5.0,0.16,27172.32,43
VTA0080858,2022-11-20,11,2022,C04896,Dra. Sofía Rodríguez,Norte,Premiun,V043,Homero Esquivel,Norte,P0111,Monitor Portátil 4K,Fotografía,6895.6,,0.01,13653.29,41
VTA0080859,2022-11-21,11,2022,C03537,Francisco Valverde Lozada,Centro,Premium,V037,Victoria Caridad Concepción,Centro,P0030,Lenovo IdeaPad 5,Laptops,43962.71,1.0,0.11,39126.81,21
VTA0080860,2022-11-05,11,2022,C03076,Jerónimo Mario de la O Alfaro,Sur,Premium,V005,Aldo Adán Rodrígez Galarza,Este,P0042,Audio Technica ATH,fotografia,5936.76,2.0,0.06,11161.11,31
VTA0080861,2022-11-01,11,2022,C02229,Diana Ceja Acosta,Norte,Ocasional,V002,Nelly Marrero Ortiz,Norte,P0037,JBL Charge 5,Audio,7868.7,5.0,0.06,36982.89,21
VTA0080862,2022-11-14,11,2022,C01113,Elsa Carvajal Quesada,Norte,Regular,V011,Clara Loera,Este,P0124,Sensor Movimiento Aqara,Hogar Inteligente,8410.1,1.0,0.08,7737.29,35
VTA0080863,2022-11-15,11,2022,C02200,Julio Abraham de la Fuente,Sur,Ocasional,V020,Dr. Arturo Angulo,Sur,P0035,Bose QC45,Audio,2484.76,5.0,0.05,11802.61,19
VTA0080864,2022-11-16,11,2022,C02476,Francisca Rojas,Centro,premiun,V044,Julia Esther Solorio,Centro,P0108,Batería Canon LP-E6,Fotografía,16103.94,3.0,0.06,45413.11,32
VTA0080865,2022-11-16,11,2022,C00665,Lic. Francisca Pabón,Centro,Regular,V037,Victoria Caridad Concepción,Centro,P0035,Bose QC45,Audio,2421.65,3.0,0.11,6465.81,19
VTA0080866,2022-11-04,11,2022,C00427,Carla Durán Garibay,Oeste,Regular,V045,Marisela Vanesa Chapa Aranda,Norte,P0114,Google Nest Hub 2,Hogar Inteligente,5277.62,1.0,0.08,4855.41,45
VTA0080867,2022-11-21,11,2022,C00130,Srita. Raquel Garibay,Oeste,Ocasional,V038,Violeta Itzel Benavídez,Oeste,P0093,GPU RTX 4070 Ti,Gaming,31358.32,1.0,0.18,25713.82,29
VTA0080868,2022-11-11,11,2022,C00293,Srita. Sessa Garica,Oeste,Regular,V030,Gustavo Camilo Ochoa Gamboa,Oeste,P0103,Lente Canon RF 50mm,audio ,13800.81,2.0,0.09,25117.47,31
VTA0080869,2022-11-07,11,2022,C04937,Emiliano Briones,Centro,Ocacional,V048,Ivonne Véliz,Centro,P0119,Enchufe Inteligente TP,celulares,4684.17,3.0,0.2,11242.01,27
VTA0080870,2022-11-11,11,2022,C00747,René Benjamín Venegas,Este,Regular,V010,Sra. Guadalupe Llamas,Este,P0006,Motorola Edge 50,Celulares,9240.25,1.0,0.11,8223.82,32
VTA0080871,2022-11-08,11,2022,C04585,Gregorio Colón Zapata,Centro,Regular,V038,Violeta Itzel Benavídez,Oeste,P0028,Dell Inspiron 15,Laptops,27706.78,3.0,0.09,75639.51,37
VTA0080872,2022-11-13,11,2022,C04052,Arturo Alonso Saucedo,Oeste,premiun,V040,Karla Silvia Mireles Patiño,Oeste,P0056,Webcam Logitech C920,Accesorios,1779.44,2.0,0.17,2953.87,43
VTA0080873,2022-11-05,11,2022,C01406,Carlos Arevalo,Centro,Ocasional,V041,Srita. Nadia Casas,Centro,P0034,AirPods Pro 2,Audio,1329.82,4.0,0.11,4734.16,27
VTA0080874,2022-11-03,11,2022,C01608,Sra. Itzel Niño,Este,Ocasional,V005,Aldo Adán Rodrígez Galarza,Este,P0031,Acer Aspire 7,Laptops,7883.2,5.0,0.13,34291.92,38
VTA0080875,2022-11-29,11,2022,C01169,  Gonzalo Ríos Salcido  ,Este,Premium,V049,Ing. María Teresa Bétancourt,Este,P0087,Headset HyperX Cloud III,Gaming,2268.65,4.0,0.1,8167.14,38
VTA0080876,2022-11-30,11,2022,C03274,Evelio Tapia Corona,Norte,Ocasional,V042,  Srita. Sandra Escamilla  ,Norte,P0006,Motorola Edge 50,Celulares,8865.02,4.0,0.04,34041.68,32
VTA0080877,2022-11-13,11,2022,C01913,David Humberto López Carrera,Este,Regular,V011,Clara Loera,Este,P0118,Termostato Nest 3,audio ,1375.62,5.0,0.06,6465.41,30
VTA0080878,2022-11-21,11,2022,C04402,Lic. José Eduardo Valdez,Norte,Regular,V016,Octavio Mario Rincón Marín,Norte,P0096,Cooling Noctua NH-D15,Gaming,9095.64,2.0,0.09,16554.06,41
VTA0080879,2022-11-23,11,2022,C00105,Gabino Razo Rosas,Este,Regular,V032,Nelly Barela Cardenas,Este,P0025,Razer Blade 15,Laptops,28033.04,1.0,0.06,26351.06,44
VTA0080880,2022-11-20,11,2022,C04269,Jorge Luis Evelio Crespo,Centro,Ocacional,V037,Victoria Caridad Concepción,Centro,P0044,Anker Q45,Audio,7015.53,1.0,0.06,6594.6,23
VTA0080881,2022-11-16,11,2022,C02404,Uriel Javier Cazares Ávalos,Sur,Premium,V048,Ivonne Véliz,Centro,P0023,Microsoft Surface Pro 9,Laptops,33892.5,4.0,0.01,134214.3,27
VTA0080882,2022-11-17,11,2022,C03814,Antonia Ana Luisa Rosado Laureano,Este,Premium,V049,Ing. María Teresa Bétancourt,Este,P0102,GoPro Hero 12,Fotografía,27076.53,4.0,0.15,92060.2,45
VTA0080883,2022-11-09,11,2022,C01225,Eva Hilda Corral,Norte,premiun,V002,Nelly Marrero Ortiz,Norte,P0051,Funda iPhone 15 Pro,Accesorios,1238.59,3.0,0.11,3307.04,40
VTA0080884,06/11/2022,11,2022,C01450,Blanca Véliz,Centro,Regular,V042,  Srita. Sandra Escamilla  ,Norte,P0038,Beats Studio Pro,Audio,2180.37,3.0,0.18,5363.71,39
VTA0080885,2022-11-15,11,2022,C04411,Dr. Emilio Quintero,Sur,Premium,V022,Bernardo Lemus Caballero,Oeste,P0061,Batería Portátil 20000,LAPTOPS,1922.95,5.0,0.09,8749.42,32
VTA0080886,2022-11-28,11,2022,C02039,Ing. Ángel Aguilar,Norte,Regular,V009,Amanda María José Bravo,Norte,P0117,Cámara Nest Doorbell,Hogar Inteligente,10906.82,1.0,0.02,10688.68,34
VTA0080887,2022-11-11,11,2022,C03140,Yuridia Paulina Barela Carreón,Sur,Ocasional,V027,Claudio Andrés Gómez Sosa,Sur,P0020,Lenovo ThinkPad X1,Laptops,24127.96,5.0,0.0,120639.8,42
VTA0080888,2022-11-24,11,2022,C04009,Marcela Gaytán,Norte,Regular,V018,Lic. Gilberto Castellanos,Sur,P0039,Sennheiser HD 450,Audio,1177.43,4.0,0.14,4050.36,24
VTA0080889,2022-11-25,11,2022,C04081,Alonso Eduardo Polanco,Norte,Ocacional,V042,  Srita. Sandra Escamilla  ,Norte,P0095,SSD Samsung 980 Pro,Gaming,3123.99,5.0,0.2,12495.96,28
VTA0080890,2022-11-12,11,2022,C01267,Sandra Mares Pineda,Oeste,Ocacional,V040,Karla Silvia Mireles Patiño,Oeste,P0035,Bose QC45,Audio,2456.29,2.0,0.12,4323.07,19
VTA0080891,2022-11-27,11,2022,C00919,Amador Camacho Contreras,Sur,Regular,V024,Bernabé Guerra,Sur,P0125,TV Samsung QLED 55,Hogar Inteligente,2591.14,5.0,0.01,12826.14,20
VTA0080892,2022-11-14,11,2022,C03821,Salma Archuleta Juárez,Este,Premium,V049,Ing. María Teresa Bétancourt,Este,P0095,SSD Samsung 980 Pro,Gaming,2885.75,2.0,0.07,5367.5,28
VTA0080893,2022-11-21,11,2022,C01231,Pablo Quiñónez,Este,Regular,V010,Sra. Guadalupe Llamas,Este,P0096,Cooling Noctua NH-D15,Gaming,10621.84,2.0,0.03,20606.37,41
VTA0080894,2022-11-03,11,2022,C04390,Luis Manuel Lerma,Norte,Premium,V015,Joaquín Benavides Meza,Norte,P0037,JBL Charge 5,Audio,8164.29,2.0,0.06,15348.87,21
VTA0080895,2022-11-30,11,2022,C04500,Armando Iván Bañuelos Perea,Sur,ocasional,V013,Alvaro Gaona Ocasio,Sur,P0035,Bose QC45,Audio,2653.76,2.0,0.15,4511.39,19
VTA0080896,2022-11-30,11,2022,C02171,Francisco Javier Zavala Balderas,Sur,Regular,V023,Fidel Negrete Domínguez,Sur,P0044,Anker Q45,Audio,7406.46,1.0,0.1,6665.81,23
VTA0080897,2022-11-07,11,2022,C01753,,Oeste,Premiun,V038,Violeta Itzel Benavídez,Oeste,P0009,Sony Xperia 1 VI,Celulares,22348.75,5.0,0.08,102804.25,24
VTA0080898,2022-11-03,11,2022,C01646,Abigail Laura Vaca Verduzco,Oeste,Regular,V040,Karla Silvia Mireles Patiño,Oeste,P0097,Canon EOS R6 Mark II,Fotografía,29675.86,5.0,0.03,143927.92,38
VTA0080899,2022-11-22,11,2022,C03181,Sr. Jerónimo Bermúdez,Este,Regular,V011,Clara Loera,Este,P0080,Honor Pad 8,Tablets,9639.1,1.0,0.13,8386.02,19
VTA0080900,2022-11-13,11,2022,C04813,Dr. Isaac Villarreal,Oeste,Ocasional,V013,Alvaro Gaona Ocasio,Sur,P0051,Funda iPhone 15 Pro,Accesorios,1277.61,1.0,0.1,1149.85,40
VTA0080901,2022-11-11,11,2022,C00945,Rocío Catalina Archuleta Olivárez,Oeste,Premium,V007,Conchita Leticia Gastélum Corral,Oeste,P0088,Teclado Razer Huntsman,Gaming,24137.12,2.0,0.02,47308.76,44
VTA0080902,2022-11-20,11,2022,C04432,Elsa Burgos Zambrano,Sur,Regular,V024,Bernabé Guerra,Sur,P0079,Realme Pad 2,Tablets,8525.73,5.0,0.02,41776.08,20
VTA0080903,2022-11-16,11,2022,C04772,Adán Grijalva,Centro,Premium,V033,Jaime Gamez Maldonado,Centro,P0106,Mochila Lowepro Pro,Fotografía,17246.92,1.0,0.13,15004.82,40
VTA0080904,2022-11-28,11,2022,C02220,Mauro Amador Lemus Meraz,Sur,Ocasional,V046,Hermelinda Josefina Rodarte Bahena,Norte,P0018,Dell XPS 15,Laptops,39241.63,2.0,0.05,74559.1,40
VTA0080905,2022-11-21,11,2022,C04236,Jorge Lorenzo Nevárez,Este,Regular,V010,Sra. Guadalupe Llamas,Este,P0119,Enchufe Inteligente TP,Hogar Inteligente,4958.15,4.0,0.1,17849.34,27
VTA0080906,2022-11-06,11,2022,C04977,Mauro Alvaro Ochoa Garay,Centro,Regular,V037,Victoria Caridad Concepción,Centro,P0085,Monitor LG 27GP950,Gaming,18695.33,5.0,0.14,80389.92,43
VTA0080907,2022-11-22,11,2022,C02621,Cristian Patiño Ozuna,Sur,Ocasional,V019,Jacinto Rodrigo Salazar Rolón,Sur,P0045,Marshall Emberton III,Audio,7722.95,1.0,0.15,6564.51,22
VTA0080908,2022-11-06,11,2022,C03680,Blanca Pelayo Gracia,Norte,Premium,V029,Francisco Ballesteros,Norte,P0068,Lenovo Tab P12,Tablets,15174.42,4.0,0.15,51593.03,21
VTA0080909,2022-11-17,11,2022,C00499,Lic. Conchita Cavazos,Este,Ocasional,V032,Nelly Barela Cardenas,Este,P0120,Timbre Ring Video Pro,Hogar Inteligente,7144.35,5.0,0.12,31435.14,21
VTA0080910,2022-11-12,11,2022,C04297,Esperanza Natividad Becerra,Norte,Premium,V009,Amanda María José Bravo,Norte,P0024,LG Gram 17,Laptops,43562.05,3.0,0.18,107162.64,26
VTA0080911,2022-11-29,11,2022,C00351,Aldonza Susana Perea de Anda,Sur,Regular,V023,Fidel Negrete Domínguez,Sur,P0039,Sennheiser HD 450,Audio,1105.35,5.0,0.01,5471.48,24
VTA0080912,2022-11-15,11,2022,C01252,Jerónimo Arteaga,Oeste,premiun,V022,Bernardo Lemus Caballero,Oeste,P0044,Anker Q45,Audio,7616.62,3.0,0.01,22621.36,23
VTA0080913,2022-11-30,11,2022,C00150,Gregorio Emiliano Rodríguez Archuleta,Norte,Premium,V045,Marisela Vanesa Chapa Aranda,Norte,P0056,Webcam Logitech C920,Accesorios,1705.68,5.0,0.17,7078.57,43
VTA0080914,2022-11-10,11,2022,C04927,Samuel Mendoza,Centro,Ocasional,V048,Ivonne Véliz,Centro,P0032,ASUS VivoBook 16,Laptops,10248.11,3.0,0.05,29207.11,38
VTA0080915,30/11/2022,11,2022,C01148,Margarita Becerra,Norte,ocasional,V009,Amanda María José Bravo,Norte,P0094,RAM Corsair 32GB,Gaming,16150.78,1.0,0.01,15989.27,26
VTA0080916,2022-11-14,11,2022,C03134,Dr. Jacobo Puente,Oeste,Premium,V026,Ing. Elias Valdivia,Oeste,P0125,TV Samsung QLED 55,Hogar Inteligente,2495.51,2.0,0.08,4591.74,20
VTA0080917,2022-11-18,11,2022,C00861,Sra. Mitzy Godoy,Norte,Ocasional,V042,  Srita. Sandra Escamilla  ,Norte,P0102,GoPro Hero 12,Fotografía,23557.5,5.0,0.17,97763.62,45
VTA0080918,2022-11-24,11,2022,C04851,Alfonso Medina Luevano,Sur,REGULAR,V020,Dr. Arturo Angulo,Sur,P0034,AirPods Pro 2,Audio,1161.32,2.0,0.07,2160.06,27
VTA0080919,2022-11-08,11,2022,C04417,Violeta Rocío Niño Negrón,Oeste,Ocasional,V007,Conchita Leticia Gastélum Corral,Oeste,P0043,Sony WF-1000XM5,fotografia,4490.93,3.0,0.07,12529.69,25
VTA0080920,2022-11-15,11,2022,C02833,César Jiménez Anguiano,Este,Ocasional,V011,Clara Loera,Este,P0042,Audio Technica ATH,tablets,6108.35,5.0,0.09,27792.99,31
VTA0080921,2022-11-25,11,2022,C04028,Aurora Villaseñor,Este,Premium,V010,Sra. Guadalupe Llamas,Este,P0050,Cable USB-C 2m,Accesorios,1431.55,1.0,0.11,1274.08,32
VTA0080922,2022-11-14,11,2022,C01377,Lic. Noelia Esquibel,Este,Ocasional,V032,Nelly Barela Cardenas,Este,P0106,Mochila Lowepro Pro,Fotografía,17529.75,2.0,0.16,29449.98,40
VTA0080923,2022-11-18,11,2022,C03746,Anel Rolón,Sur,Regular,V036,  Dr. Ignacio Aparicio  ,Sur,P0081,PlayStation 5,Gaming,9985.26,1.0,0.16,8387.62,46
VTA0080924,2022-11-20,11,2022,C00302,Dr. Iván Echeverría,Centro,Premium,V041,Srita. Nadia Casas,Centro,P0029,HP Pavilion 15,Laptops,9001.68,2.0,0.13,15662.92,24
VTA0080925,2022-11-12,11,2022,C02215,  Lic. Eric Arriaga  ,Norte,Ocasional,V029,Francisco Ballesteros,Norte,P0034,AirPods Pro 2,Audio,1275.72,3.0,0.04,3674.07,27
VTA0080926,16/11/2022,11,2022,C03786,Raquel Lemus Lebrón,Sur,Premium,V024,Bernabé Guerra,Sur,P0102,GoPro Hero 12,Fotografía,27959.26,2.0,0.18,45853.19,45
VTA0080927,2022-11-29,11,2022,C02981,  María Luisa Estela Velasco  ,Centro,Regular,V017,Abraham Apodaca Colunga,Centro,P0077,Blackview Tab 16,Tablets,10986.45,3.0,0.09,29993.01,21
VTA0080928,2022-11-02,11,2022,C00542,Silvia de Anda Gutiérrez,Sur,Ocasional,V044,Julia Esther Solorio,Centro,P0066,Samsung Galaxy Tab S9,tablets,12479.03,2.0,0.05,23710.16,24
VTA0080929,30/11/2022,11,2022,C02517,  Leonor Hidalgo de León  ,Norte,Ocasional,V004,Aurora Zelaya,Norte,P0005,OnePlus 12,Celulares,5011.22,3.0,0.1,13530.29,40
VTA0080930,2022-11-21,11,2022,C00288,  Helena María José Canales  ,Sur,Ocasional,V013,Alvaro Gaona Ocasio,Sur,P0106,Mochila Lowepro Pro,Fotografía,16835.5,4.0,0.08,61954.64,40
VTA0080931,2022-11-12,11,2022,C04085,Aldonza Luna,Norte,Ocasional,V004,Aurora Zelaya,Norte,P0101,DJI Mavic 3 Pro,Fotografía,14639.14,1.0,0.06,13760.79,27
VTA0080932,2022-11-03,11,2022,C05000,Esther Marisela Rivas,Este,Regular,V011,Clara Loera,Este,P0062,Reloj Smartwatch Band,Accesorios,1345.31,3.0,0.14,3470.9,38
VTA0080933,2022-11-20,11,2022,C02629,Silvano Jáquez,Norte,premiun,V002,Nelly Marrero Ortiz,Norte,P0108,Batería Canon LP-E6,Fotografía,15171.48,5.0,0.11,67513.09,32
VTA0080934,2022-11-07,11,2022,C02044,Rubén Alonso Rolón,Norte,Regular,V042,  Srita. Sandra Escamilla  ,Norte,P0123,Cerradura Yale Smart,Hogar Inteligente,8579.17,2.0,0.12,15099.34,29
VTA0080935,2022-11-15,11,2022,C02262,Mauro Luis Vanegas,Oeste,Premium,V035,Estela Haro,Oeste,P0035,Bose QC45,Audio,2395.82,5.0,0.11,10661.4,19
VTA0080936,2022-11-19,11,2022,C02919,Daniel Bustamante,Norte,premiun,V029,Francisco Ballesteros,Norte,P0102,GoPro Hero 12,Fotografía,25685.89,4.0,0.16,86304.59,45
VTA0080937,2022-11-29,11,2022,C01543,Srita. Elisa Adame,Oeste,Premium,V047,  Estela Bianca Melgar Arias  ,Oeste,P0124,Sensor Movimiento Aqara,Hogar Inteligente,7015.36,5.0,0.0,35076.8,35
VTA0080938,2022-11-26,11,2022,C01835,Wendolin Ulibarri,Centro,ocasional,V044,Julia Esther Solorio,Centro,P0059,Audífonos USB-C,Accesorios,1508.9,2.0,0.01,2987.62,43
VTA0080939,2022-11-13,11,2022,C03077,Abril Juana Chapa Sosa,Norte,Premium,V046,Hermelinda Josefina Rodarte Bahena,Norte,P0085,Monitor LG 27GP950,Gaming,19152.44,3.0,0.09,52286.16,43
VTA0080940,27/11/2022,11,2022,C02699,Tania Leyva Hernádez,Norte,Regular,V042,  Srita. Sandra Escamilla  ,Norte,P0099,Nikon Z6 III,Fotografía,30138.56,4.0,0.12,106087.73,21
VTA0080941,2022-11-02,11,2022,C02755,Tania Solís,Este,Ocasional,V032,Nelly Barela Cardenas,Este,P0004,Google Pixel 8,Celulares,5210.66,1.0,0.19,4220.63,34
VTA0080942,2022-11-12,11,2022,C03196,Asunción Zarate Bermúdez,Norte,Premium,V015,Joaquín Benavides Meza,Norte,P0079,Realme Pad 2,celulares,8996.47,5.0,0.11,40034.29,20
VTA0080943,2022-11-26,11,2022,C04643,  Daniela Padrón Nazario  ,Oeste,Regular,V047,  Estela Bianca Melgar Arias  ,Oeste,P0122,Aspiradora Dyson V15,Hogar Inteligente,3117.84,2.0,0.01,6173.32,28
VTA0080944,2022-11-23,11,2022,C04509,Beatriz Soledad Orta,Norte,Premium,V026,Ing. Elias Valdivia,Oeste,P0099,Nikon Z6 III,Fotografía,26204.57,4.0,0.06,98529.18,21
VTA0080945,2022-11-24,11,2022,C01778,Lic. Daniel Farías,Este,Premiun,V049,Ing. María Teresa Bétancourt,Este,P0117,Cámara Nest Doorbell,Hogar Inteligente,11734.93,3.0,0.18,28867.93,34
VTA0080946,2022-11-26,11,2022,C01250,Maximiliano Rafaél Riojas Apodaca,Centro,Premium,V031,  Bernabé César Salazar  ,Centro,P0054,Mouse Logitech MX Master,Accesorios,1419.44,3.0,0.03,4130.57,25
VTA0080947,2022-11-23,11,2022,C00506,Adriana Toledo,Norte,Ocasional,V046,Hermelinda Josefina Rodarte Bahena,Norte,P0023,Microsoft Surface Pro 9,Laptops,34479.12,1.0,0.06,32410.37,27
VTA0080948,2022-11-07,11,2022,C03265,Graciela Urías Fajardo,Sur,Ocasional,V038,Violeta Itzel Benavídez,Oeste,P0071,ASUS Zenpad 3S,Tablets,12541.25,5.0,0.0,62706.25,20
VTA0080949,21/11/2022,11,2022,C01428,Claudio Polanco Soto,Sur,Premium,V018,Lic. Gilberto Castellanos,Sur,P0113,Alexa Echo Dot 5,Hogar Inteligente,10861.66,2.0,0.07,20202.69,20
VTA0080950,10/11/2022,11,2022,C00617,Sra. Inés Quiñones,Centro,Premium,V003,Jacinto Rivero Valladares,Centro,P0003,Xiaomi 14 Pro,Celulares,22579.18,4.0,0.07,83994.55,36
VTA0080951,2022-11-23,11,2022,C02414,Sandra Monroy,Norte,Regular,V043,Homero Esquivel,Norte,P0010,Huawei Pura 70,Celulares,10029.6,4.0,0.03,38914.85,27
VTA0080952,2022-11-24,11,2022,C04295,Samuel Gerónimo Barrientos de la Crúz,Oeste,Regular,V040,Karla Silvia Mireles Patiño,Oeste,P0040,Jabra Elite 85h,Audio,3291.21,1.0,0.11,2929.18,38
VTA0080953,2022-11-04,11,2022,C03977,Celia Arteaga,Centro,Premium,V048,Ivonne Véliz,Centro,P0011,iPhone 14,Celulares,9887.95,3.0,0.15,25214.27,43
VTA0080954,2022-11-03,11,2022,C02627,Lucas Pelayo Hinojosa,Centro,Premiun,V048,Ivonne Véliz,Centro,P0061,Batería Portátil 20000,Accesorios,1972.35,4.0,0.15,6705.99,32
VTA0080955,2022-11-19,11,2022,C01595,Inés Nieto Padrón,Este,ocasional,V030,Gustavo Camilo Ochoa Gamboa,Oeste,P0005,OnePlus 12,Celulares,5398.21,3.0,0.05,15384.9,40
VTA0080956,2022-11-07,11,2022,C02774,  Hermelinda Cristal Montero  ,Oeste,Ocasional,V014,Ofelia Miriam Negrón,Oeste,P0039,Sennheiser HD 450,audio ,1011.86,5.0,0.05,4806.34,24
VTA0080957,2022-11-28,11,2022,C02067,Joaquín Rodrigo Irizarry Castro,Sur,ocasional,V006,  Dr. Evelio Murillo  ,Sur,P0012,Samsung A55,Celulares,19964.79,5.0,0.16,83852.12,36
VTA0080958,2022-11-30,11,2022,C00242,Adriana Conchita Medrano,Sur,Regular,V047,  Estela Bianca Melgar Arias  ,Oeste,P0004,Google Pixel 8,Celulares,4973.04,3.0,0.11,13278.02,34
VTA0080959,2022-11-26,11,2022,C04630,Alma Silvia Ordóñez Pichardo,Norte,Premium,V036,  Dr. Ignacio Aparicio  ,Sur,P0042,Audio Technica ATH,Audio,6006.38,4.0,0.02,23545.01,31
VTA0080960,2022-11-09,11,2022,C04305,  Gabino Gil Madrid  ,Centro,Premium,V031,  Bernabé César Salazar  ,Centro,P0069,Xiaomi Pad 6 Pro,Tablets,5747.6,4.0,0.14,19771.74,37
VTA0080961,2022-11-19,11,2022,C04404,Minerva Hidalgo del Valle,Norte,Premiun,V046,Hermelinda Josefina Rodarte Bahena,Norte,P0089,Mouse Logitech G Pro X,hogar inteligente,7022.84,1.0,0.07,6531.24,45
VTA0080962,2022-11-18,11,2022,C02260,Lic. Alejandro Arce,Este,Premium,V005,Aldo Adán Rodrígez Galarza,Este,P0006,Motorola Edge 50,Celulares,8836.07,2.0,0.12,15551.48,32
VTA0080963,2022-11-26,11,2022,C03146,Angélica Villarreal,Centro,Regular,V044,Julia Esther Solorio,Centro,P0084,Steam Deck 512GB,Gaming,12010.47,3.0,0.01,35671.1,26
VTA0080964,2022-11-03,11,2022,C03738,Hernán Abelardo Cornejo,Este,Ocasional,V049,Ing. María Teresa Bétancourt,Este,P0128,Panel Solar Portátil,Hogar Inteligente,4152.35,5.0,0.0,20761.75,39
VTA0080965,2022-11-07,11,2022,C00440,Darío Genaro Rocha,Este,Ocasional,V032,Nelly Barela Cardenas,Este,P0037,JBL Charge 5,Audio,7975.28,2.0,0.13,13876.99,21
VTA0080966,2022-11-28,11,2022,C03528,,Centro,Ocasional,V041,Srita. Nadia Casas,Centro,P0004,Google Pixel 8,Celulares,4976.37,1.0,0.14,4279.68,34
VTA0080967,2022-11-04,11,2022,C04765,Mario Vergara,Oeste,Premiun,V030,Gustavo Camilo Ochoa Gamboa,Oeste,P0115,Apple HomePod Mini,Hogar Inteligente,6755.2,1.0,0.07,6282.34,46
VTA0080968,22/11/2022,11,2022,C01146,Jaime Eloy Ordóñez,Este,Ocasional,V037,Victoria Caridad Concepción,Centro,P0105,Tripié Joby GorillaPod,hogar inteligente,9039.95,4.0,0.19,29289.44,41
VTA0080969,2022-11-12,11,2022,C03470,  Julia Carranza Echeverría  ,Este,Premiun,V049,Ing. María Teresa Bétancourt,Este,P0020,Lenovo ThinkPad X1,Laptops,24767.9,4.0,0.13,86192.29,42
VTA0080970,2022-11-13,11,2022,C01545,,Este,Ocasional,V049,Ing. María Teresa Bétancourt,Este,P0094,RAM Corsair 32GB,Gaming,18279.93,5.0,0.03,88657.66,26
VTA0080971,2022-11-08,11,2022,C02677,Conchita Mascareñas,Este,Premium,V011,Clara Loera,Este,P0047,Bose SoundLink,Audio,3935.88,1.0,0.03,3817.8,44
VTA0080972,2022-11-08,11,2022,C04543,Karina Mercedes Vargas,Sur,REGULAR,V013,Alvaro Gaona Ocasio,Sur,P0057,Soporte Laptop Adjustable,Accesorios,545.99,4.0,0.03,2118.44,39
VTA0080973,2022-11-02,11,2022,C01323,  Gerardo Arroyo Malave  ,Oeste,Ocacional,V047,  Estela Bianca Melgar Arias  ,Oeste,P0078,Chuwi HiPad X,Tablets,12081.95,2.0,0.18,19814.4,20
VTA0080974,2022-11-09,11,2022,C04195,Evelio Eduardo Abreu del Río,Norte,Regular,V015,Joaquín Benavides Meza,Norte,P0097,Canon EOS R6 Mark II,Fotografía,33876.03,3.0,0.16,85367.6,38
VTA0080975,2022-11-26,11,2022,C00205,Lic. Roberto Aguilar,Centro,Ocasional,V017,Abraham Apodaca Colunga,Centro,P0078,Chuwi HiPad X,fotografia,12802.0,1.0,0.02,12545.96,20
VTA0080976,2022-11-15,11,2022,C00420,  Lic. Victoria Tejada  ,Sur,Ocasional,V021,  Cristal Valdés Maya  ,Sur,P0035,Bose QC45,Audio,2761.34,3.0,0.04,7952.66,19
VTA0080977,2022-11-29,11,2022,C01342,Ignacio Salinas Tejada,Oeste,Ocasional,V039,Sr. Modesto Guillen,Oeste,P0074,iPad Mini 6,fotografia,18339.33,2.0,0.05,34844.73,31
VTA0080978,2022-11-26,11,2022,C03098,Dra. Laura Irizarry,Oeste,Ocasional,V022,Bernardo Lemus Caballero,Oeste,P0040,Jabra Elite 85h,Audio,3008.62,1.0,0.11,2677.67,38
VTA0080979,2022-11-06,11,2022,C01439,Lic. Eduardo Reséndez,Centro,Premium,V031,  Bernabé César Salazar  ,Centro,P0031,Acer Aspire 7,Laptops,8423.32,2.0,0.16,14151.18,38
VTA0080980,2022-11-29,11,2022,C01997,Benito Olivas Perea,Centro,Ocasional,V048,Ivonne Véliz,Centro,P0124,Sensor Movimiento Aqara,Hogar Inteligente,7309.14,3.0,0.14,18857.58,35
VTA0080981,26/11/2022,11,2022,C01101,Víctor Julio César Gaytán Santana,Centro,Premium,V033,Jaime Gamez Maldonado,Centro,P0100,Fujifilm X-T5,Fotografía,16551.94,2.0,0.1,29793.49,42
VTA0080982,2022-11-10,11,2022,C04675,Héctor Ocampo,Oeste,REGULAR,V001,Fernando Casares Jimínez,Oeste,P0083,Nintendo Switch OLED,Gaming,15121.68,1.0,0.18,12399.78,39
VTA0080983,2022-11-08,11,2022,C01000,Concepción Corrales,Norte,Ocasional,V045,Marisela Vanesa Chapa Aranda,Norte,P0015,Nokia G42,Celulares,18204.19,3.0,0.13,47512.94,26
VTA0080984,2022-11-26,11,2022,C03839,Amelia Nayeli Tijerina Fajardo,Oeste,Regular,V040,Karla Silvia Mireles Patiño,Oeste,P0103,Lente Canon RF 50mm,hogar inteligente,14402.05,3.0,0.11,38453.47,31
VTA0080985,2022-11-12,11,2022,C01962,  Ing. Pamela Henríquez  ,Oeste,Regular,V039,Sr. Modesto Guillen,Oeste,P0010,Huawei Pura 70,Celulares,10781.13,2.0,0.13,18759.17,27
VTA0080986,17/11/2022,11,2022,C04901,María del Carmen Centeno Santillán,Sur,Regular,V043,Homero Esquivel,Norte,P0018,Dell XPS 15,Laptops,40934.07,1.0,0.02,40115.39,40
VTA0080987,2022-11-01,11,2022,C01177,Reina Fernández Ponce,Centro,Premium,V017,Abraham Apodaca Colunga,Centro,P0053,Hub USB-C 7en1,Accesorios,410.06,4.0,0.11,1459.81,20
VTA0080988,2022-11-29,11,2022,C02534,Jorge Luis Jerónimo Almonte Santillán,Centro,Premium,V031,  Bernabé César Salazar  ,Centro,P0103,Lente Canon RF 50mm,Fotografía,16240.71,5.0,0.05,77143.37,31
VTA0080989,07/11/2022,11,2022,C03879,Eloy Andrés Lugo,Norte,Ocasional,V002,Nelly Marrero Ortiz,Norte,P0058,Mochila Techpack 30L,Accesorios,867.16,3.0,0.13,2263.29,23
VTA0080990,2022-11-29,11,2022,C02845,  Daniel Ignacio Pedraza  ,Norte,Ocasional,V043,Homero Esquivel,Norte,P0049,Cargador MagSafe 30W,fotografia,902.09,3.0,0.11,2408.58,37
VTA0080991,2022-11-09,11,2022,C00515,Dr. José Eduardo Rangel,Centro,Premium,V048,Ivonne Véliz,Centro,P0023,Microsoft Surface Pro 9,tablets,29740.4,2.0,0.05,56506.76,27
VTA0080992,2022-11-18,11,2022,C00376,  Sara Reynoso Olmos  ,Sur,Ocacional,V004,Aurora Zelaya,Norte,P0078,Chuwi HiPad X,Tablets,13169.62,4.0,0.07,48990.99,20
VTA0080993,2022-11-30,11,2022,C00920,Miguel Ángel Fernando Cotto,Sur,Regular,V006,  Dr. Evelio Murillo  ,Sur,P0056,Webcam Logitech C920,Accesorios,1700.11,5.0,0.11,-7565.49,43
VTA0080994,2022-11-24,11,2022,C04481,Ing. María Eugenia Mateo,Oeste,Regular,V040,Karla Silvia Mireles Patiño,Oeste,P0096,Cooling Noctua NH-D15,Gaming,10362.71,1.0,0.2,8290.17,41
VTA0080995,2022-11-25,11,2022,C02128,Dr. Benjamín Suárez,Oeste,Premium,V020,Dr. Arturo Angulo,Sur,P0061,Batería Portátil 20000,Accesorios,1737.11,1.0,0.18,1424.43,32
VTA0080996,2022-11-19,11,2022,C04025,Daniela Alta  Gracia Posada Arroyo,Oeste,ocasional,V015,Joaquín Benavides Meza,Norte,P0054,Mouse Logitech MX Master,Accesorios,1217.35,3.0,0.01,3615.53,25
VTA0080997,2022-11-04,11,2022,C04292,Sr. Mateo Verdugo,Este,Premium,V005,Aldo Adán Rodrígez Galarza,Este,P0040,Jabra Elite 85h,Audio,2810.13,4.0,0.15,9554.44,38
VTA0080998,03/11/2022,11,2022,C03379,Lic. Pedro Rosado,Este,Regular,V010,Sra. Guadalupe Llamas,Este,P0102,GoPro Hero 12,Fotografía,26114.47,4.0,0.18,-85655.46,45
VTA0080999,2022-11-14,11,2022,C04265,Paola Jaqueline Orta Quesada,Norte,Ocasional,V016,Octavio Mario Rincón Marín,Norte,P0115,Apple HomePod Mini,LAPTOPS,7005.5,5.0,0.09,31875.02,46
VTA0081000,2022-11-21,11,2022,C04685,Lic. Fidel Saldivar,Este,Regular,V005,Aldo Adán Rodrígez Galarza,Este,P0104,Flash Godox V1,Fotografía,15011.44,1.0,0.01,14861.33,40
VTA0081001,2022-11-23,11,2022,C02560,Sra. María Teresa Malave,Norte,Premium,V043,Homero Esquivel,Norte,P0101,DJI Mavic 3 Pro,celulares,14875.13,4.0,0.04,57120.5,27
VTA0081002,2022-11-02,11,2022,C00284,Florencia Estefanía Rivera Farías,Este,Regular,V005,Aldo Adán Rodrígez Galarza,Este,P0114,Google Nest Hub 2,Hogar Inteligente,5101.05,1.0,0.18,4182.86,45
VTA0081003,2022-11-01,11,2022,C04402,Lic. José Eduardo Valdez,Norte,Regular,V043,Homero Esquivel,Norte,P0078,Chuwi HiPad X,celulares,13321.12,3.0,0.17,33169.59,20
VTA0081004,2022-11-08,11,2022,C02968,  Paola Laura Montez  ,Norte,Premium,V045,Marisela Vanesa Chapa Aranda,Norte,P0118,Termostato Nest 3,Hogar Inteligente,1514.95,2.0,0.05,2878.4,30
VTA0081005,16/11/2022,11,2022,C00750,Julio Omar Guajardo,Oeste,Premium,V007,Conchita Leticia Gastélum Corral,Oeste,P0067,iPad Air M1,Tablets,17346.46,1.0,0.04,16652.6,39
VTA0081006,2022-11-05,11,2022,C04418,Guillermina Daniela Sauceda,Centro,Premium,V033,Jaime Gamez Maldonado,Centro,P0007,Realme GT5,Celulares,18764.57,3.0,0.19,45597.91,39
VTA0081007,2022-11-19,11,2022,C03387,Hilda Linda Arriaga,Norte,Regular,V042,  Srita. Sandra Escamilla  ,Norte,P0017,MacBook Pro M3,celulares,12591.8,4.0,0.19,40797.43,43
VTA0081008,2022-11-19,11,2022,C02648,Caridad Palomo,Este,Regular,V010,Sra. Guadalupe Llamas,Este,P0056,Webcam Logitech C920,Accesorios,1744.43,2.0,0.12,3070.2,43
VTA0081009,2022-11-03,11,2022,C03571,Patricio Pizarro Cruz,Norte,Premium,V049,Ing. María Teresa Bétancourt,Este,P0097,Canon EOS R6 Mark II,Fotografía,34142.42,2.0,0.14,58724.96,38
VTA0081010,17/11/2022,11,2022,C00258,Ing. Bernabé Henríquez,Sur,Ocacional,V013,Alvaro Gaona Ocasio,Sur,P0091,Capturadora Elgato 4K,Gaming,1618.38,1.0,0.13,1407.99,25
VTA0081011,2022-11-30,11,2022,C01460,Claudia Elvia Barreto Anguiano,Oeste,Premium,V043,Homero Esquivel,Norte,P0006,Motorola Edge 50,Celulares,7836.67,3.0,0.0,23510.01,32
VTA0081012,2022-11-16,11,2022,C02120,Claudia de la Garza Rincón,Este,Ocasional,V002,Nelly Marrero Ortiz,Norte,P0031,Acer Aspire 7,gaming,8054.46,2.0,0.06,15142.38,38
VTA0081013,2022-11-07,11,2022,C00956,Mateo Eugenio Ordóñez,Centro,Premium,V041,Srita. Nadia Casas,Centro,P0014,Motorola G84,LAPTOPS,6478.62,4.0,0.01,25655.34,20
VTA0081014,2022-11-06,11,2022,C02053,Samuel Hinojosa,Oeste,Premium,V039,Sr. Modesto Guillen,Oeste,P0097,Canon EOS R6 Mark II,Fotografía,32236.27,3.0,0.04,92840.46,38
VTA0081015,2022-11-03,11,2022,C03941,Concepción Olvera Borrego,Norte,Ocasional,V002,Nelly Marrero Ortiz,Norte,P0115,Apple HomePod Mini,Hogar Inteligente,6570.41,1.0,0.12,5781.96,46
VTA0081016,2022-11-08,11,2022,C04722,Gerónimo Zapata Briones,Norte,Ocasional,V009,Amanda María José Bravo,Norte,P0044,Anker Q45,Audio,6812.27,1.0,0.15,5790.43,23
VTA0081017,20/11/2022,11,2022,C04959,Rosa López Montemayor,Centro,Ocasional,V044,Julia Esther Solorio,Centro,P0128,Panel Solar Portátil,Hogar Inteligente,4041.17,4.0,0.19,13093.39,39
VTA0081018,2022-11-22,11,2022,C01738,Abigail Duarte,Centro,Ocacional,V031,  Bernabé César Salazar  ,Centro,P0031,Acer Aspire 7,Laptops,9010.73,1.0,0.11,8019.55,38
VTA0081019,2022-11-01,11,2022,C01552,Lic. Manuel Hinojosa,Sur,Ocasional,V048,Ivonne Véliz,Centro,P0072,Huawei MatePad Pro,hogar inteligente,19468.72,2.0,0.03,37769.32,43
VTA0081020,25/11/2022,11,2022,C02487,Pilar Sandra Matías,Centro,Regular,V011,Clara Loera,Este,P0075,Samsung Galaxy Tab A9,Tablets,17989.88,4.0,0.2,57567.62,35
VTA0081021,2022-11-04,11,2022,C01381,Sra. Rosalia Heredia,Oeste,Regular,V008,Irene Franco,Sur,P0038,Beats Studio Pro,gaming,2388.15,5.0,0.05,11343.71,39
VTA0081022,2022-11-03,11,2022,C04413,Dra. Sonia Bañuelos,Oeste,Ocacional,V022,Bernardo Lemus Caballero,Oeste,P0096,Cooling Noctua NH-D15,Gaming,9824.16,2.0,0.14,16897.56,41
VTA0081023,07/11/2022,11,2022,C03182,,Centro,Ocasional,V031,  Bernabé César Salazar  ,Centro,P0083,Nintendo Switch OLED,Gaming,16664.92,5.0,0.12,73325.65,39
VTA0081024,2022-11-03,11,2022,C03544,Margarita Razo,Norte,Premium,V045,Marisela Vanesa Chapa Aranda,Norte,P0092,Micrófono Blue Yeti,Gaming,13231.23,4.0,0.12,-46573.93,47
VTA0081025,2022-11-25,11,2022,C00015,Ing. Ana María Jaime,Norte,Regular,V002,Nelly Marrero Ortiz,Norte,P0014,Motorola G84,Celulares,6260.14,4.0,0.05,23788.53,20
VTA0081026,2022-11-01,11,2022,C01753,Eugenia Santacruz González,Oeste,Regular,V050,José María Gustavo Beltrán,Oeste,P0067,iPad Air M1,Tablets,17127.78,3.0,0.06,48300.34,39
VTA0081027,12/11/2022,11,2022,C03282,Lic. Arturo Navarro,Oeste,Regular,V026,Ing. Elias Valdivia,Oeste,P0086,Silla Gamer DXRacer,Gaming,23273.9,1.0,0.0,23273.9,26
VTA0081028,2022-11-26,11,2022,C03816,Ing. Mario Laureano,Este,Regular,V009,Amanda María José Bravo,Norte,P0001,iPhone 15 Pro,Celulares,19880.14,3.0,0.1,53676.38,37
VTA0081029,2022-11-20,11,2022,C00404,,Centro,premiun,V017,Abraham Apodaca Colunga,Centro,P0054,Mouse Logitech MX Master,Accesorios,1262.25,4.0,0.1,4544.1,25
VTA0081030,2022-11-30,11,2022,C04420,Verónica Vanesa Tovar Dueñas,Sur,Regular,V023,Fidel Negrete Domínguez,Sur,P0103,Lente Canon RF 50mm,Fotografía,13886.71,5.0,0.04,66656.21,31
VTA0081031,2022-11-03,11,2022,C03962,Guillermo Saiz Orosco,Este,REGULAR,V010,Sra. Guadalupe Llamas,Este,P0041,Bang Olufsen H95,Audio,5917.87,4.0,0.05,22487.91,20
VTA0081032,2022-11-08,11,2022,C03991,Lilia Arredondo,Sur,Ocasional,V018,Lic. Gilberto Castellanos,Sur,P0078,Chuwi HiPad X,Tablets,13901.96,2.0,0.05,26413.72,20
VTA0081033,2022-11-04,11,2022,C01230,Ing. Leonor de la O,Norte,Ocasional,V004,Aurora Zelaya,Norte,P0115,Apple HomePod Mini,Hogar Inteligente,7322.97,2.0,0.06,13767.18,46
VTA0081034,2022-11-09,11,2022,C03550,Sessa Madera,Centro,Premium,V044,Julia Esther Solorio,Centro,P0029,HP Pavilion 15,Laptops,8753.63,1.0,0.16,7353.05,24
VTA0081035,2022-11-13,11,2022,C04327,Raúl Gracia,Oeste,Ocasional,V035,Estela Haro,Oeste,P0079,Realme Pad 2, Accesorios,9363.58,4.0,0.11,33334.34,20
VTA0081036,2022-11-13,11,2022,C01045,Ing. Héctor Aranda,Sur,Regular,V036,  Dr. Ignacio Aparicio  ,Sur,P0024,LG Gram 17,Laptops,47371.06,2.0,0.1,85267.91,26
VTA0081037,2022-11-10,11,2022,C01832,Ing. Miriam Arteaga,Centro,Ocasional,V003,Jacinto Rivero Valladares,Centro,P0044,Anker Q45,Audio,6801.51,5.0,0.03,32987.32,23
VTA0081038,2022-11-10,11,2022,C03377,José Eduardo Muñiz,Oeste,Premium,V022,Bernardo Lemus Caballero,Oeste,P0126,Proyector BenQ 4K,Hogar Inteligente,8243.02,5.0,0.12,36269.29,35
VTA0081039,2022-11-16,11,2022,C01218,Benjamín Almanza,Centro,Ocasional,V044,Julia Esther Solorio,Centro,P0028,Dell Inspiron 15,Laptops,26655.23,3.0,0.06,75167.75,37
VTA0081040,2022-11-21,11,2022,C00348,Jacinto Gerónimo Meza,Centro,Regular,V017,Abraham Apodaca Colunga,Centro,P0090,Control Xbox Elite 2,Gaming,28450.16,1.0,0.16,23898.13,40
VTA0081041,2022-11-13,11,2022,C01900,Cecilia Lilia Serna,Este,Premium,V010,Sra. Guadalupe Llamas,Este,P0006,Motorola Edge 50,Celulares,9207.76,2.0,0.19,14916.57,32
VTA0081042,2022-11-22,11,2022,C02191,Cornelio Pabón,Sur,Regular,V014,Ofelia Miriam Negrón,Oeste,P0021,ASUS ROG Zephyrus,Laptops,12776.67,2.0,0.19,20698.21,36
VTA0081043,2022-11-06,11,2022,C03692,Ing. José Eduardo Rubio,Centro,Ocasional,V037,Victoria Caridad Concepción,Centro,P0043,Sony WF-1000XM5,Audio,4406.38,1.0,0.11,3921.68,25
VTA0081044,2022-11-20,11,2022,C00850,Alejandro Salvador Villalpando Saldivar,Norte,Regular,V015,Joaquín Benavides Meza,Norte,P0104,Flash Godox V1,Fotografía,17076.72,3.0,0.15,43545.64,40
VTA0081045,2022-11-17,11,2022,C03091,Sessa Durán,Oeste,premiun,V040,Karla Silvia Mireles Patiño,Oeste,P0058,Mochila Techpack 30L,audio ,795.57,4.0,0.14,2736.76,23
VTA0081046,04/11/2022,11,2022,C02955,Soledad Acevedo Barrientos,Este,Premium,V005,Aldo Adán Rodrígez Galarza,Este,P0033,Sony WH-1000XM5,LAPTOPS,7858.71,2.0,0.13,13674.16,25
VTA0081047,16/11/2022,11,2022,C03329,Alvaro Treviño,Centro,Ocasional,V003,Jacinto Rivero Valladares,Centro,P0046,JBL Flip 6,Audio,2699.86,4.0,0.04,10367.46,40
VTA0081048,2022-11-10,11,2022,C01212,Sr. Aldo Cabrera,Sur,Regular,V019,Jacinto Rodrigo Salazar Rolón,Sur,P0014,Motorola G84,Celulares,5683.58,4.0,0.06,21370.26,20
VTA0081049,2022-11-10,11,2022,C02952,Eva Beatriz Ríos,Norte,Premium,V004,Aurora Zelaya,Norte,P0031,Acer Aspire 7,Laptops,8911.18,2.0,0.11,15861.9,38
VTA0081050,2022-11-04,11,2022,C02321,Sara Valdés Solorio,Centro,REGULAR,V031,  Bernabé César Salazar  ,Centro,P0088,Teclado Razer Huntsman,Gaming,21970.42,2.0,0.17,36470.9,44
VTA0081051,14/11/2022,11,2022,C03695,Celia Abrego,Norte,Ocasional,V008,Irene Franco,Sur,P0128,Panel Solar Portátil,Hogar Inteligente,3718.4,1.0,0.16,3123.46,39
VTA0081052,2022-11-12,11,2022,C02834,Dr. Eloy Fuentes,Norte,REGULAR,V002,Nelly Marrero Ortiz,Norte,P0103,Lente Canon RF 50mm,Fotografía,14685.3,4.0,0.05,55804.14,31
VTA0081053,2022-11-16,11,2022,C04288,Antonio Armendáriz Garay,Sur,Premium,V013,Alvaro Gaona Ocasio,Sur,P0010,Huawei Pura 70,Celulares,10373.28,,0.11,9232.22,27
VTA0081054,2022-11-14,11,2022,C00512,Pamela Diana Lerma Franco,Sur,Premiun,V006,  Dr. Evelio Murillo  ,Sur,P0065,iPad Pro M2 12.9,Tablets,6915.94,2.0,0.01,13693.56,21
VTA0081055,2022-11-28,11,2022,C04259,José Eduardo Rolando Archuleta Ávila,Este,Ocasional,V032,Nelly Barela Cardenas,Este,P0087,Headset HyperX Cloud III,Gaming,1955.93,2.0,0.0,3911.86,38
VTA0081056,2022-11-10,11,2022,C01655,Lic. Ángel Tovar,Sur,Regular,V023,Fidel Negrete Domínguez,Sur,P0118,Termostato Nest 3,Hogar Inteligente,1552.7,2.0,0.15,2639.59,30
VTA0081057,2022-11-11,11,2022,C04472,Ing. Pablo Montaño,Centro,Regular,V037,Victoria Caridad Concepción,Centro,P0112,Estabilizador DJI OM6,Fotografía,16679.9,5.0,0.04,80063.52,33
VTA0081058,2022-11-27,11,2022,C03927,Guadalupe Dalia Patiño,Este,ocasional,V010,Sra. Guadalupe Llamas,Este,P0109,Filtro ND Variable,Fotografía,3144.28,5.0,0.09,14306.47,30
VTA0081059,2022-11-19,11,2022,C01007,Israel Manuel Rascón Barreto,Oeste,Ocasional,V001,Fernando Casares Jimínez,Oeste,P0085,Monitor LG 27GP950,Gaming,17793.8,1.0,0.1,16014.42,43
VTA0081060,2022-11-19,11,2022,C00487,Sonia Norma Granado,Oeste,Ocasional,V050,José María Gustavo Beltrán,Oeste,P0065,iPad Pro M2 12.9,Tablets,7825.93,2.0,0.03,15182.3,21
VTA0081061,2022-11-09,11,2022,C00843,Adán Colón,Este,Premium,V005,Aldo Adán Rodrígez Galarza,Este,P0034,AirPods Pro 2,Audio,1296.55,1.0,0.06,1218.76,27
VTA0081062,09/11/2022,11,2022,C01091,Wendolin Márquez,Sur,Regular,V013,Alvaro Gaona Ocasio,Sur,P0071,ASUS Zenpad 3S,Tablets,13589.51,2.0,0.17,22558.59,20
VTA0081063,2022-11-06,11,2022,C03769,Estefanía Judith Carvajal Padilla,Sur,Regular,V020,Dr. Arturo Angulo,Sur,P0033,Sony WH-1000XM5,Audio,6958.8,4.0,0.14,23938.27,25
VTA0081064,2022-11-08,11,2022,C03032,Lic. Ignacio Menéndez,Sur,Ocasional,V025,Manuel Gerónimo Armas,Sur,P0049,Cargador MagSafe 30W,Accesorios,945.82,2.0,0.11,1683.56,37
VTA0081065,08/11/2022,11,2022,C02248,María Teresa Cabrera Samaniego,Este,Premium,V049,Ing. María Teresa Bétancourt,Este,P0091,Capturadora Elgato 4K,Gaming,1570.27,4.0,0.1,5652.97,25
VTA0081066,2022-11-28,11,2022,C02865,Dolores Wendolin Madrigal,Este,premiun,V010,Sra. Guadalupe Llamas,Este,P0082,Xbox Series X,Gaming,11939.51,5.0,0.0,59697.55,30
VTA0081067,2022-11-12,11,2022,C03443,Violeta Diana Palomo,Centro,Premium,V044,Julia Esther Solorio,Centro,P0023,Microsoft Surface Pro 9,Laptops,35184.49,2.0,0.05,66850.53,27
VTA0081068,2022-11-03,11,2022,C00084,Julio César Jos Molina Casanova,Norte,Ocasional,V043,Homero Esquivel,Norte,P0009,Sony Xperia 1 VI,Celulares,25915.46,1.0,0.04,24878.84,24
VTA0081069,2022-11-10,11,2022,C01535,Felix Barrientos Corona,Este,Premium,V005,Aldo Adán Rodrígez Galarza,Este,P0029,HP Pavilion 15,audio ,8518.74,5.0,0.12,37482.46,24
VTA0081070,2022-11-02,11,2022,C00617,Sra. Inés Quiñones,Centro,Premium,V033,Jaime Gamez Maldonado,Centro,P0025,Razer Blade 15,Laptops,25870.45,3.0,0.08,71402.44,44
VTA0081071,2022-11-18,11,2022,C00547,Olga Verónica de la O Baeza,Sur,Regular,V027,Claudio Andrés Gómez Sosa,Sur,P0005,OnePlus 12,Celulares,5781.49,3.0,0.04,16650.69,40
VTA0081072,2022-11-06,11,2022,C00775,Micaela Georgina Morales,Centro,Regular,V048,Ivonne Véliz,Centro,P0093,GPU RTX 4070 Ti,Gaming,26650.07,1.0,0.04,25584.07,29
VTA0081073,2022-11-05,11,2022,C01783,Adán Nájera,Oeste,Regular,V001,Fernando Casares Jimínez,Oeste,P0002,Samsung Galaxy S24,Celulares,8380.24,4.0,0.1,30168.86,19
VTA0081074,19/11/2022,11,2022,C03780,  Marco Antonio Rufino Verdugo  ,Norte,Ocasional,V043,Homero Esquivel,Norte,P0018,Dell XPS 15,Laptops,37658.89,4.0,0.14,129546.58,40
VTA0081075,2022-11-23,11,2022,C00151,Martha Mercedes Urrutia Barrios,Centro,REGULAR,V028,Sofía Delia Gurule Cantú,Centro,P0010,Huawei Pura 70,fotografia,9629.6,5.0,0.05,45740.6,27
VTA0081076,2022-11-23,11,2022,C00920,Miguel Ángel Fernando Cotto,Sur,REGULAR,V025,Manuel Gerónimo Armas,Sur,P0076,TCL Tab 10,Tablets,17337.02,4.0,0.15,58945.87,24
VTA0081077,2022-11-05,11,2022,C02805,Maximiliano Ricardo Cavazos Villanueva,Este,Premium,V010,Sra. Guadalupe Llamas,Este,P0033,Sony WH-1000XM5,LAPTOPS,6808.6,5.0,0.18,27915.26,25
VTA0081078,2022-11-04,11,2022,C01130,Jorge Luis Villaseñor Dávila,Sur,Regular,V018,Lic. Gilberto Castellanos,Sur,P0105,Tripié Joby GorillaPod,Fotografía,9265.08,1.0,0.07,8616.52,41
VTA0081079,2022-11-20,11,2022,C00407,  Marcela Micaela Heredia  ,Oeste,Regular,V040,Karla Silvia Mireles Patiño,Oeste,P0049,Cargador MagSafe 30W,Accesorios,1055.41,3.0,0.02,3102.91,37
VTA0081080,2022-11-18,11,2022,C00075,María Cristina Lovato Brito,Oeste,premiun,V022,Bernardo Lemus Caballero,Oeste,P0113,Alexa Echo Dot 5,Hogar Inteligente,11104.66,1.0,0.01,10993.61,20
VTA0081081,2022-11-27,11,2022,C01660,Francisca Eugenia Hernádez,Sur,Premium,V023,Fidel Negrete Domínguez,Sur,P0052,Protector Pantalla S24,Accesorios,1075.95,5.0,0.2,4303.8,31
VTA0081082,2022-11-16,11,2022,C04940,Lic. Sandra Bustamante,Norte,Premiun,V004,Aurora Zelaya,Norte,P0116,Foco Philips Hue,Hogar Inteligente,4501.5,5.0,0.13,19581.53,44
VTA0081083,10/11/2022,11,2022,C00244,Humberto Arredondo,Este,premiun,V032,Nelly Barela Cardenas,Este,P0122,Aspiradora Dyson V15,Hogar Inteligente,3250.44,2.0,0.11,5785.78,28
VTA0081084,2022-11-12,11,2022,C04249,Ing. Horacio Negrón,Oeste,Premium,V026,Ing. Elias Valdivia,Oeste,P0032,ASUS VivoBook 16,Laptops,10010.98,3.0,0.09,27329.98,38
VTA0081085,22/11/2022,11,2022,C01630,Timoteo José Rivas Alarcón,Norte,Premium,V016,Octavio Mario Rincón Marín,Norte,P0038,Beats Studio Pro,Audio,2208.76,,0.09,4019.94,39
VTA0081086,01/11/2022,11,2022,C02039,Ing. Ángel Aguilar,Norte,Regular,V002,Nelly Marrero Ortiz,Norte,P0052,Protector Pantalla S24,Accesorios,1251.11,1.0,0.15,1063.44,31
VTA0081087,01/11/2022,11,2022,C02177,Aldo Ontiveros Vela,Sur,Premium,V025,Manuel Gerónimo Armas,Sur,P0012,Samsung A55,Celulares,19479.0,5.0,0.13,84733.65,36
VTA0081088,22/11/2022,11,2022,C02198,Elias Quintero,Norte,Regular,V045,Marisela Vanesa Chapa Aranda,Norte,P0061,Batería Portátil 20000,Accesorios,1746.98,2.0,0.03,3389.14,32
VTA0081089,23/11/2022,11,2022,C04218,Ing. Liliana Ceja,Norte,Regular,V029,Francisco Ballesteros,Norte,P0056,Webcam Logitech C920,audio ,1982.48,1.0,0.09,1804.06,43
VTA0081090,11/11/2022,11,2022,C03213,Marisol Rentería,Centro,Regular,V048,Ivonne Véliz,Centro,P0003,Xiaomi 14 Pro,Celulares,21663.69,1.0,0.03,21013.78,36
VTA0081091,2022-11-05,11,2022,C00846,Amalia Negrete Muñiz,Sur,Premium,V021,  Cristal Valdés Maya  ,Sur,P0019,HP Spectre x360,Laptops,34135.21,1.0,0.19,27649.52,26
VTA0081092,2022-11-20,11,2022,C00141,Dr. Jorge Luis Palomino,Este,Premium,V005,Aldo Adán Rodrígez Galarza,Este,P0105,Tripié Joby GorillaPod,Fotografía,10859.3,1.0,0.0,10859.3,41
VTA0081093,2022-11-18,11,2022,C04371,Sr. Roberto Candelaria,Este,Regular,V022,Bernardo Lemus Caballero,Oeste,P0039,Sennheiser HD 450,Audio,1083.26,5.0,0.14,-4658.02,24
VTA0081094,15/11/2022,11,2022,C00868,Omar Emilio Estévez,Este,REGULAR,V032,Nelly Barela Cardenas,Este,P0025,Razer Blade 15,Laptops,30053.19,1.0,0.15,25545.21,44
VTA0081095,2022-11-12,11,2022,C02496,Abel Rafaél Pacheco,Este,Premium,V049,Ing. María Teresa Bétancourt,Este,P0091,Capturadora Elgato 4K,Gaming,1573.84,3.0,0.16,3966.08,25
VTA0081096,21/11/2022,11,2022,C02474,Lic. Arturo Santacruz,Este,Premium,V032,Nelly Barela Cardenas,Este,P0047,Bose SoundLink,Audio,4027.03,3.0,0.02,11839.47,44
VTA0081097,2022-11-13,11,2022,C04372,Andrés Claudio Rosas,Sur,Ocacional,V027,Claudio Andrés Gómez Sosa,Sur,P0003,Xiaomi 14 Pro,Celulares,23749.13,4.0,0.08,87396.8,36
VTA0081098,2022-11-13,11,2022,C04875,  Juan Carlos Orosco  ,Este,Regular,V049,Ing. María Teresa Bétancourt,Este,P0037,JBL Charge 5,Audio,8191.9,1.0,0.12,7208.87,21
VTA0081099,2022-11-03,11,2022,C00164,Mariana Lozano,Este,Ocasional,V026,Ing. Elias Valdivia,Oeste,P0042,Audio Technica ATH,Audio,6993.43,3.0,0.1,18882.26,31
VTA0081100,04/11/2022,11,2022,C04676,Lic. Gabriel Tejada,Sur,Ocasional,V036,  Dr. Ignacio Aparicio  ,Sur,P0092,Micrófono Blue Yeti,Gaming,13095.62,5.0,0.18,53692.04,47
VTA0081101,2022-11-17,11,2022,C04201,Israel Jesús Casanova,Norte,premiun,V029,Francisco Ballesteros,Norte,P0118,Termostato Nest 3,Hogar Inteligente,1568.68,4.0,0.09,5710.0,30
VTA0081102,2022-11-29,11,2022,C03481,Adán Aurelio Leyva,Sur,Regular,V020,Dr. Arturo Angulo,Sur,P0088,Teclado Razer Huntsman,Gaming,25356.03,,0.14,65418.56,44
VTA0081103,18/11/2022,11,2022,C01165,Agustín Ulibarri,Sur,Premium,V005,Aldo Adán Rodrígez Galarza,Este,P0127,Router WiFi 6 Mesh,Hogar Inteligente,4770.28,5.0,0.18,19558.15,44
VTA0081104,2022-11-14,11,2022,C00230,Norma María Teresa Mireles Arevalo,Centro,Regular,V048,Ivonne Véliz,Centro,P0032,ASUS VivoBook 16,Laptops,11627.29,1.0,0.05,11045.93,38
VTA0081105,2022-11-07,11,2022,C04142,Ángel Jos del Río Cintrón,Este,REGULAR,V032,Nelly Barela Cardenas,Este,P0001,iPhone 15 Pro,Celulares,21325.6,1.0,0.11,18979.78,37
VTA0081106,2022-11-30,11,2022,C00820,Dr. Juan Vélez,Este,Ocacional,V011,Clara Loera,Este,P0123,Cerradura Yale Smart,Hogar Inteligente,9141.3,2.0,0.07,17002.82,29
VTA0081107,2022-11-03,11,2022,C04368,Flavio Iglesias,Centro,Premium,V041,Srita. Nadia Casas,Centro,P0084,Steam Deck 512GB, Accesorios,11637.12,3.0,0.11,31071.11,26
VTA0081108,2022-11-27,11,2022,C04203,Dolores Abril Bermúdez Almonte,Sur,Premium,V023,Fidel Negrete Domínguez,Sur,P0096,Cooling Noctua NH-D15,Gaming,9602.19,2.0,0.12,16899.85,41
VTA0081109,20/11/2022,11,2022,C03340,Olga Nancy Padilla,Sur,Regular,V023,Fidel Negrete Domínguez,Sur,P0054,Mouse Logitech MX Master,Accesorios,1280.19,2.0,0.19,2073.91,25
VTA0081110,2022-11-12,11,2022,C03817,Octavio Porras,Este,Premium,V032,Nelly Barela Cardenas,Este,P0102,GoPro Hero 12,Fotografía,25788.7,4.0,0.01,-102123.25,45
VTA0081111,2022-11-23,11,2022,C01019,  Leticia Vargas  ,Norte,Premium,V046,Hermelinda Josefina Rodarte Bahena,Norte,P0012,Samsung A55,gaming,18951.62,4.0,0.14,65193.57,36
VTA0081112,2022-11-21,11,2022,C03087,Modesto Hernández Jaimes,Este,Regular,V050,José María Gustavo Beltrán,Oeste,P0108,Batería Canon LP-E6,audio ,18284.72,2.0,0.01,36203.75,32
VTA0081113,18/11/2022,11,2022,C03766,Adalberto Prado,Oeste,Regular,V039,Sr. Modesto Guillen,Oeste,P0067,iPad Air M1,Tablets,16812.37,2.0,0.17,27908.53,39
VTA0081114,2022-11-22,11,2022,C02169,  María Teresa Cervántez Cazares  ,Norte,premiun,V009,Amanda María José Bravo,Norte,P0100,Fujifilm X-T5,gaming,15863.42,4.0,0.12,55839.24,42
VTA0081115,2022-11-30,11,2022,C00072,Sr. Víctor Porras,Norte,Ocacional,V045,Marisela Vanesa Chapa Aranda,Norte,P0117,Cámara Nest Doorbell,Hogar Inteligente,10703.04,2.0,0.09,19479.53,34
VTA0081116,2022-11-22,11,2022,C02861,Josefina Cortez,Sur,Ocasional,V021,  Cristal Valdés Maya  ,Sur,P0010,Huawei Pura 70,celulares,10161.92,1.0,0.17,8434.39,27
VTA0081117,2022-11-03,11,2022,C00608,Tomás Mateo Armas Torres,Centro,Premium,V048,Ivonne Véliz,Centro,P0013,Xiaomi Redmi Note 13,Celulares,12326.94,3.0,0.05,35131.78,30
VTA0081118,2022-11-18,11,2022,C03452,  Sofía Irene Sauceda Crespo  ,Oeste,Ocasional,V014,Ofelia Miriam Negrón,Oeste,P0046,JBL Flip 6,Audio,2254.35,5.0,0.15,9580.99,40
VTA0081119,2022-11-21,11,2022,C01133,Abril Ojeda Gollum,Este,REGULAR,V038,Violeta Itzel Benavídez,Oeste,P0112,Estabilizador DJI OM6,Fotografía,16958.98,,0.05,32222.06,33
VTA0081120,2022-11-21,11,2022,C00733,Alejandra Trinidad Zelaya,Sur,Ocasional,V020,Dr. Arturo Angulo,Sur,P0112,Estabilizador DJI OM6,Fotografía,15822.96,1.0,0.08,14557.12,33
VTA0081121,08/11/2022,11,2022,C04040,Ing. Úrsula Becerra,Norte,REGULAR,V002,Nelly Marrero Ortiz,Norte,P0046,JBL Flip 6,Audio,2697.39,5.0,0.04,-12947.47,40
VTA0081122,2022-11-19,11,2022,C00380,Yolanda Micaela Guillen,Norte,Regular,V029,Francisco Ballesteros,Norte,P0074,iPad Mini 6,Tablets,17071.39,5.0,0.1,76821.26,31
VTA0081123,2022-11-03,11,2022,C04639,Rubén Ponce,Oeste,Ocasional,V007,Conchita Leticia Gastélum Corral,Oeste,P0111,Monitor Portátil 4K,Fotografía,7060.93,4.0,0.05,26831.53,41
VTA0081124,2022-11-11,11,2022,C02946,Sra. Yuridia Lovato,Este,Premium,V049,Ing. María Teresa Bétancourt,Este,P0083,Nintendo Switch OLED,Gaming,14970.12,3.0,0.02,44012.15,39
VTA0081125,2022-11-12,11,2022,C02047,Dra. Ilse Godoy,Este,REGULAR,V049,Ing. María Teresa Bétancourt,Este,P0063,Pad Mouse XL Gaming,Accesorios,2127.98,5.0,0.13,9256.71,42
VTA0081126,18/11/2022,11,2022,C01678,Adán Canales Saldaña,Centro,Regular,V037,Victoria Caridad Concepción,Centro,P0030,Lenovo IdeaPad 5,Laptops,40321.52,2.0,0.07,74998.03,21
VTA0081127,2022-11-23,11,2022,C03936,Luz Amaya Véliz,Este,Ocacional,V010,Sra. Guadalupe Llamas,Este,P0043,Sony WF-1000XM5,Audio,4337.94,4.0,0.01,17178.24,25
VTA0081128,30/11/2022,11,2022,C00931,Timoteo Enríquez Juárez,Centro,premiun,V037,Victoria Caridad Concepción,Centro,P0020,Lenovo ThinkPad X1,Laptops,22184.77,3.0,0.05,63226.59,42
VTA0081129,2022-11-19,11,2022,C00302,Dr. Iván Echeverría,Centro,Premium,V037,Victoria Caridad Concepción,Centro,P0070,Amazon Fire HD 10,Tablets,17455.14,1.0,0.19,14138.66,33
VTA0081130,22/11/2022,11,2022,C04997,Irene Prado Duarte,Norte,Premiun,V037,Victoria Caridad Concepción,Centro,P0025,Razer Blade 15,Laptops,27715.31,2.0,0.12,48778.95,44
VTA0081131,2022-11-08,11,2022,C02715,Serafín Espinoza,Sur,Regular,V025,Manuel Gerónimo Armas,Sur,P0052,Protector Pantalla S24,Accesorios,1070.91,3.0,0.13,2795.08,31
VTA0081132,2022-11-28,11,2022,C02283,Aurelio René Carrillo,Este,Premium,V005,Aldo Adán Rodrígez Galarza,Este,P0063,Pad Mouse XL Gaming,Accesorios,1907.16,4.0,0.05,7247.21,42
VTA0081133,2022-11-04,11,2022,C03426,José Eduardo Felipe Riojas Bermúdez,Norte,Ocasional,V015,Joaquín Benavides Meza,Norte,P0041,Bang Olufsen H95,Audio,5961.77,4.0,0.13,20746.96,20
VTA0081134,2022-11-23,11,2022,C03781,Florencia Francisca Cabrera,Este,Regular,V011,Clara Loera,Este,P0095,SSD Samsung 980 Pro,Gaming,3144.82,4.0,0.15,10692.39,28
VTA0081135,2022-11-12,11,2022,C02549,Norma Graciela Escamilla,Sur,Premium,V034,Rufino Rivera,Sur,P0112,Estabilizador DJI OM6,Fotografía,16580.35,2.0,0.08,30507.84,33
VTA0081136,2022-11-27,11,2022,C03109,Srita. Leonor Esparza,Este,Premium,V010,Sra. Guadalupe Llamas,Este,P0066,Samsung Galaxy Tab S9,Tablets,12418.63,1.0,0.01,12294.44,24
VTA0081137,2022-11-29,11,2022,C01188,Silvia Páez Jaimes,Este,Ocasional,V010,Sra. Guadalupe Llamas,Este,P0064,Limpiador Pantallas Kit,Accesorios,1468.46,4.0,0.01,-5815.1,44
VTA0081138,29/11/2022,11,2022,C00702,Leonel Eloy Benavídez Torres,Sur,Regular,V023,Fidel Negrete Domínguez,Sur,P0115,Apple HomePod Mini,Hogar Inteligente,6869.29,2.0,0.08,12639.49,46
VTA0081139,2022-11-13,11,2022,C00117,,Norte,Regular,V031,  Bernabé César Salazar  ,Centro,P0043,Sony WF-1000XM5,Audio,4741.04,2.0,0.0,9482.08,25
VTA0081140,2022-11-24,11,2022,C03567,Ana Farías,Sur,Regular,V012,Rubén Marco Antonio Orta Ramos,Sur,P0111,Monitor Portátil 4K,Fotografía,6890.25,2.0,0.16,11575.62,41
VTA0081141,2022-11-11,11,2022,C01175,  Ing. Asunción Méndez  ,Sur,Premium,V027,Claudio Andrés Gómez Sosa,Sur,P0051,Funda iPhone 15 Pro,Accesorios,1250.98,1.0,0.16,1050.82,40
VTA0081142,2022-11-20,11,2022,C00194,Adela Claudia Melgar Niño,Oeste,Premium,V022,Bernardo Lemus Caballero,Oeste,P0095,SSD Samsung 980 Pro,gaming,2689.7,5.0,0.06,12641.59,28
VTA0081143,2022-11-12,11,2022,C04053,Dra. Helena Rodríguez,Centro,Premium,V031,  Bernabé César Salazar  ,Centro,P0003,Xiaomi 14 Pro,fotografia,24617.09,3.0,0.11,-65727.63,36
VTA0081144,21/11/2022,11,2022,C00042,  Helena María Eugenia Reynoso Briones  ,Sur,Regular,V018,Lic. Gilberto Castellanos,Sur,P0048,Skullcandy Crusher, Accesorios,3343.32,5.0,0.05,15880.77,44
VTA0081145,28/11/2022,11,2022,C00441,Andrea Irma Galindo,Centro,Premium,V046,Hermelinda Josefina Rodarte Bahena,Norte,P0062,Reloj Smartwatch Band,gaming,1317.45,1.0,0.03,1277.93,38
VTA0081146,2022-11-18,11,2022,C01226,Manuel Bernardo Hinojosa Almonte,Sur,Ocasional,V021,  Cristal Valdés Maya  ,Sur,P0004,Google Pixel 8,Celulares,5394.81,2.0,0.07,10034.35,34
VTA0081147,27/11/2022,11,2022,C01798,Ofelia Navarrete,Este,Regular,V010,Sra. Guadalupe Llamas,Este,P0066,Samsung Galaxy Tab S9,Tablets,12691.62,4.0,0.15,43151.51,24
VTA0081148,09/11/2022,11,2022,C03402,  Ing. Teodoro Rodríguez  ,Sur,Premium,V035,Estela Haro,Oeste,P0113,Alexa Echo Dot 5,Hogar Inteligente,10574.69,1.0,0.12,9305.73,20
VTA0081149,2022-11-13,11,2022,C00893,Alma Anel Riojas,Norte,Ocasional,V015,Joaquín Benavides Meza,Norte,P0121,Roomba j7 Plus,Hogar Inteligente,6744.62,2.0,0.09,12275.21,38
VTA0081150,07/11/2022,11,2022,C04724,  Alberto Gamez  ,Oeste,Premium,V047,  Estela Bianca Melgar Arias  ,Oeste,P0110,Reflector 5en1 80cm,Fotografía,14436.2,2.0,0.02,28294.95,26
VTA0081151,2022-11-20,11,2022,C04158,Dolores Eva Lozano Cedillo,Centro,Ocacional,V033,Jaime Gamez Maldonado,Centro,P0063,Pad Mouse XL Gaming,Accesorios,2050.8,2.0,0.09,3732.46,42
VTA0081152,08/11/2022,11,2022,C02949,Zacarías Olivera Verduzco,Sur,Premium,V020,Dr. Arturo Angulo,Sur,P0005,OnePlus 12,Celulares,5938.94,1.0,0.04,5701.38,40
VTA0081153,2022-11-17,11,2022,C00212,Leonor Meraz,Este,Regular,V049,Ing. María Teresa Bétancourt,Este,P0117,Cámara Nest Doorbell,Hogar Inteligente,10254.88,4.0,0.18,33636.01,34
VTA0081154,2022-11-27,11,2022,C03535,Gregorio Hernán Roldán,Oeste,Premium,V030,Gustavo Camilo Ochoa Gamboa,Oeste,P0123,Cerradura Yale Smart,Hogar Inteligente,8805.32,3.0,0.04,25359.32,29
VTA0081155,2022-11-25,11,2022,C03373,Jaime Valencia Vela,Norte,Regular,V020,Dr. Arturo Angulo,Sur,P0030,Lenovo IdeaPad 5,Laptops,40132.61,4.0,0.08,147688.0,21
VTA0081156,2022-11-24,11,2022,C04402,Lic. José Eduardo Valdez,Norte,Regular,V015,Joaquín Benavides Meza,Norte,P0032,ASUS VivoBook 16,Laptops,10378.34,1.0,0.17,8614.02,38
VTA0081157,2022-11-03,11,2022,C02038,Isabel Ana María de la Torre,Oeste,REGULAR,V050,José María Gustavo Beltrán,Oeste,P0061,Batería Portátil 20000,Accesorios,1761.57,2.0,0.14,3029.9,32
VTA0081158,2022-11-29,11,2022,C01055,,Centro,Premium,V033,Jaime Gamez Maldonado,Centro,P0018,Dell XPS 15,fotografia,40949.53,3.0,0.03,119163.13,40
VTA0081159,2022-11-30,11,2022,C01189,Dalia Raquel Carrillo Puente,Centro,Ocasional,V041,Srita. Nadia Casas,Centro,P0020,Lenovo ThinkPad X1,Laptops,24439.69,2.0,0.15,41547.47,42
VTA0081160,2022-11-11,11,2022,C04237,Marcela Barbara Vega Nieves,Norte,Premium,V004,Aurora Zelaya,Norte,P0079,Realme Pad 2,Tablets,9720.31,5.0,0.16,40825.3,20
VTA0081161,2022-11-03,11,2022,C00544,  Indira Pamela Becerra  ,Este,Ocasional,V032,Nelly Barela Cardenas,Este,P0025,Razer Blade 15,Laptops,30681.31,3.0,0.16,77316.9,44
VTA0081162,2022-11-11,11,2022,C00212,Leonor Meraz,Este,Regular,V022,Bernardo Lemus Caballero,Oeste,P0004,Google Pixel 8,Celulares,5194.5,5.0,0.14,22336.35,34
VTA0081163,12/11/2022,11,2022,C00452,Lic. Ricardo Alfaro,Centro,Regular,V044,Julia Esther Solorio,Centro,P0124,Sensor Movimiento Aqara,Hogar Inteligente,7595.96,5.0,0.01,37600.0,35
VTA0081164,2022-11-17,11,2022,C00385,Lic. Juan Quintana,Norte,Ocasional,V045,Marisela Vanesa Chapa Aranda,Norte,P0044,Anker Q45,Audio,6835.96,2.0,0.02,13398.48,23
VTA0081165,2022-11-13,11,2022,C04443,Dra. Ivonne Mora,Sur,ocasional,V021,  Cristal Valdés Maya  ,Sur,P0040,Jabra Elite 85h,Audio,2851.57,1.0,0.01,2823.05,38
VTA0081166,2022-11-06,11,2022,C03060,Ivonne Jaqueline Ferrer,Oeste,Premium,V039,Sr. Modesto Guillen,Oeste,P0038,Beats Studio Pro,Audio,2399.44,4.0,0.06,9021.89,39
VTA0081167,2022-11-12,11,2022,C02660,Ing. Rodrigo Roque,Oeste,Premium,V038,Violeta Itzel Benavídez,Oeste,P0033,Sony WH-1000XM5,Audio,7894.6,5.0,0.17,32762.59,25
VTA0081168,2022-11-19,11,2022,C00928,Armando Maximiliano Medrano,Este,Ocasional,V011,Clara Loera,Este,P0047,Bose SoundLink,Audio,3910.27,2.0,0.11,6960.28,44
VTA0081169,23/11/2022,11,2022,C01725,Josefina Esparta Aguilera,Centro,Ocasional,V017,Abraham Apodaca Colunga,Centro,P0084,Steam Deck 512GB,Gaming,11083.15,,0.07,51536.65,26
VTA0081170,2022-11-19,11,2022,C03456,Ivonne Yuridia Franco Briones,Sur,Ocacional,V021,  Cristal Valdés Maya  ,Sur,P0075,Samsung Galaxy Tab A9,Tablets,19395.18,1.0,0.13,-16873.81,35
VTA0081171,2022-11-24,11,2022,C03928,Hermelinda Guillermina Esquivel,Sur,Ocasional,V012,Rubén Marco Antonio Orta Ramos,Sur,P0051,Funda iPhone 15 Pro,Accesorios,1388.36,3.0,0.2,3332.06,40
VTA0081172,2022-11-25,11,2022,C03621,Antonia Miramontes,Este,Premium,V046,Hermelinda Josefina Rodarte Bahena,Norte,P0020,Lenovo ThinkPad X1,Laptops,25437.91,2.0,0.02,49858.3,42
VTA0081173,2022-11-25,11,2022,C01087,Lucía Bueno,Este,Regular,V049,Ing. María Teresa Bétancourt,Este,P0103,Lente Canon RF 50mm,Fotografía,15689.08,3.0,0.05,44713.88,31
VTA0081174,2022-11-06,11,2022,C00125,  Modesto Tamayo Cotto  ,Norte,Ocasional,V042,  Srita. Sandra Escamilla  ,Norte,P0021,ASUS ROG Zephyrus,Laptops,11923.94,4.0,0.16,40064.44,36
VTA0081175,2022-11-24,11,2022,C02319,  Amanda Feliciano Bernal  ,Este,Regular,V005,Aldo Adán Rodrígez Galarza,Este,P0007,Realme GT5,Celulares,15957.28,4.0,0.15,54254.75,39
VTA0081176,2022-11-15,11,2022,C02064,Berta Canales Barrientos,Este,Ocasional,V049,Ing. María Teresa Bétancourt,Este,P0103,Lente Canon RF 50mm,Fotografía,13553.04,3.0,0.15,34560.25,31
VTA0081177,2022-11-18,11,2022,C01286,Amalia Puente,Sur,Regular,V036,  Dr. Ignacio Aparicio  ,Sur,P0054,Mouse Logitech MX Master,Accesorios,1384.1,1.0,0.11,1231.85,25
VTA0081178,2022-11-11,11,2022,C03248,,Oeste,Premium,V035,Estela Haro,Oeste,P0001,iPhone 15 Pro,LAPTOPS,20035.39,1.0,0.16,16829.73,37
VTA0081179,2022-11-26,11,2022,C04064,Paola Jaramillo,Norte,Premium,V009,Amanda María José Bravo,Norte,P0031,Acer Aspire 7,Laptops,8664.48,1.0,0.09,7884.68,38
VTA0081180,01/11/2022,11,2022,C02009,Joaquín Bernabé Aguilar,Norte,Premium,V016,Octavio Mario Rincón Marín,Norte,P0020,Lenovo ThinkPad X1,audio ,23970.23,3.0,0.09,65438.73,42
VTA0081181,2022-11-15,11,2022,C03858,Ing. Aldo Sosa,Este,Premium,V005,Aldo Adán Rodrígez Galarza,Este,P0059,Audífonos USB-C,Accesorios,1675.89,5.0,0.01,8295.66,43
VTA0081182,2022-11-27,11,2022,C02914,María Teresa Lorena Ybarra Cazares,Norte,Ocasional,V016,Octavio Mario Rincón Marín,Norte,P0019,HP Spectre x360,Laptops,34631.9,4.0,0.13,120519.01,26
VTA0081183,15/11/2022,11,2022,C01559,Andrés Villalobos,Este,Regular,V032,Nelly Barela Cardenas,Este,P0098,Sony Alpha 7 IV,Fotografía,20168.79,4.0,0.15,68573.89,34
VTA0081184,2022-11-09,11,2022,C01372,Gabino José Carlos Villanueva Soliz,Oeste,REGULAR,V030,Gustavo Camilo Ochoa Gamboa,Oeste,P0046,JBL Flip 6,Audio,2652.67,3.0,0.0,7958.01,40
VTA0081185,2022-11-14,11,2022,C01468,Pablo José Luis Leiva,Este,Ocasional,V005,Aldo Adán Rodrígez Galarza,Este,P0103,Lente Canon RF 50mm,celulares,14635.74,5.0,0.0,73178.7,31
VTA0081186,2022-11-14,11,2022,C01096,Daniela Velásquez,Sur,Premiun,V027,Claudio Andrés Gómez Sosa,Sur,P0010,Huawei Pura 70,LAPTOPS,10666.68,1.0,0.15,9066.68,27
VTA0081187,2022-11-16,11,2022,C04762,Fidel Augusto Peña,Sur,REGULAR,V018,Lic. Gilberto Castellanos,Sur,P0120,Timbre Ring Video Pro,Hogar Inteligente,7654.24,,0.12,6735.73,21
VTA0081188,19/11/2022,11,2022,C00015,Ing. Ana María Jaime,Norte,Regular,V016,Octavio Mario Rincón Marín,Norte,P0081,PlayStation 5,Gaming,11054.91,1.0,0.08,-10170.52,46
VTA0081189,2022-11-16,11,2022,C02367,Gabriel Sergio Guevara,Centro,Ocasional,V028,Sofía Delia Gurule Cantú,Centro,P0089,Mouse Logitech G Pro X,Gaming,6584.39,4.0,0.02,-25810.81,45
VTA0081190,2022-11-19,11,2022,C03190,Mateo Ceballos Beltrán,Oeste,Regular,V038,Violeta Itzel Benavídez,Oeste,P0098,Sony Alpha 7 IV,Fotografía,18021.27,2.0,0.01,35682.11,34
VTA0081191,2022-11-01,11,2022,C02070,Dr. Emilio Archuleta,Sur,Ocasional,V035,Estela Haro,Oeste,P0078,Chuwi HiPad X,Tablets,13395.26,1.0,0.05,-12725.5,20
VTA0081192,2022-11-28,11,2022,C03246,Ana Rocío Fonseca,Centro,Ocasional,V048,Ivonne Véliz,Centro,P0103,Lente Canon RF 50mm, Accesorios,13684.18,5.0,0.15,58157.76,31
VTA0081193,29/11/2022,11,2022,C03900,Dolores Hermelinda Lugo Cortés,Sur,Premium,V016,Octavio Mario Rincón Marín,Norte,P0027,MacBook Air M2,Laptops,36049.03,2.0,0.0,72098.06,24
VTA0081194,2022-11-10,11,2022,C01396,Bernardo Alonso Serrano Samaniego,Norte,Ocacional,V046,Hermelinda Josefina Rodarte Bahena,Norte,P0021,ASUS ROG Zephyrus,audio ,11483.19,4.0,0.14,39502.17,36
VTA0081195,2022-11-01,11,2022,C03934,Julio César Pascual Posada,Centro,Regular,V048,Ivonne Véliz,Centro,P0047,Bose SoundLink,audio ,4377.6,5.0,0.1,19699.2,44
VTA0081196,2022-11-06,11,2022,C03713,  Eva Isabel Reyna  ,Centro,Regular,V048,Ivonne Véliz,Centro,P0081,PlayStation 5,Gaming,11068.62,5.0,0.11,49255.36,46
VTA0081197,2022-11-02,11,2022,C03691,Nadia Itzel Colunga Frías,Norte,Ocacional,V022,Bernardo Lemus Caballero,Oeste,P0105,Tripié Joby GorillaPod,Fotografía,9724.42,4.0,0.05,36952.8,41
VTA0081198,2022-11-19,11,2022,C04460,  Modesto Martín Abrego Acevedo  ,Sur,Ocasional,V024,Bernabé Guerra,Sur,P0077,Blackview Tab 16,Tablets,9854.12,2.0,0.1,17737.42,21
VTA0081199,2022-11-23,11,2022,C04662,  Lic. Fabiola Melgar  ,Este,Premium,V032,Nelly Barela Cardenas,Este,P0032,ASUS VivoBook 16,Laptops,10394.91,1.0,0.12,9147.52,38
VTA0081200,08/11/2022,11,2022,C02965,Rosa Rosa Nevárez Olmos,Sur,premiun,V019,Jacinto Rodrigo Salazar Rolón,Sur,P0019,HP Spectre x360,Laptops,37079.4,1.0,0.11,33000.67,26
VTA0081201,2022-11-24,11,2022,C02471,Vicente Madrigal,Centro,Regular,V031,  Bernabé César Salazar  ,Centro,P0086,Silla Gamer DXRacer,Gaming,20750.06,5.0,0.09,94412.77,26
VTA0081202,2022-11-24,11,2022,C01240,María Elena Claudia Salinas Peralta,Este,Premiun,V050,José María Gustavo Beltrán,Oeste,P0102,GoPro Hero 12,Fotografía,27529.36,2.0,0.08,50654.02,45
VTA0081203,2022-11-27,11,2022,C00950,Cristina Leticia Valencia Guerrero,Centro,Ocasional,V037,Victoria Caridad Concepción,Centro,P0061,Batería Portátil 20000,audio ,1753.38,2.0,0.12,3085.95,32
VTA0081204,2022-11-10,11,2022,C04661,Angélica María José Pérez,Este,Premiun,V011,Clara Loera,Este,P0054,Mouse Logitech MX Master,Accesorios,1280.03,2.0,0.01,2534.46,25
VTA0081205,27/11/2022,11,2022,C02531,Javier Abel Vanegas Cervántez,Centro,Ocasional,V006,  Dr. Evelio Murillo  ,Sur,P0047,Bose SoundLink,Audio,3924.31,5.0,0.2,15697.24,44
VTA0081206,16/11/2022,11,2022,C04458,  Yeni Lourdes Zamudio Olmos  ,Este,Premium,V032,Nelly Barela Cardenas,Este,P0096,Cooling Noctua NH-D15,Gaming,10020.15,3.0,0.09,27355.01,41
VTA0081207,2022-11-19,11,2022,C01817,Dr. Hernán Reynoso,Centro,Premium,V011,Clara Loera,Este,P0079,Realme Pad 2,Tablets,9730.83,1.0,0.03,-9438.91,20
VTA0081208,2022-11-06,11,2022,C03036,Ramiro Colón Chavarría,Sur,Ocacional,V018,Lic. Gilberto Castellanos,Sur,P0051,Funda iPhone 15 Pro,Accesorios,1348.17,4.0,0.11,4799.49,40
VTA0081209,2022-11-17,11,2022,C04762,Fidel Augusto Peña,Sur,ocasional,V019,Jacinto Rodrigo Salazar Rolón,Sur,P0035,Bose QC45,Audio,2582.01,3.0,0.14,6661.59,19
VTA0081210,2022-11-28,11,2022,C02031,Citlali Raquel Garica Serrano,Norte,Premium,V016,Octavio Mario Rincón Marín,Norte,P0081,PlayStation 5,Gaming,11092.92,3.0,0.05,31614.82,46
VTA0081211,2022-11-25,11,2022,C01682,Agustín Castañeda Carrasco,Sur,Regular,V001,Fernando Casares Jimínez,Oeste,P0116,Foco Philips Hue,Hogar Inteligente,3787.21,1.0,0.04,3635.72,44
VTA0081212,2022-11-04,11,2022,C03815,Reynaldo Renato Solís Serna,Centro,Premium,V037,Victoria Caridad Concepción,Centro,P0114,Google Nest Hub 2,Hogar Inteligente,5432.15,1.0,0.15,4617.33,45
VTA0081213,2022-11-24,11,2022,C04510,Sara Sosa,Este,Premium,V005,Aldo Adán Rodrígez Galarza,Este,P0119,Enchufe Inteligente TP,Hogar Inteligente,5016.41,3.0,0.06,14146.28,27
VTA0081214,19/11/2022,11,2022,C03760,Gabino Arredondo Segura,Norte,Ocasional,V042,  Srita. Sandra Escamilla  ,Norte,P0112,Estabilizador DJI OM6,audio ,14297.29,1.0,0.15,12152.7,33
VTA0081215,2022-11-26,11,2022,C01719,Wendolin Ana María Serrato García,Oeste,Premium,V026,Ing. Elias Valdivia,Oeste,P0005,OnePlus 12,Celulares,4991.62,4.0,0.14,17171.17,40
VTA0081216,03/11/2022,11,2022,C00214,Arturo José Eduardo Heredia Sotelo,Centro,premiun,V006,  Dr. Evelio Murillo  ,Sur,P0019,HP Spectre x360,Laptops,40748.73,1.0,0.01,40341.24,26
VTA0081217,2022-11-17,11,2022,C00511,Jacinto Lemus Rincón,Norte,Regular,V043,Homero Esquivel,Norte,P0039,Sennheiser HD 450,gaming,1029.13,2.0,0.08,1893.6,24
VTA0081218,2022-11-09,11,2022,C01847,Victoria Dueñas,Oeste,Ocasional,V026,Ing. Elias Valdivia,Oeste,P0021,ASUS ROG Zephyrus,Laptops,11855.87,3.0,0.01,35211.93,36
VTA0081219,2022-11-16,11,2022,C02378,Esther Ángela de la Crúz Parra,Centro,Premium,V017,Abraham Apodaca Colunga,Centro,P0060,Adaptador HDMI 4K,Accesorios,1110.6,4.0,0.03,4309.13,29
VTA0081220,2022-11-26,11,2022,C04282,Olivia Sanches,Este,Regular,V005,Aldo Adán Rodrígez Galarza,Este,P0059,Audífonos USB-C,audio ,1388.36,5.0,0.11,6178.2,43
VTA0081221,2022-11-03,11,2022,C03418,Lic. Adriana Quiñónez,Sur,Ocasional,V024,Bernabé Guerra,Sur,P0102,GoPro Hero 12,gaming,27496.27,3.0,0.01,81663.92,45
VTA0081222,2022-11-11,11,2022,C04647,  Ing. Marisol Valencia  ,Oeste,Premium,V014,Ofelia Miriam Negrón,Oeste,P0119,Enchufe Inteligente TP,Hogar Inteligente,4357.13,5.0,0.1,19607.09,27
VTA0081223,2022-11-05,11,2022,C00808,Vicente Rojo Villegas,Sur,Ocasional,V023,Fidel Negrete Domínguez,Sur,P0098,Sony Alpha 7 IV,hogar inteligente,19139.11,5.0,0.2,76556.44,34
VTA0081224,2022-11-19,11,2022,C03164,Catalina Amador,Este,Ocasional,V011,Clara Loera,Este,P0063,Pad Mouse XL Gaming,Accesorios,1775.13,2.0,0.08,3266.24,42
VTA0081225,05/11/2022,11,2022,C00463,Dr. Bernabé Tafoya,Norte,Regular,V046,Hermelinda Josefina Rodarte Bahena,Norte,P0127,Router WiFi 6 Mesh,Hogar Inteligente,5522.18,5.0,0.11,24573.7,44
VTA0081226,2022-11-01,11,2022,C00034,Leonel César Anguiano,Este,REGULAR,V005,Aldo Adán Rodrígez Galarza,Este,P0028,Dell Inspiron 15,Laptops,26846.7,2.0,0.17,44565.52,37
VTA0081227,2022-11-05,11,2022,C02697,Nancy Partida,Oeste,Premiun,V038,Violeta Itzel Benavídez,Oeste,P0082,Xbox Series X,hogar inteligente,11727.88,2.0,0.05,22282.97,30
VTA0081228,19/11/2022,11,2022,C02773,Lic. Paulina Arellano,Norte,Regular,V042,  Srita. Sandra Escamilla  ,Norte,P0041,Bang Olufsen H95,Audio,5642.32,1.0,0.18,4626.7,20
VTA0081229,2022-11-27,11,2022,C04057,Camila Alta  Gracia Orellana,Norte,REGULAR,V042,  Srita. Sandra Escamilla  ,Norte,P0045,Marshall Emberton III,Audio,7923.89,4.0,0.09,28842.96,22
VTA0081230,2022-11-21,11,2022,C01945,Karla Elsa Páez,Centro,Regular,V031,  Bernabé César Salazar  ,Centro,P0104,Flash Godox V1,Fotografía,16807.95,3.0,0.04,48406.9,40
VTA0081231,2022-11-28,11,2022,C01099,Delia Santacruz,Sur,REGULAR,V018,Lic. Gilberto Castellanos,Sur,P0114,Google Nest Hub 2,Hogar Inteligente,5460.63,3.0,0.19,13269.33,45
VTA0081232,2022-11-19,11,2022,C01342,Ignacio Salinas Tejada,Oeste,Ocasional,V031,  Bernabé César Salazar  ,Centro,P0113,Alexa Echo Dot 5,Hogar Inteligente,10311.79,2.0,0.12,18148.75,20
VTA0081233,2022-11-07,11,2022,C02690,Dr. Miguel Menéndez,Centro,Ocasional,V048,Ivonne Véliz,Centro,P0021,ASUS ROG Zephyrus,Laptops,12079.38,4.0,0.06,45418.47,36
VTA0081234,2022-11-05,11,2022,C02891,Elena Minerva Mascareñas,Oeste,premiun,V035,Estela Haro,Oeste,P0065,iPad Pro M2 12.9,Tablets,7438.24,4.0,0.02,29157.9,21
VTA0081235,2022-11-08,11,2022,C00160,Gregorio Óscar Roque,Sur,Premium,V026,Ing. Elias Valdivia,Oeste,P0100,Fujifilm X-T5,Fotografía,16993.27,,0.05,16143.61,42
VTA0081236,2022-11-21,11,2022,C03191,Srita. Violeta Centeno,Norte,Ocasional,V034,Rufino Rivera,Sur,P0112,Estabilizador DJI OM6,hogar inteligente,14979.15,4.0,0.07,55722.44,33
VTA0081237,2022-11-12,11,2022,C03716,Ing. María Elena Nájera,Norte,premiun,V004,Aurora Zelaya,Norte,P0025,Razer Blade 15,Laptops,29968.62,2.0,0.02,58738.5,44
VTA0081238,02/11/2022,11,2022,C03582,Cristian Mayorga López,Este,Regular,V032,Nelly Barela Cardenas,Este,P0111,Monitor Portátil 4K,fotografia,7109.06,4.0,0.01,28151.88,41
VTA0081239,2022-11-14,11,2022,C02371,Minerva Gloria Pelayo,Oeste,Regular,V007,Conchita Leticia Gastélum Corral,Oeste,P0081,PlayStation 5,Gaming,10424.43,1.0,0.19,8443.79,46
VTA0081240,2022-11-13,11,2022,C01754,Carolina Manzanares Hidalgo,Sur,Regular,V013,Alvaro Gaona Ocasio,Sur,P0098,Sony Alpha 7 IV,gaming,20217.44,4.0,0.18,66313.2,34
VTA0081241,2022-11-13,11,2022,C02581,Julia Arteaga,Centro,ocasional,V032,Nelly Barela Cardenas,Este,P0111,Monitor Portátil 4K,Fotografía,6408.32,3.0,0.1,17302.46,41
VTA0081242,12/11/2022,11,2022,C04182,Luis Miguel Curiel,Norte,Regular,V004,Aurora Zelaya,Norte,P0071,ASUS Zenpad 3S,Tablets,13285.19,5.0,0.17,55133.54,20
VTA0081243,2022-11-29,11,2022,C01738,Abigail Duarte,Centro,ocasional,V031,  Bernabé César Salazar  ,Centro,P0087,Headset HyperX Cloud III,Gaming,2105.0,3.0,0.12,5557.2,38
VTA0081244,2022-11-05,11,2022,C04308,  Ana Luisa Patricia Peralta Carranza  ,Oeste,premiun,V038,Violeta Itzel Benavídez,Oeste,P0118,Termostato Nest 3,Hogar Inteligente,1436.79,3.0,0.01,4267.27,30
VTA0081245,2022-11-29,11,2022,C01526,Georgina Elvia Gollum Caballero,Oeste,Regular,V022,Bernardo Lemus Caballero,Oeste,P0061,Batería Portátil 20000,Accesorios,1878.98,3.0,0.15,4791.4,32
VTA0081246,2022-11-05,11,2022,C02751,Oswaldo Óliver Tapia,Norte,Ocasional,V042,  Srita. Sandra Escamilla  ,Norte,P0080,Honor Pad 8,hogar inteligente,9689.71,4.0,0.15,32945.01,19
VTA0081247,2022-11-29,11,2022,C00086,Claudia Esmeralda Melgar Reyes,Oeste,Premium,V004,Aurora Zelaya,Norte,P0004,Google Pixel 8,Celulares,5158.11,5.0,0.03,25016.83,34
VTA0081248,2022-11-05,11,2022,C02498,Hernán Horacio Raya,Oeste,Ocasional,V036,  Dr. Ignacio Aparicio  ,Sur,P0124,Sensor Movimiento Aqara,Hogar Inteligente,7040.77,2.0,0.04,13518.28,35
VTA0081249,2022-11-17,11,2022,C04441,Marcos Robles,Este,premiun,V011,Clara Loera,Este,P0115,Apple HomePod Mini,Hogar Inteligente,7722.59,5.0,0.15,32821.01,46
VTA0081250,2022-11-22,11,2022,C03726,Ing. Mariano de la Garza,Sur,Premium,V006,  Dr. Evelio Murillo  ,Sur,P0090,Control Xbox Elite 2,Gaming,26934.62,3.0,0.03,78379.74,40
VTA0081251,24/11/2022,11,2022,C03480,Mónica Itzel Rubio Ureña,Sur,ocasional,V021,  Cristal Valdés Maya  ,Sur,P0067,iPad Air M1,Tablets,17673.5,3.0,0.07,49309.06,39
VTA0081252,2022-11-19,11,2022,C01823,Natalia Lugo,Este,Premiun,V038,Violeta Itzel Benavídez,Oeste,P0094,RAM Corsair 32GB,Gaming,19284.84,3.0,0.15,49176.34,26
VTA0081253,2022-11-02,11,2022,C04390,Luis Manuel Lerma,Norte,Premium,V029,Francisco Ballesteros,Norte,P0025,Razer Blade 15,LAPTOPS,27532.78,4.0,0.07,102421.94,44
VTA0081254,2022-11-16,11,2022,C03436,Patricio Eloy de León Cordero,Centro,Premium,V026,Ing. Elias Valdivia,Oeste,P0114,Google Nest Hub 2,Hogar Inteligente,5420.02,2.0,0.12,9539.24,45
VTA0081255,2022-11-09,11,2022,C01843,María Eugenia Leiva,Sur,Premiun,V019,Jacinto Rodrigo Salazar Rolón,Sur,P0090,Control Xbox Elite 2,Gaming,29160.84,3.0,0.05,83108.39,40
VTA0081256,2022-11-22,11,2022,C02192,Ing. Alfredo Pizarro,Oeste,REGULAR,V046,Hermelinda Josefina Rodarte Bahena,Norte,P0098,Sony Alpha 7 IV,Fotografía,19085.69,1.0,0.02,18703.98,34
VTA0081257,2022-11-22,11,2022,C02825,Lic. Cynthia Aparicio,Sur,Regular,V018,Lic. Gilberto Castellanos,Sur,P0021,ASUS ROG Zephyrus,Laptops,11875.32,3.0,0.11,31707.1,36
VTA0081258,2022-11-11,11,2022,C04725,Cecilia Alma Medina,Centro,Premium,V028,Sofía Delia Gurule Cantú,Centro,P0096,Cooling Noctua NH-D15,Gaming,10276.4,5.0,0.16,43160.88,41
VTA0081259,2022-11-29,11,2022,C04958,Germán Castillo,Centro,Regular,V033,Jaime Gamez Maldonado,Centro,P0094,RAM Corsair 32GB,Gaming,15966.18,1.0,0.06,15008.21,26
VTA0081260,26/11/2022,11,2022,C02057,Zeferino Herrera,Este,Regular,V005,Aldo Adán Rodrígez Galarza,Este,P0031,Acer Aspire 7,Laptops,8071.46,1.0,0.18,6618.6,38
VTA0081261,2022-11-19,11,2022,C01963,  Sonia Sara Saldaña  ,Centro,Regular,V048,Ivonne Véliz,Centro,P0064,Limpiador Pantallas Kit,Accesorios,1374.35,1.0,0.08,1264.4,44
VTA0081262,2022-11-25,11,2022,C02031,Citlali Raquel Garica Serrano,Norte,REGULAR,V039,Sr. Modesto Guillen,Oeste,P0127,Router WiFi 6 Mesh,Hogar Inteligente,5078.27,3.0,0.14,13101.94,44
VTA0081263,2022-11-26,11,2022,C02624,Socorro Sessa Valverde,Sur,Ocasional,V036,  Dr. Ignacio Aparicio  ,Sur,P0002,Samsung Galaxy S24,Celulares,8477.59,2.0,0.03,-16446.52,19
VTA0081264,2022-11-25,11,2022,C00804,Renato Mariano Lucio,Sur,Ocasional,V031,  Bernabé César Salazar  ,Centro,P0003,Xiaomi 14 Pro,Celulares,23355.55,3.0,0.04,67263.98,36
VTA0081265,2022-11-25,11,2022,C00619,Ángel Víctor Villagómez Santacruz,Este,Regular,V032,Nelly Barela Cardenas,Este,P0006,Motorola Edge 50,Celulares,7652.89,2.0,0.01,15152.72,32
VTA0081266,2022-11-11,11,2022,C03559,René Piña,Sur,Ocasional,V025,Manuel Gerónimo Armas,Sur,P0114,Google Nest Hub 2,Hogar Inteligente,5845.47,1.0,0.12,5144.01,45
VTA0081267,12/11/2022,11,2022,C01587,Eugenio Felipe Girón Terán,Centro,Premiun,V044,Julia Esther Solorio,Centro,P0045,Marshall Emberton III,Audio,8217.43,3.0,0.11,21940.54,22
VTA0081268,2022-11-26,11,2022,C01739,  Lic. Cynthia Alejandro  ,Sur,Regular,V027,Claudio Andrés Gómez Sosa,Sur,P0108,Batería Canon LP-E6,Fotografía,16022.93,5.0,0.15,68097.45,32
VTA0081269,2022-11-21,11,2022,C02540,Delia Durán Toledo,Este,Premium,V010,Sra. Guadalupe Llamas,Este,P0081,PlayStation 5,Gaming,10589.5,1.0,0.06,9954.13,46
VTA0081270,22/11/2022,11,2022,C01699,Delia Florencia Lucio Pizarro,Sur,Premium,V020,Dr. Arturo Angulo,Sur,P0082,Xbox Series X,Gaming,11606.26,1.0,0.13,10097.45,30
VTA0081271,2022-11-08,11,2022,C03902,Abril Inés Madrigal,Este,Premium,V049,Ing. María Teresa Bétancourt,Este,P0012,Samsung A55,Celulares,19543.2,2.0,0.12,34396.03,36
VTA0081272,2022-11-06,11,2022,C01736,  Lilia Beatriz Báez  ,Norte,Ocacional,V016,Octavio Mario Rincón Marín,Norte,P0037,JBL Charge 5,Audio,7753.76,4.0,0.2,24812.03,21
VTA0081273,2022-11-13,11,2022,C00649,Óscar Rodríquez Ramírez,Centro,Premiun,V037,Victoria Caridad Concepción,Centro,P0011,iPhone 14,Celulares,9065.63,3.0,0.2,21757.51,43
VTA0081274,24/11/2022,11,2022,C02966,Dr. Teodoro Garay,Sur,Regular,V021,  Cristal Valdés Maya  ,Sur,P0063,Pad Mouse XL Gaming,Accesorios,1964.94,4.0,0.14,6759.39,42
VTA0081275,2022-11-01,11,2022,C02207,Olivia Padilla,Norte,Regular,V046,Hermelinda Josefina Rodarte Bahena,Norte,P0072,Huawei MatePad Pro,Tablets,16722.97,2.0,0.08,30770.26,43
VTA0081276,2022-11-17,11,2022,C00158,Dulce Colunga,Centro,ocasional,V041,Srita. Nadia Casas,Centro,P0043,Sony WF-1000XM5,Audio,4236.87,2.0,0.08,7795.84,25
VTA0081277,2022-11-16,11,2022,C04312,Berta Beltrán Badillo,Sur,Regular,V025,Manuel Gerónimo Armas,Sur,P0029,HP Pavilion 15, Accesorios,9897.3,3.0,0.08,27316.55,24
VTA0081278,2022-11-15,11,2022,C02768,Jesús Valadez Tijerina,Norte,Ocasional,V046,Hermelinda Josefina Rodarte Bahena,Norte,P0050,Cable USB-C 2m,Accesorios,1545.05,2.0,0.18,2533.88,32
VTA0081279,21/11/2022,11,2022,C00762,José Manuél Nava,Sur,Ocasional,V034,Rufino Rivera,Sur,P0004,Google Pixel 8,Celulares,4976.18,1.0,0.08,4578.09,34
VTA0081280,12/11/2022,11,2022,C01499,Dr. Abel Fierro,Este,Regular,V032,Nelly Barela Cardenas,Este,P0066,Samsung Galaxy Tab S9,Tablets,12021.82,3.0,0.15,30655.64,24
VTA0081281,2022-11-18,11,2022,C01918,Oswaldo Nava Montalvo,Centro,Ocasional,V031,  Bernabé César Salazar  ,Centro,P0064,Limpiador Pantallas Kit,Accesorios,1397.11,4.0,0.1,5029.6,44
VTA0081282,2022-11-01,11,2022,C00682,Daniela Rosalia Mares,Centro,Premiun,V028,Sofía Delia Gurule Cantú,Centro,P0120,Timbre Ring Video Pro,Hogar Inteligente,8612.21,5.0,0.16,36171.28,21
VTA0081283,2022-11-14,11,2022,C00272,Eva Arellano,Este,premiun,V010,Sra. Guadalupe Llamas,Este,P0080,Honor Pad 8,Tablets,9095.08,3.0,0.0,27285.24,19
VTA0081284,2022-11-28,11,2022,C03078,Pablo Elias Ozuna Olvera,Oeste,Ocasional,V014,Ofelia Miriam Negrón,Oeste,P0067,iPad Air M1,Tablets,15743.32,2.0,0.0,31486.64,39
VTA0081285,2022-11-27,11,2022,C02155,Lic. Cristobal Correa,Norte,Premium,V009,Amanda María José Bravo,Norte,P0028,Dell Inspiron 15,Laptops,26765.36,1.0,0.09,24356.48,37
VTA0081286,2022-11-11,11,2022,C02796,María Teresa Sonia Pacheco Cano,Oeste,Regular,V024,Bernabé Guerra,Sur,P0034,AirPods Pro 2,Audio,1393.56,5.0,0.2,5574.24,27
VTA0081287,2022-11-18,11,2022,C03870,  Homero Berríos  ,Oeste,Premium,V038,Violeta Itzel Benavídez,Oeste,P0120,Timbre Ring Video Pro,Hogar Inteligente,8678.0,5.0,0.11,38617.1,21
VTA0081288,2022-11-20,11,2022,C01796,Dra. María Eugenia Chávez,Oeste,Regular,V001,Fernando Casares Jimínez,Oeste,P0041,Bang Olufsen H95,Audio,6123.92,2.0,0.11,10900.58,20
VTA0081289,2022-11-24,11,2022,C04928,Gustavo Jesús del Valle Toro,Oeste,REGULAR,V042,  Srita. Sandra Escamilla  ,Norte,P0074,iPad Mini 6,Tablets,17499.65,1.0,0.01,17324.65,31
VTA0081290,2022-11-01,11,2022,C04293,Ing. Diego Castellanos,Centro,Regular,V033,Jaime Gamez Maldonado,Centro,P0008,OPPO Find X7,Celulares,20668.64,2.0,0.16,34723.32,26
VTA0081291,2022-11-19,11,2022,C04722,Gerónimo Zapata Briones,Norte,Ocasional,V024,Bernabé Guerra,Sur,P0043,Sony WF-1000XM5,Audio,4465.26,1.0,0.03,4331.3,25
VTA0081292,2022-11-26,11,2022,C04874,María del Carmen Corona,Este,Regular,V005,Aldo Adán Rodrígez Galarza,Este,P0123,Cerradura Yale Smart,Hogar Inteligente,9192.36,1.0,0.0,9192.36,29
VTA0081293,14/11/2022,11,2022,C01161,,Centro,Ocasional,V038,Violeta Itzel Benavídez,Oeste,P0020,Lenovo ThinkPad X1,Laptops,25397.57,4.0,0.04,97526.67,42
VTA0081294,2022-11-17,11,2022,C04798,Dra. Bianca Nieto,Norte,Ocasional,V046,Hermelinda Josefina Rodarte Bahena,Norte,P0089,Mouse Logitech G Pro X,Gaming,7372.84,3.0,0.11,19685.48,45
VTA0081295,2022-11-19,11,2022,C00967,  Indira Yuridia Garica Alfaro  ,Sur,Ocasional,V012,Rubén Marco Antonio Orta Ramos,Sur,P0085,Monitor LG 27GP950,Gaming,16743.22,1.0,0.16,14064.3,43
VTA0081296,2022-11-04,11,2022,C01814,Benito Porfirio Porras Velázquez,Sur,Ocasional,V024,Bernabé Guerra,Sur,P0036,Samsung Galaxy Buds2,Audio,6415.05,4.0,0.18,21041.36,43
VTA0081297,21/11/2022,11,2022,C02504,Eva Díaz,Norte,Ocasional,V043,Homero Esquivel,Norte,P0092,Micrófono Blue Yeti,Gaming,12638.14,3.0,0.18,31089.82,47
VTA0081298,2022-11-28,11,2022,C02436,,Este,Regular,V032,Nelly Barela Cardenas,Este,P0068,Lenovo Tab P12,Tablets,13272.62,4.0,0.05,50435.96,21
VTA0081299,15/11/2022,11,2022,C01341,Juana Borrego Quiñones,Oeste,Ocasional,V028,Sofía Delia Gurule Cantú,Centro,P0099,Nikon Z6 III,Fotografía,29290.9,4.0,0.12,103103.97,21
VTA0081300,2022-11-16,11,2022,C02908,Florencia Cortez Carrero,Oeste,Premium,V014,Ofelia Miriam Negrón,Oeste,P0120,Timbre Ring Video Pro,Hogar Inteligente,7852.37,5.0,0.02,38476.61,21
VTA0081301,2022-11-03,11,2022,C02421,María Luisa Feliciano Carranza,Sur,Ocasional,V024,Bernabé Guerra,Sur,P0012,Samsung A55,Celulares,22107.42,3.0,0.04,63669.37,36
VTA0081302,2022-11-11,11,2022,C01495,Octavio Carlos Guzmán Acosta,Centro,Premium,V048,Ivonne Véliz,Centro,P0072,Huawei MatePad Pro,gaming,18769.12,5.0,0.11,83522.58,43
VTA0081303,2022-11-05,11,2022,C03108,Manuel Guillermo Ordóñez Palacios,Norte,Premium,V009,Amanda María José Bravo,Norte,P0026,MSI Prestige 16,Laptops,9415.94,1.0,0.18,7721.07,44
VTA0081304,2022-11-29,11,2022,C01255,Berta Yuridia Alvarado,Norte,Regular,V029,Francisco Ballesteros,Norte,P0008,OPPO Find X7,Celulares,19235.53,4.0,0.02,75403.28,26
VTA0081305,2022-11-02,11,2022,C03166,Ing. María Elena Naranjo,Este,REGULAR,V049,Ing. María Teresa Bétancourt,Este,P0030,Lenovo IdeaPad 5,Laptops,38632.2,1.0,0.11,34382.66,21
VTA0081306,09/11/2022,11,2022,C00551,Óscar Santiago Cedillo,Sur,Premium,V036,  Dr. Ignacio Aparicio  ,Sur,P0116,Foco Philips Hue,Hogar Inteligente,4510.71,3.0,0.07,12584.88,44
VTA0081307,2022-11-24,11,2022,C03014,Martín Henríquez,Norte,Regular,V002,Nelly Marrero Ortiz,Norte,P0011,iPhone 14,tablets,10773.56,1.0,0.03,10450.35,43
VTA0081308,2022-11-04,11,2022,C03515,Dr. Alfonso Rodríguez,Oeste,Regular,V022,Bernardo Lemus Caballero,Oeste,P0068,Lenovo Tab P12,Tablets,14813.34,5.0,0.1,66660.03,21
VTA0081309,2022-11-26,11,2022,C00733,Alejandra Trinidad Zelaya,Sur,Ocasional,V019,Jacinto Rodrigo Salazar Rolón,Sur,P0083,Nintendo Switch OLED,Gaming,14407.53,1.0,0.17,11958.25,39
VTA0081310,2022-11-16,11,2022,C00952,Noemí Saucedo,Este,Regular,V034,Rufino Rivera,Sur,P0043,Sony WF-1000XM5,Audio,4508.5,4.0,0.01,17853.66,25
VTA0081311,2022-11-30,11,2022,C04047,Socorro Fonseca,Este,Premium,V034,Rufino Rivera,Sur,P0035,Bose QC45,Audio,2512.5,3.0,0.08,-6934.5,19
VTA0081312,2022-11-06,11,2022,C01562,Claudia Virginia Ojeda Osorio,Este,Premium,V043,Homero Esquivel,Norte,P0029,HP Pavilion 15,Laptops,9217.94,2.0,0.16,15486.14,24
VTA0081313,2022-11-16,11,2022,C01383,Tomás Genaro Pacheco,Sur,Premium,V012,Rubén Marco Antonio Orta Ramos,Sur,P0018,Dell XPS 15,Laptops,35822.76,3.0,0.11,95646.77,40
VTA0081314,2022-11-10,11,2022,C04140,Ofelia Nayeli Valencia Matías,Este,Premium,V026,Ing. Elias Valdivia,Oeste,P0060,Adaptador HDMI 4K,Accesorios,1149.87,5.0,0.08,5289.4,29
VTA0081315,2022-11-07,11,2022,C04398,Lic. Francisco Javier Padilla,Este,Ocasional,V032,Nelly Barela Cardenas,Este,P0025,Razer Blade 15,Laptops,30966.02,2.0,0.02,60693.4,44
VTA0081316,2022-11-25,11,2022,C00662,Angélica Mondragón García,Sur,Ocasional,V025,Manuel Gerónimo Armas,Sur,P0084,Steam Deck 512GB,LAPTOPS,11627.89,1.0,0.16,9767.43,26
VTA0081317,2022-11-24,11,2022,C00247,Clara Blanco,Norte,Regular,V042,  Srita. Sandra Escamilla  ,Norte,P0067,iPad Air M1,Tablets,17906.23,1.0,0.15,15220.3,39
VTA0081318,16/11/2022,11,2022,C00271,Oswaldo José Carlos Palomo Mora,Centro,REGULAR,V028,Sofía Delia Gurule Cantú,Centro,P0042,Audio Technica ATH,Audio,6724.88,3.0,0.19,16341.46,31
VTA0081319,08/11/2022,11,2022,C02608,Amador García Lemus,Norte,Premium,V015,Joaquín Benavides Meza,Norte,P0067,iPad Air M1,Tablets,17839.14,1.0,0.08,16412.01,39
VTA0081320,2022-11-12,11,2022,C03166,Ing. María Elena Naranjo,Este,REGULAR,V049,Ing. María Teresa Bétancourt,Este,P0050,Cable USB-C 2m,Accesorios,1503.9,1.0,0.19,1218.16,32
VTA0081321,2022-11-09,11,2022,C03012,Ofelia Noemí Ávalos Maya,Este,Regular,V011,Clara Loera,Este,P0016,Tecno Spark 20,Celulares,15769.38,2.0,0.16,26492.56,20
VTA0081322,2022-11-24,11,2022,C00930,  Karla Mayte Herrera  ,Este,Premium,V032,Nelly Barela Cardenas,Este,P0113,Alexa Echo Dot 5,Hogar Inteligente,10282.68,1.0,0.15,8740.28,20
VTA0081323,2022-11-09,11,2022,C04642,Dr. Oswaldo Pineda,Centro,Ocasional,V033,Jaime Gamez Maldonado,Centro,P0110,Reflector 5en1 80cm,Fotografía,15234.72,1.0,0.17,12644.82,26
VTA0081324,2022-11-22,11,2022,C02881,Benito Castillo,Este,Regular,V011,Clara Loera,Este,P0068,Lenovo Tab P12,Tablets,14247.94,3.0,0.11,38042.0,21
VTA0081325,10/11/2022,11,2022,C00241,Caridad Ibarra,Norte,Premiun,V004,Aurora Zelaya,Norte,P0126,Proyector BenQ 4K,Hogar Inteligente,7750.23,3.0,0.02,22785.68,35
VTA0081326,2022-11-13,11,2022,C02756,  Citlali Valle Tapia  ,Centro,Premium,V037,Victoria Caridad Concepción,Centro,P0040,Jabra Elite 85h,Audio,3132.79,5.0,0.18,12844.44,38
VTA0081327,15/11/2022,11,2022,C00975,Wilfrido Juan Carlos Llamas Acosta,Sur,Regular,V024,Bernabé Guerra,Sur,P0060,Adaptador HDMI 4K,Accesorios,1091.47,1.0,0.04,1047.81,29
VTA0081328,2022-11-19,11,2022,C04391,Dra. Zoé Roque,Centro,Premium,V044,Julia Esther Solorio,Centro,P0089,Mouse Logitech G Pro X,Gaming,6716.26,2.0,0.05,12760.89,45
VTA0081329,2022-11-10,11,2022,C04177,Claudio Fajardo,Este,Regular,V012,Rubén Marco Antonio Orta Ramos,Sur,P0103,Lente Canon RF 50mm,Fotografía,14697.32,2.0,0.15,24985.44,31
VTA0081330,2022-11-28,11,2022,C00872,Alvaro Granado Treviño,Centro,Premium,V017,Abraham Apodaca Colunga,Centro,P0088,Teclado Razer Huntsman,Gaming,22630.69,5.0,0.09,102969.64,44
VTA0081331,2022-11-11,11,2022,C00739,Dr. Rodolfo Figueroa,Oeste,Regular,V039,Sr. Modesto Guillen,Oeste,P0013,Xiaomi Redmi Note 13,Celulares,13436.92,2.0,0.1,24186.46,30
VTA0081332,06/11/2022,11,2022,C04360,  Ing. Leonor Naranjo  ,Norte,Ocasional,V009,Amanda María José Bravo,Norte,P0053,Hub USB-C 7en1,Accesorios,394.42,2.0,0.02,773.06,20
VTA0081333,2022-11-06,11,2022,C03964,Patricia María del Carmen Aguilera,Este,Premium,V049,Ing. María Teresa Bétancourt,Este,P0043,Sony WF-1000XM5,Audio,4008.44,5.0,0.02,19641.36,25
VTA0081334,2022-11-28,11,2022,C02388,Abraham Candelaria Soria,Sur,Regular,V023,Fidel Negrete Domínguez,Sur,P0097,Canon EOS R6 Mark II,Fotografía,29647.7,1.0,0.02,29054.75,38
VTA0081335,2022-11-11,11,2022,C04475,Bernabé Esteban Bernal,Este,Premiun,V049,Ing. María Teresa Bétancourt,Este,P0011,iPhone 14,Celulares,10266.35,3.0,0.15,26179.19,43
VTA0081336,21/11/2022,11,2022,C03379,Lic. Pedro Rosado,Este,Regular,V022,Bernardo Lemus Caballero,Oeste,P0088,Teclado Razer Huntsman,Gaming,24365.08,3.0,0.12,64323.81,44
VTA0081337,2022-11-01,11,2022,C03535,Gregorio Hernán Roldán,Oeste,Premium,V007,Conchita Leticia Gastélum Corral,Oeste,P0046,JBL Flip 6,Audio,2392.44,1.0,0.19,1937.88,40
VTA0081338,2022-11-25,11,2022,C04665,Ing. Silvia Carranza,Centro,Premium,V017,Abraham Apodaca Colunga,Centro,P0114,Google Nest Hub 2,Hogar Inteligente,5838.14,1.0,0.06,5487.85,45
VTA0081339,2022-11-14,11,2022,C00375,Hermelinda Alta  Gracia Enríquez,Sur,ocasional,V020,Dr. Arturo Angulo,Sur,P0079,Realme Pad 2,Tablets,8810.33,2.0,0.01,17444.45,20
VTA0081340,03/11/2022,11,2022,C02036,  Ing. Helena Cisneros  ,Oeste,Ocasional,V047,  Estela Bianca Melgar Arias  ,Oeste,P0061,Batería Portátil 20000,Accesorios,1880.64,1.0,0.01,1861.83,32
VTA0081341,14/11/2022,11,2022,C03342,Felix Emiliano Luna,Sur,Regular,V024,Bernabé Guerra,Sur,P0104,Flash Godox V1,Fotografía,16286.88,5.0,0.1,73290.96,40
VTA0081342,2022-11-07,11,2022,C00844,Lic. Octavio Yáñez,Sur,Ocacional,V025,Manuel Gerónimo Armas,Sur,P0047,Bose SoundLink,Audio,3927.61,5.0,0.2,15710.44,44
VTA0081343,12/11/2022,11,2022,C00209,Patricio Teodoro Gollum Dávila,Norte,Premium,V015,Joaquín Benavides Meza,Norte,P0053,Hub USB-C 7en1,Accesorios,401.8,1.0,0.05,381.71,20
VTA0081344,07/11/2022,11,2022,C02389,Sra. Florencia Acosta,Centro,Ocasional,V037,Victoria Caridad Concepción,Centro,P0006,Motorola Edge 50,Celulares,8503.05,2.0,0.1,15305.49,32
VTA0081345,2022-11-04,11,2022,C02911,José Valenzuela,Centro,Ocacional,V010,Sra. Guadalupe Llamas,Este,P0019,HP Spectre x360,Laptops,38977.04,1.0,0.11,34689.57,26
VTA0081346,2022-11-27,11,2022,C00227,José Delgado Cardona,Este,Premium,V005,Aldo Adán Rodrígez Galarza,Este,P0091,Capturadora Elgato 4K,Gaming,1369.37,1.0,0.01,1355.68,25
VTA0081347,2022-11-06,11,2022,C01368,Virginia Cristal Moya,Este,Regular,V005,Aldo Adán Rodrígez Galarza,Este,P0103,Lente Canon RF 50mm,Fotografía,14336.37,3.0,0.16,36127.65,31
VTA0081348,12/11/2022,11,2022,C00462,Lic. Rebeca Hernádez,Centro,REGULAR,V044,Julia Esther Solorio,Centro,P0123,Cerradura Yale Smart,Hogar Inteligente,8102.12,3.0,0.01,24063.3,29
VTA0081349,2022-11-28,11,2022,C04855,Jerónimo Serna,Centro,Ocasional,V013,Alvaro Gaona Ocasio,Sur,P0033,Sony WH-1000XM5,Audio,7318.68,5.0,0.05,34763.73,25
VTA0081350,2022-11-03,11,2022,C00135,  Rufino Rodríguez  ,Centro,Premium,V017,Abraham Apodaca Colunga,Centro,P0017,MacBook Pro M3,Laptops,12934.68,1.0,0.01,12805.33,43
VTA0081351,2022-11-22,11,2022,C04100,  Vicente Vicente Tejada Muro  ,Oeste,Ocasional,V037,Victoria Caridad Concepción,Centro,P0032,ASUS VivoBook 16,Laptops,10393.25,3.0,0.08,28685.37,38
VTA0081352,2022-11-25,11,2022,C03715,Martín Rendón Carmona,Sur,Ocasional,V036,  Dr. Ignacio Aparicio  ,Sur,P0029,HP Pavilion 15,Laptops,9061.66,3.0,0.05,25825.73,24
VTA0081353,2022-11-04,11,2022,C04752,María Luisa Sandoval Madrigal,Oeste,Premium,V022,Bernardo Lemus Caballero,Oeste,P0099,Nikon Z6 III,Fotografía,27097.2,5.0,0.03,131421.42,21
VTA0081354,2022-11-24,11,2022,C02039,Ing. Ángel Aguilar,Norte,Regular,V004,Aurora Zelaya,Norte,P0047,Bose SoundLink,gaming,4063.89,4.0,0.14,13979.78,44
VTA0081355,21/11/2022,11,2022,C04388,Ivonne Nelly Sanabria,Norte,Regular,V050,José María Gustavo Beltrán,Oeste,P0100,Fujifilm X-T5,Fotografía,16833.65,2.0,0.12,29627.22,42
VTA0081356,2022-11-12,11,2022,C02487,Pilar Sandra Matías,Centro,Regular,V044,Julia Esther Solorio,Centro,P0025,Razer Blade 15,Laptops,29390.38,1.0,0.08,27039.15,44
VTA0081357,2022-11-17,11,2022,C01809,Salvador Jaime Rodríguez,Este,Regular,V011,Clara Loera,Este,P0117,Cámara Nest Doorbell,Hogar Inteligente,9788.3,1.0,0.16,8222.17,34
VTA0081358,2022-11-02,11,2022,C03046,Emilio Lorenzo Beltrán,Oeste,Premiun,V047,  Estela Bianca Melgar Arias  ,Oeste,P0029,HP Pavilion 15, Accesorios,9802.89,3.0,0.12,25879.63,24
VTA0081359,2022-11-09,11,2022,C00913,Dra. Carolina Quiñones,Norte,Regular,V042,  Srita. Sandra Escamilla  ,Norte,P0054,Mouse Logitech MX Master,Accesorios,1246.01,1.0,0.06,1171.25,25
VTA0081360,2022-11-10,11,2022,C03443,Violeta Diana Palomo,Centro,Premium,V044,Julia Esther Solorio,Centro,P0062,Reloj Smartwatch Band,hogar inteligente,1378.49,5.0,0.05,6547.83,38
VTA0081361,2022-11-09,11,2022,C01617,Mónica Nieto Contreras,Norte,Ocasional,V045,Marisela Vanesa Chapa Aranda,Norte,P0050,Cable USB-C 2m,Accesorios,1441.64,2.0,0.13,2508.45,32
VTA0081362,2022-11-27,11,2022,C00642,Carla Collado,Sur,REGULAR,V044,Julia Esther Solorio,Centro,P0034,AirPods Pro 2,Audio,1301.16,2.0,0.05,2472.2,27
VTA0081363,2022-11-28,11,2022,C00342,Débora Collazo,Centro,Regular,V028,Sofía Delia Gurule Cantú,Centro,P0077,Blackview Tab 16,Tablets,9553.68,5.0,0.05,45379.98,21
VTA0081364,2022-11-27,11,2022,C04344,Ing. Federico Garrido,Este,Premium,V049,Ing. María Teresa Bétancourt,Este,P0093,GPU RTX 4070 Ti,Gaming,26172.59,5.0,0.08,120393.91,29
VTA0081365,2022-11-23,11,2022,C01123,,Sur,premiun,V021,  Cristal Valdés Maya  ,Sur,P0105,Tripié Joby GorillaPod,Fotografía,10631.99,2.0,0.07,19775.5,41
VTA0081366,2022-11-24,11,2022,C03928,Hermelinda Guillermina Esquivel,Sur,Ocasional,V025,Manuel Gerónimo Armas,Sur,P0018,Dell XPS 15,Laptops,40437.69,4.0,0.05,153663.22,40
VTA0081367,2022-11-24,11,2022,C04689,Srita. Inés Rosario,Centro,Regular,V046,Hermelinda Josefina Rodarte Bahena,Norte,P0111,Monitor Portátil 4K,Fotografía,6160.67,4.0,0.14,21192.7,41
VTA0081368,2022-11-07,11,2022,C00853,  Dra. Nelly Rascón  ,Sur,Regular,V023,Fidel Negrete Domínguez,Sur,P0075,Samsung Galaxy Tab A9,Tablets,18980.97,3.0,0.05,54095.76,35
VTA0081369,2022-11-26,11,2022,C02939,Angélica Angélica Quiñónez Acosta,Norte,Ocacional,V046,Hermelinda Josefina Rodarte Bahena,Norte,P0081,PlayStation 5,Gaming,9861.66,4.0,0.04,37868.77,46
VTA0081370,2022-11-29,11,2022,C00500,Amelia Hilda Prieto,Este,Premium,V032,Nelly Barela Cardenas,Este,P0116,Foco Philips Hue,Hogar Inteligente,4096.7,4.0,0.07,15239.72,44
VTA0081371,2022-11-23,11,2022,C04531,Isaac Luis Manuel Olivera Quiroz,Sur,Ocasional,V024,Bernabé Guerra,Sur,P0074,iPad Mini 6,Tablets,19581.47,5.0,0.16,82242.17,31
VTA0081372,14/11/2022,11,2022,C00187,Magdalena Margarita Gallardo,Sur,premiun,V013,Alvaro Gaona Ocasio,Sur,P0017,MacBook Pro M3,Laptops,13305.36,5.0,0.01,65861.53,43
VTA0081373,2022-11-21,11,2022,C03422,  Dra. Dulce Lozada  ,Centro,REGULAR,V031,  Bernabé César Salazar  ,Centro,P0086,Silla Gamer DXRacer,Gaming,21842.7,3.0,0.13,57009.45,26
VTA0081374,2022-11-14,11,2022,C02994,Martha Enríquez Guerra,Oeste,Regular,V014,Ofelia Miriam Negrón,Oeste,P0105,Tripié Joby GorillaPod,Fotografía,10084.82,2.0,0.12,17749.28,41
VTA0081375,2022-11-09,11,2022,C01844,Lic. Hermelinda Aparicio,Centro,Regular,V048,Ivonne Véliz,Centro,P0110,Reflector 5en1 80cm,Fotografía,16265.31,4.0,0.19,52699.6,26
VTA0081376,2022-11-07,11,2022,C00490,Daniela Montoya Quiroz,Oeste,Ocacional,V040,Karla Silvia Mireles Patiño,Oeste,P0111,Monitor Portátil 4K,celulares,6284.94,4.0,0.04,24134.17,41
VTA0081377,2022-11-07,11,2022,C04830,Santiago Jurado Quezada,Centro,Ocasional,V044,Julia Esther Solorio,Centro,P0025,Razer Blade 15,celulares,30889.61,4.0,0.2,98846.75,44
VTA0081378,2022-11-20,11,2022,C01291,Adriana Ana María Cervántez Domínguez,Norte,Ocasional,V002,Nelly Marrero Ortiz,Norte,P0024,LG Gram 17,Laptops,47208.11,1.0,0.01,46736.03,26
VTA0081379,13/11/2022,11,2022,C03431,  Camila Leticia Orozco Granados  ,Este,Regular,V005,Aldo Adán Rodrígez Galarza,Este,P0110,Reflector 5en1 80cm,Fotografía,16619.78,3.0,0.09,45372.0,26
VTA0081380,2022-11-26,11,2022,C03758,  Gregorio Guillermo Quintero  ,Sur,Ocacional,V019,Jacinto Rodrigo Salazar Rolón,Sur,P0122,Aspiradora Dyson V15,LAPTOPS,2928.91,3.0,0.15,7468.72,28
VTA0081381,2022-11-06,11,2022,C01712,,Norte,Regular,V043,Homero Esquivel,Norte,P0019,HP Spectre x360,Laptops,39369.01,1.0,0.02,38581.63,26
VTA0081382,2022-11-25,11,2022,C01288,Adriana Loera,Centro,Ocasional,V033,Jaime Gamez Maldonado,Centro,P0109,Filtro ND Variable,Fotografía,3201.07,1.0,0.03,3105.04,30
VTA0081383,2022-11-16,11,2022,C02737,Caridad Bahena,Este,Regular,V005,Aldo Adán Rodrígez Galarza,Este,P0045,Marshall Emberton III,tablets,6760.77,2.0,0.01,13386.32,22
VTA0081384,2022-11-09,11,2022,C04618,Lic. Marcos Vélez,Este,Ocasional,V048,Ivonne Véliz,Centro,P0003,Xiaomi 14 Pro, Accesorios,20990.71,,0.15,53526.31,36
VTA0081385,2022-11-24,11,2022,C01740,Vicente Zavala,Centro,Premium,V041,Srita. Nadia Casas,Centro,P0061,Batería Portátil 20000,Accesorios,1708.33,2.0,0.03,-3314.16,32
VTA0081386,24/11/2022,11,2022,C02351,Beatriz Monroy,Norte,Premium,V042,  Srita. Sandra Escamilla  ,Norte,P0082,Xbox Series X,Gaming,12376.49,5.0,0.03,60025.98,30
VTA0081387,2022-11-05,11,2022,C01146,,Este,Ocasional,V032,Nelly Barela Cardenas,Este,P0100,Fujifilm X-T5,Fotografía,17028.17,1.0,0.02,16687.61,42
VTA0081388,2022-11-25,11,2022,C00668,Florencia Padilla Armendáriz,Sur,Regular,V008,Irene Franco,Sur,P0074,iPad Mini 6, Accesorios,19426.63,4.0,0.06,73044.13,31
VTA0081389,02/11/2022,11,2022,C00998,,Norte,premiun,V043,Homero Esquivel,Norte,P0078,Chuwi HiPad X,Tablets,14056.8,1.0,0.09,12791.69,20
VTA0081390,2022-11-19,11,2022,C00539,Sessa Cadena,Oeste,Regular,V026,Ing. Elias Valdivia,Oeste,P0032,ASUS VivoBook 16,Laptops,10482.3,2.0,0.01,20754.95,38
VTA0081391,2022-11-09,11,2022,C02539,Gabino Leonel Espino,Centro,Ocasional,V031,  Bernabé César Salazar  ,Centro,P0098,Sony Alpha 7 IV,Fotografía,20899.03,1.0,0.09,19018.12,34
VTA0081392,2022-11-13,11,2022,C00790,Leonor Soto Pelayo,Centro,Ocasional,V031,  Bernabé César Salazar  ,Centro,P0004,Google Pixel 8,hogar inteligente,4957.52,1.0,0.07,4610.49,34
VTA0081393,27/11/2022,11,2022,C00509,  María Elena Arreola Serna  ,Este,REGULAR,V032,Nelly Barela Cardenas,Este,P0126,Proyector BenQ 4K,Hogar Inteligente,7563.87,3.0,0.1,20422.45,35
VTA0081394,2022-11-06,11,2022,C02760,Dr. Gerónimo Perales,Centro,premiun,V039,Sr. Modesto Guillen,Oeste,P0010,Huawei Pura 70,Celulares,9963.72,5.0,0.03,48324.04,27
VTA0081395,19/11/2022,11,2022,C00352,Javier Pascual Gamez,Este,Premiun,V005,Aldo Adán Rodrígez Galarza,Este,P0014,Motorola G84,Celulares,6118.71,5.0,0.07,28452.0,20
VTA0081396,2022-11-18,11,2022,C04844,Rebeca Bermúdez,Este,Ocasional,V049,Ing. María Teresa Bétancourt,Este,P0066,Samsung Galaxy Tab S9,Tablets,11764.66,3.0,0.05,33529.28,24
VTA0081397,2022-11-22,11,2022,C03394,Francisco Javier Zedillo Sevilla,Sur,Regular,V020,Dr. Arturo Angulo,Sur,P0104,Flash Godox V1,Fotografía,17448.48,5.0,0.19,70666.34,40
VTA0081398,2022-11-16,11,2022,C04619,Arturo Julio César Jurado Salazar,Sur,Ocasional,V012,Rubén Marco Antonio Orta Ramos,Sur,P0091,Capturadora Elgato 4K,Gaming,1408.64,5.0,0.06,6620.61,25
VTA0081399,2022-11-14,11,2022,C02490,  Reynaldo Martín Ulloa Prieto  ,Oeste,premiun,V040,Karla Silvia Mireles Patiño,Oeste,P0064,Limpiador Pantallas Kit,Accesorios,1422.55,2.0,0.11,2532.14,44
VTA0081400,2022-11-09,11,2022,C03218,Wendolin Aparicio,Oeste,Premium,V040,Karla Silvia Mireles Patiño,Oeste,P0020,Lenovo ThinkPad X1,Laptops,25729.04,3.0,0.01,76415.25,42
VTA0081401,2022-11-26,11,2022,C02816,Paulina Ceballos Mesa,Centro,Ocasional,V031,  Bernabé César Salazar  ,Centro,P0007,Realme GT5,Celulares,16652.39,1.0,0.07,15486.72,39
VTA0081402,2022-11-11,11,2022,C01584,Ramón Manuel Rosas,Oeste,Regular,V038,Violeta Itzel Benavídez,Oeste,P0094,RAM Corsair 32GB,Gaming,16144.87,3.0,0.12,-42622.46,26
VTA0081403,2022-11-13,11,2022,C03028,Karina Jasso,Sur,Regular,V034,Rufino Rivera,Sur,P0122,Aspiradora Dyson V15,Hogar Inteligente,3018.39,3.0,0.14,7787.45,28
VTA0081404,2022-11-15,11,2022,C00447,Hernán Porfirio Jasso,Oeste,REGULAR,V026,Ing. Elias Valdivia,Oeste,P0014,Motorola G84,Celulares,5836.3,1.0,0.09,5311.03,20
VTA0081405,2022-11-09,11,2022,C01965,Amador Villagómez,Centro,Regular,V003,Jacinto Rivero Valladares,Centro,P0097,Canon EOS R6 Mark II,Fotografía,30137.02,3.0,0.05,85890.51,38
VTA0081406,2022-11-30,11,2022,C02080,Gabriela Luz Torres,Oeste,Ocasional,V030,Gustavo Camilo Ochoa Gamboa,Oeste,P0060,Adaptador HDMI 4K,Accesorios,1124.88,2.0,0.07,2092.28,29
VTA0081407,2022-11-01,11,2022,C02356,Silvia Berríos Cardenas,Sur,Regular,V013,Alvaro Gaona Ocasio,Sur,P0063,Pad Mouse XL Gaming,Accesorios,2070.59,1.0,0.02,2029.18,42
VTA0081408,07/11/2022,11,2022,C00158,Dulce Colunga,Centro,Ocasional,V048,Ivonne Véliz,Centro,P0059,Audífonos USB-C,Accesorios,1448.72,5.0,0.14,6229.5,43
VTA0081409,2022-11-07,11,2022,C04112,  Germán Alcántar Coronado  ,Sur,premiun,V039,Sr. Modesto Guillen,Oeste,P0125,TV Samsung QLED 55,Hogar Inteligente,2604.99,1.0,0.05,2474.74,20
VTA0081410,2022-11-30,11,2022,C01678,Adán Canales Saldaña,Centro,Regular,V003,Jacinto Rivero Valladares,Centro,P0023,Microsoft Surface Pro 9,Laptops,31564.31,1.0,0.19,25567.09,27
VTA0081411,2022-11-03,11,2022,C02327,Gabriela Débora Vaca,Norte,Premium,V015,Joaquín Benavides Meza,Norte,P0105,Tripié Joby GorillaPod,Fotografía,9924.67,4.0,0.05,37713.75,41
VTA0081412,2022-11-25,11,2022,C03545,  Sr. José María Vélez  ,Este,Regular,V008,Irene Franco,Sur,P0027,MacBook Air M2,Laptops,36639.93,1.0,0.03,35540.73,24
VTA0081413,2022-11-13,11,2022,C02788,Bernabé Alberto Montero,Oeste,Regular,V030,Gustavo Camilo Ochoa Gamboa,Oeste,P0082,Xbox Series X,Gaming,11689.35,2.0,0.2,18702.96,30
VTA0081414,2022-11-03,11,2022,C00130,Srita. Raquel Garibay,Oeste,Ocasional,V039,Sr. Modesto Guillen,Oeste,P0044,Anker Q45,Audio,7859.01,3.0,0.15,20040.48,23
VTA0081415,2022-11-04,11,2022,C03443,Violeta Diana Palomo,Centro,Premium,V037,Victoria Caridad Concepción,Centro,P0003,Xiaomi 14 Pro,Celulares,22996.73,5.0,0.19,93136.76,36
VTA0081416,2022-11-01,11,2022,C02977,Guillermina Cabrera,Centro,Premium,V037,Victoria Caridad Concepción,Centro,P0092,Micrófono Blue Yeti,Gaming,13685.26,4.0,0.16,45982.47,47
VTA0081417,2022-11-20,11,2022,C03787,Jaqueline Balderas,Norte,Ocasional,V029,Francisco Ballesteros,Norte,P0091,Capturadora Elgato 4K,Gaming,1618.23,1.0,0.19,1310.77,25
VTA0081418,2022-11-03,11,2022,C01249,Lic. Genaro Trejo,Centro,Premiun,V029,Francisco Ballesteros,Norte,P0003,Xiaomi 14 Pro,Celulares,21532.48,3.0,0.11,57491.72,36
VTA0081419,27/11/2022,11,2022,C01118,Emiliano Almaraz,Oeste,Premium,V022,Bernardo Lemus Caballero,Oeste,P0101,DJI Mavic 3 Pro,Fotografía,15640.13,5.0,0.18,64124.53,27
VTA0081420,2022-11-21,11,2022,C00343,  Dr. Benjamín de la Rosa  ,Norte,ocasional,V048,Ivonne Véliz,Centro,P0001,iPhone 15 Pro,Celulares,22669.2,4.0,0.04,87049.73,37
VTA0081421,2022-11-14,11,2022,C01025,Natividad Carla Rodarte Rocha,Centro,Regular,V031,  Bernabé César Salazar  ,Centro,P0034,AirPods Pro 2,Audio,1331.9,1.0,0.08,1225.35,27
VTA0081422,2022-11-28,11,2022,C01600,Abigail Paola Santacruz Lucero,Sur,ocasional,V013,Alvaro Gaona Ocasio,Sur,P0121,Roomba j7 Plus,Hogar Inteligente,7011.95,1.0,0.13,6100.4,38
VTA0081423,2022-11-01,11,2022,C04524,  Ing. Zacarías Almonte  ,Centro,Ocasional,V041,Srita. Nadia Casas,Centro,P0071,ASUS Zenpad 3S,Tablets,13629.04,4.0,0.04,52335.51,20
VTA0081424,2022-11-01,11,2022,C03248,Gloria Vela,Oeste,Premium,V014,Ofelia Miriam Negrón,Oeste,P0015,Nokia G42,Celulares,20053.96,2.0,0.12,35294.97,26
VTA0081425,2022-11-22,11,2022,C01272,Estela Carla Flórez,Norte,Regular,V002,Nelly Marrero Ortiz,Norte,P0005,OnePlus 12,Celulares,5364.04,3.0,0.07,14965.67,40
VTA0081426,14/11/2022,11,2022,C00210,Zacarías Bernardo Muñiz Castillo,Este,REGULAR,V049,Ing. María Teresa Bétancourt,Este,P0046,JBL Flip 6,Audio,2353.3,3.0,0.15,6000.92,40
VTA0081427,2022-11-16,11,2022,C04275,Paulina Carlota Díaz Orellana,Oeste,Ocasional,V040,Karla Silvia Mireles Patiño,Oeste,P0066,Samsung Galaxy Tab S9,Tablets,13109.96,4.0,0.03,50866.64,24
VTA0081428,2022-11-04,11,2022,C04306,Reina Reyna Quezada,Centro,Premium,V031,  Bernabé César Salazar  ,Centro,P0048,Skullcandy Crusher,Audio,3773.19,4.0,0.06,14187.19,44
VTA0081429,09/11/2022,11,2022,C03309,José Luis Barragán Batista,Este,Regular,V010,Sra. Guadalupe Llamas,Este,P0097,Canon EOS R6 Mark II,Fotografía,34606.9,1.0,0.09,31492.28,38
VTA0081430,2022-11-04,11,2022,C04973,José Luis Cortés Meraz,Sur,Premium,V013,Alvaro Gaona Ocasio,Sur,P0100,Fujifilm X-T5,Fotografía,15085.46,3.0,0.04,43446.12,42
VTA0081431,2022-11-29,11,2022,C01034,  Ing. Mauricio Barajas  ,Oeste,Ocasional,V035,Estela Haro,Oeste,P0068,Lenovo Tab P12,Tablets,13684.53,4.0,0.14,47074.78,21
VTA0081432,2022-11-25,11,2022,C04673,Sr. Eduardo Villaseñor,Sur,REGULAR,V047,  Estela Bianca Melgar Arias  ,Oeste,P0085,Monitor LG 27GP950,Gaming,17459.98,1.0,0.04,16761.58,43
VTA0081433,2022-11-09,11,2022,C02265,Hermelinda Garrido Berríos,Sur,Regular,V027,Claudio Andrés Gómez Sosa,Sur,P0063,Pad Mouse XL Gaming,Accesorios,2026.63,3.0,0.16,5107.11,42
VTA0081434,2022-11-16,11,2022,C00277,Asunción Luz Posada,Norte,Ocasional,V002,Nelly Marrero Ortiz,Norte,P0102,GoPro Hero 12,Fotografía,23684.44,3.0,0.1,63947.99,45
VTA0081435,2022-11-16,11,2022,C00910,Micaela Mata,Este,Premium,V032,Nelly Barela Cardenas,Este,P0059,Audífonos USB-C,Accesorios,1479.3,3.0,0.06,4171.63,43
VTA0081436,2022-11-13,11,2022,C00238,Augusto Homero Cantú,Norte,Ocasional,V004,Aurora Zelaya,Norte,P0059,Audífonos USB-C,Accesorios,1490.6,5.0,0.12,6558.64,43
VTA0081437,2022-11-02,11,2022,C02458,Lic. Pilar Heredia,Norte,Regular,V029,Francisco Ballesteros,Norte,P0125,TV Samsung QLED 55,Hogar Inteligente,2615.52,5.0,0.1,11769.84,20
VTA0081438,2022-11-16,11,2022,C01080,Sr. Eugenio Cortez,Norte,Ocasional,V006,  Dr. Evelio Murillo  ,Sur,P0097,Canon EOS R6 Mark II,Fotografía,32573.94,5.0,0.02,159612.31,38
VTA0081439,2022-11-20,11,2022,C02662,  Srita. Adriana Mejía  ,Norte,Premium,V016,Octavio Mario Rincón Marín,Norte,P0067,iPad Air M1,Tablets,16396.37,3.0,0.17,40826.96,39
VTA0081440,2022-11-13,11,2022,C04386,Andrés Gilberto Olvera Orozco,Norte,Ocacional,V002,Nelly Marrero Ortiz,Norte,P0025,Razer Blade 15,Laptops,26742.2,5.0,0.03,129699.67,44
VTA0081441,2022-11-15,11,2022,C03921,Srita. Esperanza Merino,Centro,Premium,V048,Ivonne Véliz,Centro,P0113,Alexa Echo Dot 5,gaming,11938.49,2.0,0.03,23160.67,20
VTA0081442,2022-11-12,11,2022,C01960,Ing. Renato Romero,Centro,Ocasional,V031,  Bernabé César Salazar  ,Centro,P0019,HP Spectre x360,Laptops,38836.19,2.0,0.1,69905.14,26
VTA0081443,2022-11-06,11,2022,C03462,  Alfredo Luis Calvillo  ,Centro,Regular,V033,Jaime Gamez Maldonado,Centro,P0038,Beats Studio Pro,Audio,2548.6,4.0,0.09,9276.9,39
VTA0081444,2022-11-24,11,2022,C01899,Abelardo Hugo Godoy Tirado,Centro,Regular,V028,Sofía Delia Gurule Cantú,Centro,P0112,Estabilizador DJI OM6,fotografia,16707.6,4.0,0.2,53464.32,33
VTA0081445,2022-11-03,11,2022,C03848,Sr. Emiliano Hernandes,Norte,Regular,V047,  Estela Bianca Melgar Arias  ,Oeste,P0020,Lenovo ThinkPad X1,Laptops,22664.42,4.0,0.19,73432.72,42
VTA0081446,2022-11-25,11,2022,C01757,Agustín Zacarías Narváez Arevalo,Norte,Ocasional,V029,Francisco Ballesteros,Norte,P0103,Lente Canon RF 50mm,Fotografía,14597.69,5.0,0.2,58390.76,31
VTA0081447,2022-11-08,11,2022,C02505,Judith Olivia Gamboa,Sur,Premiun,V048,Ivonne Véliz,Centro,P0056,Webcam Logitech C920,Accesorios,1783.3,2.0,0.15,3031.61,43
VTA0081448,2022-11-29,11,2022,C01095,  Rafaél Abraham Espinosa Brito  ,Sur,Premium,V012,Rubén Marco Antonio Orta Ramos,Sur,P0061,Batería Portátil 20000,Accesorios,1941.93,3.0,0.17,4835.41,32
VTA0081449,2022-11-14,11,2022,C00014,María Luisa Niño,Norte,Ocasional,V043,Homero Esquivel,Norte,P0032,ASUS VivoBook 16,Laptops,9724.15,5.0,0.13,42300.05,38
VTA0081450,2022-11-22,11,2022,C04821,Antonio José Valles Suárez,Centro,Premium,V017,Abraham Apodaca Colunga,Centro,P0083,Nintendo Switch OLED,Gaming,16019.71,2.0,0.13,27874.3,39
VTA0081451,2022-11-20,11,2022,C04456,Sonia Campos Rivera,Oeste,Ocasional,V008,Irene Franco,Sur,P0035,Bose QC45,Audio,2607.49,2.0,0.06,4902.08,19
VTA0081452,2022-11-18,11,2022,C04563,Dr. Ricardo Reséndez,Centro,Ocasional,V044,Julia Esther Solorio,Centro,P0071,ASUS Zenpad 3S,Tablets,12555.85,2.0,0.19,20340.48,20
VTA0081453,2022-11-03,11,2022,C03349,Lic. Linda Carmona,Norte,REGULAR,V044,Julia Esther Solorio,Centro,P0053,Hub USB-C 7en1,Accesorios,412.89,4.0,0.11,1469.89,20
VTA0081454,2022-11-28,11,2022,C01175,  Ing. Asunción Méndez  ,Sur,Premium,V020,Dr. Arturo Angulo,Sur,P0085,Monitor LG 27GP950,Gaming,17238.97,2.0,0.01,34133.16,43
VTA0081455,2022-11-15,11,2022,C02599,Olivia Alcala,Oeste,Premium,V050,José María Gustavo Beltrán,Oeste,P0056,Webcam Logitech C920,Accesorios,1793.31,,0.05,1703.64,43
VTA0081456,2022-11-26,11,2022,C03495,Camilo Robles Balderas,Este,Ocasional,V049,Ing. María Teresa Bétancourt,Este,P0024,LG Gram 17,Laptops,46263.21,4.0,0.09,168398.08,26
VTA0081457,13/11/2022,11,2022,C03070,Mario Ulibarri,Norte,Ocasional,V029,Francisco Ballesteros,Norte,P0065,iPad Pro M2 12.9,Tablets,7258.93,1.0,0.05,6895.98,21
VTA0081458,2022-11-04,11,2022,C03213,Marisol Rentería,Centro,Regular,V031,  Bernabé César Salazar  ,Centro,P0047,Bose SoundLink,Audio,3852.14,2.0,0.06,7242.02,44
VTA0081459,2022-11-02,11,2022,C01797,Eric Rendón,Este,premiun,V032,Nelly Barela Cardenas,Este,P0080,Honor Pad 8,celulares,9180.72,5.0,0.18,-37640.95,19
VTA0081460,04/11/2022,11,2022,C00854,Indira Georgina Tovar Cisneros,Sur,Regular,V006,  Dr. Evelio Murillo  ,Sur,P0089,Mouse Logitech G Pro X,Gaming,6571.63,1.0,0.19,5323.02,45
VTA0081461,2022-11-20,11,2022,C01539,  Hernán Cintrón  ,Centro,Ocasional,V039,Sr. Modesto Guillen,Oeste,P0105,Tripié Joby GorillaPod,Fotografía,10566.77,2.0,0.18,17329.5,41
VTA0081462,2022-11-19,11,2022,C01003,Sr. Horacio Sotelo,Este,Regular,V005,Aldo Adán Rodrígez Galarza,Este,P0044,Anker Q45,Audio,6990.02,5.0,0.02,34251.1,23
VTA0081463,2022-11-03,11,2022,C03821,Salma Archuleta Juárez,Este,Premium,V010,Sra. Guadalupe Llamas,Este,P0121,Roomba j7 Plus,Hogar Inteligente,5957.34,1.0,0.17,4944.59,38
VTA0081464,2022-11-19,11,2022,C00527,Arturo Gálvez,Centro,Regular,V031,  Bernabé César Salazar  ,Centro,P0050,Cable USB-C 2m,Accesorios,1507.64,2.0,0.17,2502.68,32
VTA0081465,2022-11-17,11,2022,C01175,  Ing. Asunción Méndez  ,Sur,Premium,V025,Manuel Gerónimo Armas,Sur,P0072,Huawei MatePad Pro,Tablets,17425.9,2.0,0.13,30321.07,43
VTA0081466,2022-11-23,11,2022,C04426,  Bernardo Carrero  ,Sur,Premium,V012,Rubén Marco Antonio Orta Ramos,Sur,P0091,Capturadora Elgato 4K,Gaming,1399.6,4.0,0.16,4702.66,25
VTA0081467,2022-11-13,11,2022,C02247,Porfirio Riojas,Norte,Ocasional,V027,Claudio Andrés Gómez Sosa,Sur,P0055,Teclado Keychron K2,Accesorios,1483.26,3.0,0.13,3871.31,28
VTA0081468,18/11/2022,11,2022,C00764,Estela Zamora,Sur,Premiun,V027,Claudio Andrés Gómez Sosa,Sur,P0021,ASUS ROG Zephyrus,Laptops,12267.55,2.0,0.15,20854.84,36
VTA0081469,2022-11-21,11,2022,C02746,Lic. Alicia Figueroa,Este,ocasional,V049,Ing. María Teresa Bétancourt,Este,P0046,JBL Flip 6,Audio,2621.85,1.0,0.11,2333.45,40
VTA0081470,2022-11-24,11,2022,C00714,Esparta Mejía,Centro,Premium,V002,Nelly Marrero Ortiz,Norte,P0100,Fujifilm X-T5,Fotografía,15084.2,5.0,0.03,73158.37,42
VTA0081471,2022-11-07,11,2022,C03243,Bernardo Garay Alcala,Sur,premiun,V045,Marisela Vanesa Chapa Aranda,Norte,P0112,Estabilizador DJI OM6,Fotografía,14610.27,5.0,0.12,64285.19,33
VTA0081472,2022-11-21,11,2022,C03774,Patricia Alejandra Paredes Miranda,Centro,Premium,V048,Ivonne Véliz,Centro,P0077,Blackview Tab 16,Tablets,11250.7,5.0,0.05,53440.82,21
VTA0081473,2022-11-10,11,2022,C03998,  Ing. Lourdes Linares  ,Este,Ocasional,V010,Sra. Guadalupe Llamas,Este,P0051,Funda iPhone 15 Pro,Accesorios,1243.38,4.0,0.12,4376.7,40
VTA0081474,2022-11-19,11,2022,C02399,Enrique Reyna,Norte,ocasional,V009,Amanda María José Bravo,Norte,P0118,Termostato Nest 3,Hogar Inteligente,1349.77,2.0,0.14,2321.6,30
VTA0081475,2022-11-09,11,2022,C03938,Darío Mauricio Marroquín,Este,Ocasional,V032,Nelly Barela Cardenas,Este,P0128,Panel Solar Portátil,Hogar Inteligente,3897.51,3.0,0.12,10289.43,39
VTA0081476,2022-11-23,11,2022,C03101,Lic. Miriam Tamayo,Sur,Ocasional,V021,  Cristal Valdés Maya  ,Sur,P0021,ASUS ROG Zephyrus,Laptops,12729.86,4.0,0.04,48882.66,36
VTA0081477,2022-11-17,11,2022,C04151,Arturo Gustavo Martínez,Centro,Premium,V031,  Bernabé César Salazar  ,Centro,P0045,Marshall Emberton III,Audio,7834.42,3.0,0.15,19977.77,22
VTA0081478,2022-11-23,11,2022,C01174,Vanesa Isabela Maya,Este,REGULAR,V010,Sra. Guadalupe Llamas,Este,P0098,Sony Alpha 7 IV,Fotografía,18386.47,2.0,0.01,36405.21,34
VTA0081479,2022-11-12,11,2022,C03165,Martín Bueno,Oeste,Regular,V014,Ofelia Miriam Negrón,Oeste,P0103,Lente Canon RF 50mm,Fotografía,16181.51,2.0,0.01,32039.39,31
VTA0081480,2022-11-02,11,2022,C00066,René Eugenio Patiño Rivas,Norte,premiun,V029,Francisco Ballesteros,Norte,P0026,MSI Prestige 16,Laptops,8719.1,4.0,0.09,31737.52,44
VTA0081481,2022-11-22,11,2022,C04014,Eloy Pulido Guajardo,Sur,Premium,V034,Rufino Rivera,Sur,P0034,AirPods Pro 2,Audio,1300.93,4.0,0.04,4995.57,27
VTA0081482,2022-11-27,11,2022,C03528,  Dr. Bernabé Limón  ,Centro,Ocasional,V041,Srita. Nadia Casas,Centro,P0032,ASUS VivoBook 16,Laptops,11488.5,1.0,0.15,9765.22,38
VTA0081483,2022-11-23,11,2022,C04848,Arturo Claudio Rolón Lovato,Centro,Ocasional,V017,Abraham Apodaca Colunga,Centro,P0047,Bose SoundLink,Audio,4339.26,4.0,0.09,15794.91,44
VTA0081484,2022-11-13,11,2022,C02110,Julio César Gilberto Toro,Este,Regular,V032,Nelly Barela Cardenas,Este,P0044,Anker Q45,Audio,7378.15,1.0,0.14,6345.21,23
VTA0081485,2022-11-18,11,2022,C03553,Indira Clara Cadena Vargas,Este,Premium,V005,Aldo Adán Rodrígez Galarza,Este,P0021,ASUS ROG Zephyrus,Laptops,12782.3,5.0,0.14,54963.89,36
VTA0081486,2022-11-03,11,2022,C00719,Sofía Sanabria Padrón,Oeste,Ocasional,V020,Dr. Arturo Angulo,Sur,P0088,Teclado Razer Huntsman,Gaming,22541.84,1.0,0.01,22316.42,44
VTA0081487,2022-11-28,11,2022,C02717,Mitzy Delgado Munguía,Oeste,Regular,V026,Ing. Elias Valdivia,Oeste,P0059,Audífonos USB-C,Accesorios,1606.82,2.0,0.15,2731.59,43
VTA0081488,2022-11-08,11,2022,C04274,Ing. Darío Tapia,Centro,Premium,V037,Victoria Caridad Concepción,Centro,P0050,Cable USB-C 2m,Accesorios,1349.35,5.0,0.08,6207.01,32
VTA0081489,2022-11-30,11,2022,C02317,Dra. Verónica Venegas,Este,Regular,V042,  Srita. Sandra Escamilla  ,Norte,P0018,Dell XPS 15,Laptops,40323.28,1.0,0.14,34678.02,40
VTA0081490,19/11/2022,11,2022,C04974,Irma Leonor Acosta,Sur,ocasional,V018,Lic. Gilberto Castellanos,Sur,P0052,Protector Pantalla S24,Accesorios,1083.43,2.0,0.15,1841.83,31
VTA0081491,2022-11-19,11,2022,C02363,Cristobal Robles Nieto,Oeste,Premium,V019,Jacinto Rodrigo Salazar Rolón,Sur,P0036,Samsung Galaxy Buds2,Audio,7022.03,1.0,0.13,6109.17,43
VTA0081492,2022-11-06,11,2022,C04032,Elisa Bahena Tafoya,Este,Ocasional,V005,Aldo Adán Rodrígez Galarza,Este,P0073,Microsoft Surface Go 3,Tablets,11048.23,4.0,0.19,35796.27,22
VTA0081493,2022-11-14,11,2022,C02786,Débora Salazar Rivero,Norte,Premiun,V002,Nelly Marrero Ortiz,Norte,P0051,Funda iPhone 15 Pro,Accesorios,1210.37,2.0,0.09,2202.87,40
VTA0081494,2022-11-18,11,2022,C01080,Sr. Eugenio Cortez,Norte,Ocasional,V046,Hermelinda Josefina Rodarte Bahena,Norte,P0058,Mochila Techpack 30L,Accesorios,851.19,3.0,0.05,2425.89,23
VTA0081495,2022-11-16,11,2022,C04082,Srita. Delia Saucedo,Norte,Ocasional,V045,Marisela Vanesa Chapa Aranda,Norte,P0035,Bose QC45,Audio,2815.13,4.0,0.18,9233.63,19
VTA0081496,2022-11-08,11,2022,C03961,  Asunción Hilda Ballesteros  ,Sur,Premium,V013,Alvaro Gaona Ocasio,Sur,P0040,Jabra Elite 85h,Audio,2891.97,3.0,0.16,7287.76,38
VTA0081497,2022-11-22,11,2022,C03226,Caridad Bianca Chacón Abrego,Este,Regular,V010,Sra. Guadalupe Llamas,Este,P0097,Canon EOS R6 Mark II,Fotografía,31558.14,3.0,0.15,80473.26,38
VTA0081498,2022-11-15,11,2022,C03178,Emiliano Nazario,Oeste,Regular,V026,Ing. Elias Valdivia,Oeste,P0010,Huawei Pura 70,Celulares,8948.0,5.0,0.03,43397.8,27
VTA0081499,2022-11-24,11,2022,C04262,Nelly Karla Díaz Villegas,Este,Ocasional,V032,Nelly Barela Cardenas,Este,P0091,Capturadora Elgato 4K,Gaming,1481.26,4.0,0.03,5747.29,25
VTA0081500,2022-11-04,11,2022,C03871,Sonia Margarita Salas,Centro,Premium,V033,Jaime Gamez Maldonado,Centro,P0023,Microsoft Surface Pro 9,Laptops,30394.48,3.0,0.17,-75682.26,27
VTA0081501,16/11/2022,11,2022,C02063,Dra. Rebeca Ramón,Oeste,Regular,V026,Ing. Elias Valdivia,Oeste,P0030,Lenovo IdeaPad 5,hogar inteligente,45277.77,2.0,0.04,86933.32,21
VTA0081502,16/11/2022,11,2022,C04821,Antonio José Valles Suárez,Centro,Premium,V031,  Bernabé César Salazar  ,Centro,P0118,Termostato Nest 3,Hogar Inteligente,1492.05,5.0,0.04,7161.84,30
VTA0081503,21/11/2022,11,2022,C03669,Sr. Genaro Guillen,Este,Ocasional,V026,Ing. Elias Valdivia,Oeste,P0002,Samsung Galaxy S24,Celulares,7526.99,3.0,0.03,21903.54,19
VTA0081504,2022-11-30,11,2022,C00975,Wilfrido Juan Carlos Llamas Acosta,Sur,Regular,V021,  Cristal Valdés Maya  ,Sur,P0029,HP Pavilion 15,celulares,8787.44,4.0,0.08,32337.78,24
VTA0081505,2022-11-21,11,2022,C01252,Jerónimo Arteaga,Oeste,Premiun,V034,Rufino Rivera,Sur,P0073,Microsoft Surface Go 3,Tablets,12010.17,1.0,0.16,10088.54,22
VTA0081506,2022-11-14,11,2022,C00247,Clara Blanco,Norte,Regular,V029,Francisco Ballesteros,Norte,P0102,GoPro Hero 12,Fotografía,24969.13,1.0,0.07,23221.29,45
VTA0081507,2022-11-09,11,2022,C02015,Srita. Nadia Miramontes,Oeste,REGULAR,V038,Violeta Itzel Benavídez,Oeste,P0081,PlayStation 5,Gaming,11291.57,3.0,0.13,29471.0,46
VTA0081508,2022-11-16,11,2022,C02321,Sara Valdés Solorio,Centro,REGULAR,V048,Ivonne Véliz,Centro,P0113,Alexa Echo Dot 5,Hogar Inteligente,10237.83,4.0,0.05,38903.75,20
VTA0081509,28/11/2022,11,2022,C04445,Lic. Miriam Cervantes,Oeste,Regular,V035,Estela Haro,Oeste,P0059,Audífonos USB-C,Accesorios,1590.84,4.0,0.09,5790.66,43
VTA0081510,26/11/2022,11,2022,C02647,Rosa Dávila Barraza,Centro,Premium,V003,Jacinto Rivero Valladares,Centro,P0124,Sensor Movimiento Aqara,Hogar Inteligente,7026.17,1.0,0.1,6323.55,35
VTA0081511,2022-11-05,11,2022,C04083,Sr. Amador Rolón,Sur,Ocasional,V020,Dr. Arturo Angulo,Sur,P0056,Webcam Logitech C920,Accesorios,1738.78,3.0,0.14,4486.05,43
VTA0081512,2022-11-19,11,2022,C00110,Ing. Úrsula Vela,Sur,Premium,V023,Fidel Negrete Domínguez,Sur,P0080,Honor Pad 8,Tablets,9598.51,1.0,0.1,8638.66,19
VTA0081513,2022-11-26,11,2022,C03226,Caridad Bianca Chacón Abrego,Este,Regular,V021,  Cristal Valdés Maya  ,Sur,P0028,Dell Inspiron 15,Laptops,29870.58,2.0,0.16,50182.57,37
VTA0081514,2022-11-19,11,2022,C00086,Claudia Esmeralda Melgar Reyes,Oeste,Premium,V007,Conchita Leticia Gastélum Corral,Oeste,P0079,Realme Pad 2,Tablets,9555.99,1.0,0.1,8600.39,20
VTA0081515,2022-11-20,11,2022,C02583,Lic. Hilda Esparza,Oeste,Premiun,V044,Julia Esther Solorio,Centro,P0059,Audífonos USB-C,Accesorios,1583.19,2.0,0.02,3103.05,43
VTA0081516,2022-11-26,11,2022,C03955,  Patricia Razo Quiñones  ,Oeste,Ocasional,V014,Ofelia Miriam Negrón,Oeste,P0082,Xbox Series X,Gaming,11680.45,5.0,0.13,50809.96,30
VTA0081517,2022-11-25,11,2022,C01640,Frida Pilar Urrutia,Norte,Ocasional,V015,Joaquín Benavides Meza,Norte,P0059,Audífonos USB-C,Accesorios,1452.59,1.0,0.14,1249.23,43
VTA0081518,2022-11-20,11,2022,C02186,Aurora María José Aponte Pedroza,Oeste,ocasional,V007,Conchita Leticia Gastélum Corral,Oeste,P0041,Bang Olufsen H95,tablets,6655.37,5.0,0.05,31613.01,20
VTA0081519,2022-11-09,11,2022,C02037,María Cristina Aldonza Valdez,Sur,Regular,V027,Claudio Andrés Gómez Sosa,Sur,P0001,iPhone 15 Pro,Celulares,19310.47,2.0,0.03,37462.31,37
VTA0081520,2022-11-27,11,2022,C04210,Ariadna Caraballo,Este,Premium,V010,Sra. Guadalupe Llamas,Este,P0101,DJI Mavic 3 Pro,Fotografía,13211.43,2.0,0.09,24044.8,27
VTA0081521,2022-11-17,11,2022,C02290,Dra. Daniela Colón,Sur,Regular,V019,Jacinto Rodrigo Salazar Rolón,Sur,P0109,Filtro ND Variable,Fotografía,3283.81,2.0,0.15,5582.48,30
VTA0081522,2022-11-21,11,2022,C01514,Sra. Adriana Ledesma,Sur,Regular,V013,Alvaro Gaona Ocasio,Sur,P0008,OPPO Find X7,hogar inteligente,21503.85,,0.08,39567.08,26
VTA0081523,2022-11-26,11,2022,C02089,Marco Antonio Renato Contreras,Oeste,Ocasional,V022,Bernardo Lemus Caballero,Oeste,P0085,Monitor LG 27GP950,Gaming,19487.79,5.0,0.08,89643.83,43
VTA0081524,2022-11-27,11,2022,C04849,,Norte,Premium,V044,Julia Esther Solorio,Centro,P0105,Tripié Joby GorillaPod,Fotografía,10570.03,4.0,0.1,38052.11,41
VTA0081525,17/11/2022,11,2022,C01181,José Manuél Mena,Este,Premium,V032,Nelly Barela Cardenas,Este,P0054,Mouse Logitech MX Master,Accesorios,1318.15,2.0,0.12,2319.94,25
VTA0081526,17/11/2022,11,2022,C00971,Paulina Dulce Oquendo Almonte,Este,Ocasional,V010,Sra. Guadalupe Llamas,Este,P0126,Proyector BenQ 4K,Hogar Inteligente,7322.74,5.0,0.16,30755.51,35
VTA0081527,2022-11-26,11,2022,C01196,Genaro Timoteo Gaona Collado,Sur,Premium,V012,Rubén Marco Antonio Orta Ramos,Sur,P0026,MSI Prestige 16,Laptops,9836.35,2.0,0.01,19475.97,44
VTA0081528,03/11/2022,11,2022,C03439,  Ing. Citlali Valles  ,Oeste,Premiun,V038,Violeta Itzel Benavídez,Oeste,P0010,Huawei Pura 70,Celulares,10475.22,3.0,0.15,26711.81,27
VTA0081529,2022-11-21,11,2022,C04344,Ing. Federico Garrido,Este,premiun,V005,Aldo Adán Rodrígez Galarza,Este,P0074,iPad Mini 6,Tablets,19305.07,3.0,0.19,46911.32,31
VTA0081530,2022-11-09,11,2022,C03461,Abraham Fierro,Este,Premium,V049,Ing. María Teresa Bétancourt,Este,P0112,Estabilizador DJI OM6,Fotografía,16433.42,3.0,0.0,49300.26,33
VTA0081531,2022-11-26,11,2022,C02952,Eva Beatriz Ríos,Norte,Premium,V045,Marisela Vanesa Chapa Aranda,Norte,P0010,Huawei Pura 70,Celulares,10499.01,5.0,0.05,49870.3,27
VTA0081532,2022-11-21,11,2022,C03462,  Alfredo Luis Calvillo  ,Centro,Regular,V015,Joaquín Benavides Meza,Norte,P0028,Dell Inspiron 15,Laptops,26373.66,4.0,0.03,102329.8,37
VTA0081533,2022-11-27,11,2022,C03787,Jaqueline Balderas,Norte,Ocasional,V015,Joaquín Benavides Meza,Norte,P0117,Cámara Nest Doorbell,Hogar Inteligente,10020.68,3.0,0.12,26454.6,34
VTA0081534,2022-11-12,11,2022,C03380,Silvia Rosario Tirado,Sur,Ocasional,V036,  Dr. Ignacio Aparicio  ,Sur,P0123,Cerradura Yale Smart,Hogar Inteligente,9484.0,4.0,0.11,33763.04,29
VTA0081535,09/11/2022,11,2022,C04246,Juana Indira Valadez Saldaña,Sur,Ocasional,V012,Rubén Marco Antonio Orta Ramos,Sur,P0029,HP Pavilion 15,Laptops,9465.24,1.0,0.15,8045.45,24
VTA0081536,2022-11-06,11,2022,C00445,Diana Zapata,Oeste,REGULAR,V038,Violeta Itzel Benavídez,Oeste,P0043,Sony WF-1000XM5,Audio,4700.11,4.0,0.19,15228.36,25
VTA0081537,2022-11-09,11,2022,C00971,Paulina Dulce Oquendo Almonte,Este,Ocasional,V049,Ing. María Teresa Bétancourt,Este,P0016,Tecno Spark 20,Celulares,15912.59,5.0,0.0,79562.95,20
VTA0081538,2022-11-21,11,2022,C02524,  Ing. Irene Ulloa  ,Norte,Regular,V002,Nelly Marrero Ortiz,Norte,P0081,PlayStation 5,Gaming,10654.12,3.0,0.07,29724.99,46
VTA0081539,2022-11-06,11,2022,C03910,Mercedes Inés Perales Mota,Norte,Regular,V002,Nelly Marrero Ortiz,Norte,P0094,RAM Corsair 32GB,Gaming,19303.2,5.0,0.16,81073.44,26
VTA0081540,2022-11-28,11,2022,C03809,Andrés Fidel Cervántez Almanza,Sur,Premium,V023,Fidel Negrete Domínguez,Sur,P0007,Realme GT5,Celulares,18928.26,1.0,0.14,16278.3,39
VTA0081541,2022-11-12,11,2022,C03621,Antonia Miramontes,Este,Premium,V032,Nelly Barela Cardenas,Este,P0001,iPhone 15 Pro,Celulares,22601.07,3.0,0.07,63056.99,37
VTA0081542,2022-11-07,11,2022,C03953,Isaac Jos Alba Mojica,Oeste,Ocasional,V007,Conchita Leticia Gastélum Corral,Oeste,P0025,Razer Blade 15,tablets,29511.39,1.0,0.16,24789.57,44
VTA0081543,2022-11-15,11,2022,C04915,Barbara Minerva Arteaga,Oeste,Regular,V007,Conchita Leticia Gastélum Corral,Oeste,P0024,LG Gram 17,Laptops,46845.6,5.0,0.17,194409.24,26
VTA0081544,15/11/2022,11,2022,C04819,Diego Romo Herrera,Este,Regular,V019,Jacinto Rodrigo Salazar Rolón,Sur,P0006,Motorola Edge 50,Celulares,9060.42,3.0,0.06,25550.38,32
VTA0081545,2022-11-04,11,2022,C04530,Sra. Alma Rubio,Este,Regular,V032,Nelly Barela Cardenas,Este,P0033,Sony WH-1000XM5,Audio,7473.42,1.0,0.11,6651.34,25
VTA0081546,03/11/2022,11,2022,C01352,Dr. Evelio Alemán,Centro,Ocasional,V021,  Cristal Valdés Maya  ,Sur,P0055,Teclado Keychron K2,gaming,1440.73,5.0,0.07,6699.39,28
VTA0081547,2022-11-05,11,2022,C01549,,Este,premiun,V049,Ing. María Teresa Bétancourt,Este,P0032,ASUS VivoBook 16,Laptops,9945.23,1.0,0.0,9945.23,38
VTA0081548,2022-11-08,11,2022,C00141,Dr. Jorge Luis Palomino,Este,ocasional,V010,Sra. Guadalupe Llamas,Este,P0117,Cámara Nest Doorbell,Hogar Inteligente,10272.79,1.0,0.17,8526.42,34
VTA0081549,2022-11-03,11,2022,C03736,Pedro Villalobos,Este,REGULAR,V032,Nelly Barela Cardenas,Este,P0114,Google Nest Hub 2,Hogar Inteligente,5270.96,2.0,0.11,9382.31,45
VTA0081550,2022-11-13,11,2022,C02429,Ernesto Jonás Castañeda,Oeste,Premium,V039,Sr. Modesto Guillen,Oeste,P0119,Enchufe Inteligente TP,Hogar Inteligente,4537.91,1.0,0.18,3721.09,27
VTA0081551,29/11/2022,11,2022,C01732,Srita. Nelly Suárez,Este,Premium,V032,Nelly Barela Cardenas,Este,P0014,Motorola G84,Celulares,5646.56,4.0,0.04,21682.79,20
VTA0081552,2022-11-30,11,2022,C02844,Mateo Arellano Mondragón,Este,Premium,V040,Karla Silvia Mireles Patiño,Oeste,P0010,Huawei Pura 70,Celulares,9799.48,3.0,0.14,25282.66,27
VTA0081553,2022-11-23,11,2022,C04052,Arturo Alonso Saucedo,Oeste,Ocasional,V039,Sr. Modesto Guillen,Oeste,P0089,Mouse Logitech G Pro X,Gaming,6825.63,2.0,0.13,11876.6,45
VTA0081554,2022-11-01,11,2022,C00686,Srita. Olga Lemus,Norte,Ocasional,V015,Joaquín Benavides Meza,Norte,P0088,Teclado Razer Huntsman,Gaming,22420.47,3.0,0.02,65916.18,44
VTA0081555,2022-11-19,11,2022,C00698,Aldo Crespo Loera,Norte,Ocasional,V042,  Srita. Sandra Escamilla  ,Norte,P0019,HP Spectre x360,Laptops,37919.49,3.0,0.02,111483.3,26
VTA0081556,2022-11-10,11,2022,C02672,Sr. Teodoro Ruelas,Sur,Regular,V034,Rufino Rivera,Sur,P0064,Limpiador Pantallas Kit,Accesorios,1350.5,1.0,0.19,1093.9,44
VTA0081557,2022-11-21,11,2022,C00893,Alma Anel Riojas,Norte,Ocasional,V029,Francisco Ballesteros,Norte,P0035,Bose QC45,Audio,2418.84,5.0,0.04,11610.43,19
VTA0081558,2022-11-28,11,2022,C02099,Marcos Ricardo Rentería Rendón,Sur,REGULAR,V008,Irene Franco,Sur,P0013,Xiaomi Redmi Note 13,hogar inteligente,12151.42,1.0,0.05,11543.85,30
VTA0081559,2022-11-06,11,2022,C00766,Patricia Berta Madrid,Oeste,Ocasional,V011,Clara Loera,Este,P0003,Xiaomi 14 Pro,Celulares,21280.74,5.0,0.15,90443.14,36
VTA0081560,2022-11-25,11,2022,C02533,Ing. Blanca Ceja,Centro,Ocasional,V037,Victoria Caridad Concepción,Centro,P0115,Apple HomePod Mini,Hogar Inteligente,6710.16,5.0,0.13,29189.2,46
VTA0081561,2022-11-12,11,2022,C02605,Alberto Rolando Valdés,Centro,Premium,V041,Srita. Nadia Casas,Centro,P0114,Google Nest Hub 2,Hogar Inteligente,5810.47,1.0,0.04,5578.05,45
VTA0081562,2022-11-28,11,2022,C03157,Lic. Lourdes Otero,Este,Ocasional,V010,Sra. Guadalupe Llamas,Este,P0037,JBL Charge 5,Audio,8210.02,3.0,0.05,23398.56,21
VTA0081563,2022-11-11,11,2022,C03487,Lic. Francisco Javier Salinas,Este,Premium,V014,Ofelia Miriam Negrón,Oeste,P0048,Skullcandy Crusher,Audio,3715.71,5.0,0.09,16906.48,44
VTA0081564,2022-11-28,11,2022,C00029,Dr. Héctor Rodarte,Oeste,Premiun,V029,Francisco Ballesteros,Norte,P0031,Acer Aspire 7,celulares,8347.77,2.0,0.15,14191.21,38
VTA0081565,02/11/2022,11,2022,C04499,David José Eduardo Villalobos Acevedo,Centro,Premium,V024,Bernabé Guerra,Sur,P0059,Audífonos USB-C,Accesorios,1669.25,2.0,0.12,2937.88,43
VTA0081566,2022-11-09,11,2022,C03702,  Salvador Leonel Cadena  ,Norte,Ocasional,V045,Marisela Vanesa Chapa Aranda,Norte,P0094,RAM Corsair 32GB,fotografia,16464.19,4.0,0.15,55978.25,26
VTA0081567,2022-11-28,11,2022,C02647,Rosa Dávila Barraza,Centro,Premium,V037,Victoria Caridad Concepción,Centro,P0033,Sony WH-1000XM5,Audio,6906.32,2.0,0.01,13674.51,25
VTA0081568,2022-11-26,11,2022,C03461,Abraham Fierro,Este,Premium,V005,Aldo Adán Rodrígez Galarza,Este,P0036,Samsung Galaxy Buds2,Audio,7271.75,1.0,0.06,6835.44,43
VTA0081569,2022-11-15,11,2022,C02288,Abigail Zayas Henríquez,Sur,Premium,V025,Manuel Gerónimo Armas,Sur,P0077,Blackview Tab 16,Tablets,9522.07,5.0,0.08,43801.52,21
VTA0081570,2022-11-12,11,2022,C02563,Magdalena Fabiola Rosado,Oeste,Ocasional,V035,Estela Haro,Oeste,P0061,Batería Portátil 20000,Accesorios,1671.02,5.0,0.17,6934.73,32
VTA0081571,2022-11-17,11,2022,C04376,Sra. Noelia Montez,Este,Regular,V032,Nelly Barela Cardenas,Este,P0039,Sennheiser HD 450,Audio,1005.07,2.0,0.1,1809.13,24
VTA0081572,2022-11-17,11,2022,C02695,Mariana Almonte,Norte,Regular,V002,Nelly Marrero Ortiz,Norte,P0091,Capturadora Elgato 4K,LAPTOPS,1517.65,4.0,0.19,4917.19,25
VTA0081573,2022-11-16,11,2022,C00637,Sra. Mónica Girón,Sur,ocasional,V013,Alvaro Gaona Ocasio,Sur,P0079,Realme Pad 2,Tablets,8252.82,2.0,0.12,14524.96,20
VTA0081574,2022-11-24,11,2022,C01511,Barbara Nava Regalado,Centro,Ocasional,V033,Jaime Gamez Maldonado,Centro,P0065,iPad Pro M2 12.9,Tablets,6898.16,4.0,0.13,24005.6,21
VTA0081575,2022-11-26,11,2022,C00795,Cristian Rodríguez,Oeste,Regular,V030,Gustavo Camilo Ochoa Gamboa,Oeste,P0017,MacBook Pro M3,Laptops,12720.26,3.0,0.11,33963.09,43
VTA0081576,2022-11-30,11,2022,C03042,Ángela Cecilia Meléndez Fajardo,Este,Premium,V011,Clara Loera,Este,P0043,Sony WF-1000XM5,Audio,4487.03,2.0,0.09,8166.39,25
VTA0081577,2022-11-07,11,2022,C03259,Alfredo Crespo,Norte,Regular,V004,Aurora Zelaya,Norte,P0077,Blackview Tab 16,Tablets,11093.61,4.0,0.12,39049.51,21
VTA0081578,2022-11-10,11,2022,C00201,Lucas Víctor Muro Borrego,Norte,Ocacional,V016,Octavio Mario Rincón Marín,Norte,P0095,SSD Samsung 980 Pro,Gaming,2864.68,3.0,0.19,6961.17,28
VTA0081579,2022-11-10,11,2022,C02604,Nancy Trinidad Padrón,Norte,Ocasional,V029,Francisco Ballesteros,Norte,P0111,Monitor Portátil 4K,Fotografía,6301.02,5.0,0.13,27409.44,41
VTA0081580,2022-11-11,11,2022,C00659,  Anabel Mercedes Tapia  ,Sur,Regular,V008,Irene Franco,Sur,P0112,Estabilizador DJI OM6,celulares,15190.8,5.0,0.08,-69877.68,33
VTA0081581,2022-11-27,11,2022,C03633,Roberto Lara Mejía,Centro,Ocasional,V041,Srita. Nadia Casas,Centro,P0068,Lenovo Tab P12,Tablets,13681.94,1.0,0.1,12313.75,21
VTA0081582,2022-11-14,11,2022,C01065,  Daniel Nieves  ,Este,Regular,V010,Sra. Guadalupe Llamas,Este,P0021,ASUS ROG Zephyrus,Laptops,13303.79,3.0,0.03,38714.03,36
VTA0081583,2022-11-21,11,2022,C00666,Jacinto Cristian Galarza Ferrer,Centro,Ocasional,V033,Jaime Gamez Maldonado,Centro,P0044,Anker Q45,Audio,7275.54,1.0,0.04,6984.52,23
VTA0081584,2022-11-20,11,2022,C04071,Sr. Bernabé Reyna,Oeste,Premium,V017,Abraham Apodaca Colunga,Centro,P0098,Sony Alpha 7 IV,Fotografía,18824.16,4.0,0.17,62496.21,34
VTA0081585,2022-11-11,11,2022,C03006,Fernando Fernando Ornelas,Sur,Premiun,V008,Irene Franco,Sur,P0087,Headset HyperX Cloud III,Gaming,2106.77,5.0,0.13,9164.45,38
VTA0081586,2022-11-15,11,2022,C03869,José María Fajardo,Oeste,Ocasional,V022,Bernardo Lemus Caballero,Oeste,P0045,Marshall Emberton III,Audio,7877.9,3.0,0.17,19615.97,22
VTA0081587,2022-11-08,11,2022,C00613,Diego Gregorio Montoya Colón,Norte,Premium,V029,Francisco Ballesteros,Norte,P0012,Samsung A55,Celulares,21897.23,5.0,0.07,101822.12,36
VTA0081588,2022-11-18,11,2022,C03283,Rafaél Julio César Chapa Ballesteros,Centro,Premium,V031,  Bernabé César Salazar  ,Centro,P0048,Skullcandy Crusher,Audio,3344.89,1.0,0.18,2742.81,44
VTA0081589,2022-11-25,11,2022,C04013,Óliver Hernández,Norte,Premiun,V045,Marisela Vanesa Chapa Aranda,Norte,P0120,Timbre Ring Video Pro,Hogar Inteligente,7393.92,2.0,0.07,13752.69,21
VTA0081590,2022-11-08,11,2022,C03341,José Manuél Villegas Mendoza,Norte,ocasional,V023,Fidel Negrete Domínguez,Sur,P0066,Samsung Galaxy Tab S9,Tablets,13681.01,4.0,0.01,54176.8,24
VTA0081591,2022-11-26,11,2022,C00815,Débora Minerva de la Torre,Oeste,Regular,V022,Bernardo Lemus Caballero,Oeste,P0052,Protector Pantalla S24,Accesorios,1247.58,1.0,0.16,1047.97,31
VTA0081592,2022-11-01,11,2022,C03548,Luis Miguel Fonseca Ramón,Sur,Ocasional,V012,Rubén Marco Antonio Orta Ramos,Sur,P0049,Cargador MagSafe 30W,Accesorios,1049.03,4.0,0.17,3482.78,37
VTA0081593,2022-11-14,11,2022,C00217,Salvador Espinoza Monroy,Sur,Regular,V023,Fidel Negrete Domínguez,Sur,P0107,Tarjeta SD SanDisk 256,Fotografía,10420.34,5.0,0.18,42723.39,27
VTA0081594,2022-11-08,11,2022,C01418,  Juana Almaraz  ,Centro,Ocasional,V031,  Bernabé César Salazar  ,Centro,P0074,iPad Mini 6,Tablets,20689.0,2.0,0.09,37653.98,31
VTA0081595,2022-11-30,11,2022,C01019,  Leticia Vargas  ,Norte,Premium,V004,Aurora Zelaya,Norte,P0045,Marshall Emberton III,Audio,6729.42,4.0,0.05,25571.8,22
VTA0081596,2022-11-20,11,2022,C03735,Wendolin Dulce María Camacho Verduzco,Centro,Premium,V033,Jaime Gamez Maldonado,Centro,P0044,Anker Q45,Audio,7432.7,1.0,0.14,6392.12,23
VTA0081597,07/11/2022,11,2022,C02455,Guillermina Graciela Lomeli Aguirre,Centro,Regular,V019,Jacinto Rodrigo Salazar Rolón,Sur,P0041,Bang Olufsen H95,Audio,6049.06,3.0,0.08,16695.41,20
VTA0081598,2022-11-17,11,2022,C02728,Mercedes Patricia Martínez,Oeste,Premium,V050,José María Gustavo Beltrán,Oeste,P0035,Bose QC45,Audio,2815.8,3.0,0.09,7687.13,19
VTA0081599,2022-11-25,11,2022,C03781,Florencia Francisca Cabrera,Este,Regular,V049,Ing. María Teresa Bétancourt,Este,P0111,Monitor Portátil 4K,Fotografía,6815.79,5.0,0.11,30330.27,41
VTA0081600,2022-11-20,11,2022,C04643,  Daniela Padrón Nazario  ,Oeste,Regular,V022,Bernardo Lemus Caballero,Oeste,P0029,HP Pavilion 15,Laptops,8907.02,2.0,0.02,17457.76,24
VTA0081601,25/11/2022,11,2022,C02444,Daniel Cabán,Centro,Premium,V028,Sofía Delia Gurule Cantú,Centro,P0124,Sensor Movimiento Aqara,Hogar Inteligente,7845.78,2.0,0.17,-13023.99,35
VTA0081602,2022-11-13,11,2022,C03813,Dra. Úrsula Vásquez,Este,Ocasional,V030,Gustavo Camilo Ochoa Gamboa,Oeste,P0004,Google Pixel 8,LAPTOPS,5036.82,1.0,0.13,4382.03,34
VTA0081603,2022-11-21,11,2022,C04663,Miguel Mena,Este,Regular,V049,Ing. María Teresa Bétancourt,Este,P0091,Capturadora Elgato 4K,audio ,1475.09,3.0,0.18,3628.72,25
VTA0081604,2022-11-13,11,2022,C03225,Teodoro Fernández,Oeste,Ocasional,V047,  Estela Bianca Melgar Arias  ,Oeste,P0054,Mouse Logitech MX Master,Accesorios,1197.12,1.0,0.1,1077.41,25
VTA0081605,2022-11-02,11,2022,C04858,Uriel Martín Villagómez Cantú,Este,Premium,V005,Aldo Adán Rodrígez Galarza,Este,P0004,Google Pixel 8,Celulares,5665.6,3.0,0.04,16316.93,34
VTA0081606,2022-11-14,11,2022,C02697,Nancy Partida,Oeste,ocasional,V022,Bernardo Lemus Caballero,Oeste,P0064,Limpiador Pantallas Kit,Accesorios,1374.77,,0.0,6873.85,44
VTA0081607,2022-11-11,11,2022,C04202,María Cristina Soliz,Centro,Regular,V047,  Estela Bianca Melgar Arias  ,Oeste,P0127,Router WiFi 6 Mesh,Hogar Inteligente,4861.93,1.0,0.19,3938.16,44
VTA0081608,2022-11-03,11,2022,C04184,  Nelly Ofelia Solano Ayala  ,Norte,Regular,V005,Aldo Adán Rodrígez Galarza,Este,P0077,Blackview Tab 16,Tablets,10972.48,3.0,0.08,30284.04,21
VTA0081609,2022-11-10,11,2022,C04946,Diana Apodaca,Este,Ocacional,V005,Aldo Adán Rodrígez Galarza,Este,P0128,Panel Solar Portátil,Hogar Inteligente,4119.29,4.0,0.1,14829.44,39
VTA0081610,2022-11-09,11,2022,C00423,Ing. Guillermo Collado,Norte,Premium,V009,Amanda María José Bravo,Norte,P0045,Marshall Emberton III,Audio,6838.85,3.0,0.09,18670.06,22
VTA0081611,2022-11-27,11,2022,C04397,Patricia Villagómez,Norte,Regular,V022,Bernardo Lemus Caballero,Oeste,P0108,Batería Canon LP-E6,LAPTOPS,16060.38,1.0,0.16,13490.72,32
VTA0081612,2022-11-29,11,2022,C04238,Silvia Valladares Estévez,Centro,premiun,V017,Abraham Apodaca Colunga,Centro,P0073,Microsoft Surface Go 3,Tablets,11997.58,1.0,0.19,9718.04,22
VTA0081613,2022-11-25,11,2022,C01218,Benjamín Almanza,Centro,Ocacional,V048,Ivonne Véliz,Centro,P0012,Samsung A55,Celulares,19305.91,3.0,0.01,-57338.55,36
VTA0081614,2022-11-03,11,2022,C01190,Luis Manuel Flavio Barajas Urrutia,Oeste,Premium,V028,Sofía Delia Gurule Cantú,Centro,P0088,Teclado Razer Huntsman,Gaming,23763.08,5.0,0.04,114062.78,44
VTA0081615,2022-11-21,11,2022,C04797,Raúl Daniel Caraballo Fonseca,Norte,Premium,V015,Joaquín Benavides Meza,Norte,P0091,Capturadora Elgato 4K,Gaming,1642.47,1.0,0.0,1642.47,25
VTA0081616,2022-11-27,11,2022,C00918,Sra. Carlota Parra,Sur,Regular,V013,Alvaro Gaona Ocasio,Sur,P0058,Mochila Techpack 30L,Accesorios,795.37,3.0,0.19,1932.75,23
VTA0081617,2022-11-01,11,2022,C00104,Omar Porfirio Razo,Centro,Ocasional,V048,Ivonne Véliz,Centro,P0126,Proyector BenQ 4K,Hogar Inteligente,7417.32,1.0,0.08,6823.93,35
VTA0081618,2022-11-02,11,2022,C00855,Sr. Pablo Díaz,Este,Ocasional,V038,Violeta Itzel Benavídez,Oeste,P0096,Cooling Noctua NH-D15,Gaming,9062.42,5.0,0.03,43952.74,41
VTA0081619,2022-11-22,11,2022,C03892,Sergio Centeno,Norte,Ocasional,V046,Hermelinda Josefina Rodarte Bahena,Norte,P0078,Chuwi HiPad X,gaming,11921.5,2.0,0.12,20981.84,20
VTA0081620,2022-11-22,11,2022,C00251,Dr. Joaquín Castillo,Centro,ocasional,V028,Sofía Delia Gurule Cantú,Centro,P0125,TV Samsung QLED 55,Hogar Inteligente,2548.75,2.0,0.03,4944.58,20
VTA0081621,2022-11-03,11,2022,C00957,  Srita. Yeni Patiño  ,Norte,Regular,V043,Homero Esquivel,Norte,P0081,PlayStation 5,Gaming,11570.32,5.0,0.13,50330.89,46
VTA0081622,01/11/2022,11,2022,C04019,Bruno Bernal,Este,Premiun,V005,Aldo Adán Rodrígez Galarza,Este,P0022,Acer Swift 5,Laptops,36497.66,5.0,0.01,180663.42,41
VTA0081623,2022-11-23,11,2022,C00730,Iván Lucas Mercado Leal,Centro,Ocasional,V048,Ivonne Véliz,Centro,P0001,iPhone 15 Pro,Celulares,20242.08,5.0,0.08,93113.57,37
VTA0081624,2022-11-14,11,2022,C04905,Tania Ramírez,Centro,ocasional,V019,Jacinto Rodrigo Salazar Rolón,Sur,P0029,HP Pavilion 15,Laptops,9063.77,4.0,0.09,32992.12,24
VTA0081625,2022-11-27,11,2022,C00268,Dra. Bianca Leyva,Sur,Regular,V025,Manuel Gerónimo Armas,Sur,P0058,Mochila Techpack 30L,Accesorios,861.43,1.0,0.18,706.37,23
VTA0081626,2022-11-27,11,2022,C00667,Horacio Olivas Rojas,Este,Regular,V045,Marisela Vanesa Chapa Aranda,Norte,P0083,Nintendo Switch OLED,Gaming,14408.49,2.0,0.12,25358.94,39
VTA0081627,2022-11-15,11,2022,C02024,Rocío Lilia Orosco,Centro,Premium,V048,Ivonne Véliz,Centro,P0121,Roomba j7 Plus,Hogar Inteligente,6918.99,1.0,0.19,5604.38,38
VTA0081628,22/11/2022,11,2022,C00316,Arcelia Holguín Ibarra,Este,Ocasional,V011,Clara Loera,Este,P0124,Sensor Movimiento Aqara,Hogar Inteligente,7944.08,5.0,0.12,34953.95,35
VTA0081629,04/11/2022,11,2022,C04877,Srita. Mitzy Esquibel,Centro,Premiun,V041,Srita. Nadia Casas,Centro,P0077,Blackview Tab 16,Tablets,9514.03,5.0,0.16,39958.93,21
VTA0081630,2022-11-16,11,2022,C00686,,Norte,Ocasional,V045,Marisela Vanesa Chapa Aranda,Norte,P0035,Bose QC45,Audio,2747.73,2.0,0.06,5165.73,19
VTA0081631,2022-11-19,11,2022,C02392,Paulina Vaca,Centro,Ocasional,V003,Jacinto Rivero Valladares,Centro,P0026,MSI Prestige 16,Laptops,9058.72,2.0,0.11,16124.52,44
VTA0081632,2022-11-08,11,2022,C00455,Itzel Rodríguez,Norte,Ocacional,V002,Nelly Marrero Ortiz,Norte,P0076,TCL Tab 10,Tablets,15903.89,3.0,0.12,41986.27,24
VTA0081633,2022-11-01,11,2022,C03182,Miriam Camila Pabón Rodrígez,Centro,Ocasional,V028,Sofía Delia Gurule Cantú,Centro,P0026,MSI Prestige 16,Laptops,10186.34,5.0,0.14,43801.26,44
VTA0081634,2022-11-09,11,2022,C03436,Patricio Eloy de León Cordero,Centro,Premium,V028,Sofía Delia Gurule Cantú,Centro,P0063,Pad Mouse XL Gaming,Accesorios,2088.34,5.0,0.04,10024.03,42
VTA0081635,2022-11-01,11,2022,C04943,Sra. Reina Meléndez,Sur,Ocacional,V034,Rufino Rivera,Sur,P0118,Termostato Nest 3,Hogar Inteligente,1427.73,5.0,0.19,-5782.31,30
VTA0081636,2022-11-21,11,2022,C01187,Dr. Jacinto Jaramillo,Este,Ocasional,V032,Nelly Barela Cardenas,Este,P0057,Soporte Laptop Adjustable,Accesorios,561.51,3.0,0.02,1650.84,39
VTA0081637,2022-11-10,11,2022,C00419,Georgina Ángela Rocha Navarro,Sur,Premiun,V006,  Dr. Evelio Murillo  ,Sur,P0033,Sony WH-1000XM5,Audio,7048.31,4.0,0.18,23118.46,25
VTA0081638,2022-11-20,11,2022,C04551,Dr. Sergio Cavazos,Norte,premiun,V045,Marisela Vanesa Chapa Aranda,Norte,P0089,Mouse Logitech G Pro X,Gaming,6753.23,1.0,0.17,5605.18,45
VTA0081639,2022-11-29,11,2022,C00305,Georgina Úrsula Lucio Colunga,Oeste,Ocasional,V014,Ofelia Miriam Negrón,Oeste,P0011,iPhone 14,Celulares,9546.71,5.0,0.08,43914.87,43
VTA0081640,2022-11-05,11,2022,C03842,Benjamín Dueñas Sepúlveda,Norte,Ocasional,V042,  Srita. Sandra Escamilla  ,Norte,P0103,Lente Canon RF 50mm,Fotografía,14944.41,5.0,0.12,65755.4,31
VTA0081641,11/11/2022,11,2022,C02433,Frida Guadalupe del Río,Oeste,Ocasional,V047,  Estela Bianca Melgar Arias  ,Oeste,P0008,OPPO Find X7,fotografia,23147.43,5.0,0.0,115737.15,26
VTA0081642,2022-11-27,11,2022,C01410,Hermelinda de la Torre Hurtado,Norte,Regular,V005,Aldo Adán Rodrígez Galarza,Este,P0065,iPad Pro M2 12.9,Tablets,7550.28,3.0,0.16,19026.71,21
VTA0081643,2022-11-11,11,2022,C03530,Germán Chapa Llamas,Este,Ocasional,V032,Nelly Barela Cardenas,Este,P0096,Cooling Noctua NH-D15,Gaming,9337.56,4.0,0.09,33988.72,41
VTA0081644,2022-11-29,11,2022,C01788,Eva Miranda Lemus,Sur,Premium,V008,Irene Franco,Sur,P0106,Mochila Lowepro Pro,Fotografía,15889.17,4.0,0.06,59743.28,40
VTA0081645,2022-11-24,11,2022,C02285,Bernardo Oquendo Véliz,Sur,Ocasional,V021,  Cristal Valdés Maya  ,Sur,P0035,Bose QC45,Audio,2559.75,2.0,0.09,4658.74,19
VTA0081646,2022-11-16,11,2022,C04679,Sra. Mitzy Colón,Sur,Premium,V020,Dr. Arturo Angulo,Sur,P0021,ASUS ROG Zephyrus,Laptops,12526.29,5.0,0.06,58873.56,36
VTA0081647,2022-11-27,11,2022,C04457,Luisa Julia Cervántez Luna,Este,Premium,V032,Nelly Barela Cardenas,Este,P0047,Bose SoundLink,Audio,3946.04,4.0,0.17,13100.85,44
VTA0081648,2022-11-27,11,2022,C01767,Cynthia Olga Arroyo,Norte,Ocasional,V042,  Srita. Sandra Escamilla  ,Norte,P0074,iPad Mini 6,Tablets,17164.04,2.0,0.16,28835.59,31
VTA0081649,2022-11-10,11,2022,C04461,María del Carmen Alicia Canales,Norte,Premium,V016,Octavio Mario Rincón Marín,Norte,P0034,AirPods Pro 2,Audio,1391.16,4.0,0.08,5119.47,27
VTA0081650,2022-11-29,11,2022,C00097,Fernando Esquibel,Oeste,Regular,V006,  Dr. Evelio Murillo  ,Sur,P0123,Cerradura Yale Smart,Hogar Inteligente,8430.6,3.0,0.12,22256.78,29
VTA0081651,2022-11-17,11,2022,C01017,Tomás Gerónimo Guerrero,Este,Premium,V049,Ing. María Teresa Bétancourt,Este,P0128,Panel Solar Portátil,Hogar Inteligente,3459.6,2.0,0.14,5950.51,39
VTA0081652,2022-11-16,11,2022,C00395,  Barbara Judith Rentería  ,Este,Ocasional,V011,Clara Loera,Este,P0009,Sony Xperia 1 VI,Celulares,21865.81,5.0,0.13,95116.27,24
VTA0081653,2022-11-08,11,2022,C02900,Sr. Zacarías Urrutia,Centro,Regular,V028,Sofía Delia Gurule Cantú,Centro,P0123,Cerradura Yale Smart,Hogar Inteligente,8921.57,3.0,0.03,25961.77,29
VTA0081654,2022-11-03,11,2022,C01820,  Darío Miramontes Alvarado  ,Oeste,Regular,V003,Jacinto Rivero Valladares,Centro,P0085,Monitor LG 27GP950,gaming,18561.09,2.0,0.07,34523.63,43
VTA0081655,2022-11-24,11,2022,C00854,Indira Georgina Tovar Cisneros,Sur,REGULAR,V036,  Dr. Ignacio Aparicio  ,Sur,P0006,Motorola Edge 50,celulares,8256.53,2.0,0.0,16513.06,32
VTA0081656,2022-11-18,11,2022,C03420,Dr. Samuel Otero,Norte,Regular,V019,Jacinto Rodrigo Salazar Rolón,Sur,P0003,Xiaomi 14 Pro,Celulares,21364.83,2.0,0.13,37174.8,36
VTA0081657,2022-11-18,11,2022,C00261,Jacinto Mendoza Ontiveros,Norte,Regular,V043,Homero Esquivel,Norte,P0013,Xiaomi Redmi Note 13,fotografia,13770.06,1.0,0.04,13219.26,30
VTA0081658,2022-11-24,11,2022,C03534,José María Cadena Berríos,Sur,Regular,V023,Fidel Negrete Domínguez,Sur,P0115,Apple HomePod Mini,gaming,6695.62,3.0,0.16,16872.96,46
VTA0081659,28/11/2022,11,2022,C04715,Camila Solorio Alvarado,Centro,Premiun,V017,Abraham Apodaca Colunga,Centro,P0027,MacBook Air M2,Laptops,32701.58,3.0,0.13,85351.12,24
VTA0081660,2022-11-09,11,2022,C00981,  Augusto Alfonso Montemayor Toro  ,Oeste,Ocasional,V010,Sra. Guadalupe Llamas,Este,P0101,DJI Mavic 3 Pro,Fotografía,13226.49,4.0,0.03,-51318.78,27
VTA0081661,2022-11-26,11,2022,C03975,Barbara Segovia Jimínez,Sur,ocasional,V006,  Dr. Evelio Murillo  ,Sur,P0058,Mochila Techpack 30L,Accesorios,853.36,5.0,0.14,3669.45,23
VTA0081662,2022-11-09,11,2022,C03142,  Bernabé Quiñónez Collazo  ,Centro,Ocasional,V044,Julia Esther Solorio,Centro,P0103,Lente Canon RF 50mm,Fotografía,14444.38,1.0,0.15,12277.72,31
VTA0081663,2022-11-07,11,2022,C00495,Alberto Francisco Limón,Centro,Premium,V041,Srita. Nadia Casas,Centro,P0033,Sony WH-1000XM5,Audio,6855.8,4.0,0.19,22212.79,25
VTA0081664,2022-11-20,11,2022,C04214,Dra. Bianca Roque,Sur,Premium,V036,  Dr. Ignacio Aparicio  ,Sur,P0063,Pad Mouse XL Gaming,Accesorios,2062.29,5.0,0.06,9692.76,42
VTA0081665,2022-11-14,11,2022,C01879,Alma Granados Soria,Centro,premiun,V048,Ivonne Véliz,Centro,P0012,Samsung A55,Celulares,20683.09,3.0,0.19,50259.91,36
VTA0081666,2022-11-17,11,2022,C00585,Andrea Perea Merino,Norte,Premium,V038,Violeta Itzel Benavídez,Oeste,P0079,Realme Pad 2,Tablets,9192.66,2.0,0.14,15811.38,20
VTA0081667,02/11/2022,11,2022,C03449,Alfonso Garay,Centro,Premium,V028,Sofía Delia Gurule Cantú,Centro,P0095,SSD Samsung 980 Pro,audio ,2988.16,4.0,0.12,10518.32,28
VTA0081668,2022-11-18,11,2022,C04673,Sr. Eduardo Villaseñor,Sur,Ocasional,V020,Dr. Arturo Angulo,Sur,P0073,Microsoft Surface Go 3,Tablets,10597.04,4.0,0.14,36453.82,22
VTA0081669,2022-11-16,11,2022,C02767,  Sr. Alfredo Cabrera  ,Este,Ocasional,V032,Nelly Barela Cardenas,Este,P0074,iPad Mini 6,Tablets,18915.48,2.0,0.03,36696.03,31
VTA0081670,2022-11-27,11,2022,C01310,Federico Isaac Venegas,Este,Ocasional,V032,Nelly Barela Cardenas,Este,P0104,Flash Godox V1,Fotografía,17420.11,2.0,0.18,-28568.98,40
VTA0081671,2022-11-18,11,2022,C03856,Ing. Alfredo Ureña,Sur,ocasional,V021,  Cristal Valdés Maya  ,Sur,P0038,Beats Studio Pro,Audio,2252.31,,0.0,6756.93,39
VTA0081672,2022-11-10,11,2022,C01243,Linda Roque,Norte,Ocasional,V042,  Srita. Sandra Escamilla  ,Norte,P0098,Sony Alpha 7 IV,Fotografía,17297.78,2.0,0.05,32865.78,34
VTA0081673,2022-11-11,11,2022,C04596,Socorro Ilse Saiz Romero,Sur,Premium,V006,  Dr. Evelio Murillo  ,Sur,P0081,PlayStation 5,Gaming,11360.08,4.0,0.13,39533.08,46
VTA0081674,2022-11-14,11,2022,C04971,Carlos Saucedo,Norte,Regular,V045,Marisela Vanesa Chapa Aranda,Norte,P0042,Audio Technica ATH,fotografia,6722.74,4.0,0.06,25277.5,31
VTA0081675,10/11/2022,11,2022,C03672,Horacio Reynaldo Carrera,Oeste,Regular,V035,Estela Haro,Oeste,P0118,Termostato Nest 3,Hogar Inteligente,1466.13,2.0,0.15,2492.42,30
VTA0081676,2022-11-05,11,2022,C01139,María Cristina Rolón Soliz,Este,Ocacional,V032,Nelly Barela Cardenas,Este,P0048,Skullcandy Crusher,Audio,3776.91,2.0,0.13,6571.82,44
VTA0081677,30/11/2022,11,2022,C00765,Benjamín Corral Camarillo,Este,Premium,V009,Amanda María José Bravo,Norte,P0055,Teclado Keychron K2,Accesorios,1260.53,4.0,0.15,4285.8,28
VTA0081678,2022-11-28,11,2022,C03807,Elias Espartaco Espino Cortez,Centro,Ocasional,V001,Fernando Casares Jimínez,Oeste,P0043,Sony WF-1000XM5,Audio,4330.97,3.0,0.03,12603.12,25
VTA0081679,2022-11-07,11,2022,C03726,Ing. Mariano de la Garza,Sur,Premium,V021,  Cristal Valdés Maya  ,Sur,P0044,Anker Q45, Accesorios,7519.99,4.0,0.03,29177.56,23
VTA0081680,20/11/2022,11,2022,C03147,Cristina Elizondo,Centro,ocasional,V003,Jacinto Rivero Valladares,Centro,P0119,Enchufe Inteligente TP,Hogar Inteligente,4618.22,4.0,0.05,17549.24,27
VTA0081681,2022-11-26,11,2022,C02436,Diego Ruiz Cano,Este,Regular,V049,Ing. María Teresa Bétancourt,Este,P0025,Razer Blade 15,Laptops,28602.08,5.0,0.1,128709.36,44
VTA0081682,2022-11-07,11,2022,C00147,Carla Micaela Feliciano Velasco,Sur,ocasional,V023,Fidel Negrete Domínguez,Sur,P0037,JBL Charge 5,Audio,7162.77,5.0,0.01,35455.71,21
VTA0081683,2022-11-08,11,2022,C03316,Rodolfo Gaona Manzanares,Este,Ocasional,V005,Aldo Adán Rodrígez Galarza,Este,P0099,Nikon Z6 III,Fotografía,26869.1,5.0,0.11,119567.5,21
VTA0081684,2022-11-27,11,2022,C02147,Antonio Briseño Molina,Oeste,Premium,V026,Ing. Elias Valdivia,Oeste,P0100,Fujifilm X-T5,Fotografía,17068.26,1.0,0.13,14849.39,42
VTA0081685,2022-11-05,11,2022,C00014,María Luisa Niño,Norte,Ocasional,V015,Joaquín Benavides Meza,Norte,P0026,MSI Prestige 16,Laptops,9760.06,2.0,0.02,19129.72,44
VTA0081686,2022-11-29,11,2022,C00988,Natalia Dulce Rivera,Norte,Ocasional,V046,Hermelinda Josefina Rodarte Bahena,Norte,P0002,Samsung Galaxy S24,Celulares,8739.05,1.0,0.09,7952.54,19
VTA0081687,25/11/2022,11,2022,C03908,Leonardo Carrero,Este,Regular,V005,Aldo Adán Rodrígez Galarza,Este,P0003,Xiaomi 14 Pro,Celulares,22436.25,2.0,0.04,43077.6,36
VTA0081688,2022-11-25,11,2022,C04874,María del Carmen Corona,Este,Regular,V005,Aldo Adán Rodrígez Galarza,Este,P0049,Cargador MagSafe 30W,Accesorios,1009.41,5.0,0.12,4441.4,37
VTA0081689,2022-11-13,11,2022,C01954,Julio Horacio Meraz Santiago,Oeste,Ocasional,V007,Conchita Leticia Gastélum Corral,Oeste,P0040,Jabra Elite 85h,Audio,3283.22,1.0,0.11,2922.07,38
VTA0081690,2022-11-01,11,2022,C01718,Jerónimo Fernando Archuleta,Este,REGULAR,V011,Clara Loera,Este,P0016,Tecno Spark 20,Celulares,16054.05,3.0,0.09,43827.56,20
VTA0081691,2022-11-07,11,2022,C03939,  Marcela Micaela Candelaria Olmos  ,Centro,Premium,V017,Abraham Apodaca Colunga,Centro,P0031,Acer Aspire 7,Laptops,8432.49,2.0,0.18,13829.28,38
VTA0081692,2022-11-20,11,2022,C00778,Srita. Salma Feliciano,Norte,Ocacional,V043,Homero Esquivel,Norte,P0105,Tripié Joby GorillaPod,Fotografía,9607.76,4.0,0.05,36509.49,41
VTA0081693,2022-11-18,11,2022,C02414,Sandra Monroy,Norte,Regular,V016,Octavio Mario Rincón Marín,Norte,P0092,Micrófono Blue Yeti,tablets,14095.2,4.0,0.13,49051.3,47
VTA0081694,12/11/2022,11,2022,C03060,Ivonne Jaqueline Ferrer,Oeste,Premium,V039,Sr. Modesto Guillen,Oeste,P0034,AirPods Pro 2,Audio,1188.81,3.0,0.2,2853.14,27
VTA0081695,2022-11-03,11,2022,C04086,Leticia Lucero Mayorga,Oeste,Premium,V047,  Estela Bianca Melgar Arias  ,Oeste,P0053,Hub USB-C 7en1,Accesorios,461.64,5.0,0.09,2100.46,20
VTA0081696,2022-11-23,11,2022,C00604,Fidel Reynaldo Castro Guevara,Oeste,Regular,V035,Estela Haro,Oeste,P0033,Sony WH-1000XM5,Audio,7774.67,1.0,0.02,7619.18,25
VTA0081697,2022-11-16,11,2022,C00354,Alejandra Cynthia de la Garza,Sur,Premiun,V021,  Cristal Valdés Maya  ,Sur,P0018,Dell XPS 15,Laptops,39311.23,3.0,0.17,97884.96,40
VTA0081698,2022-11-08,11,2022,C02739,Clemente Venegas Luna,Centro,Ocacional,V003,Jacinto Rivero Valladares,Centro,P0028,Dell Inspiron 15,Laptops,30018.61,3.0,0.03,87354.16,37
VTA0081699,2022-11-20,11,2022,C04303,Eugenio de la Crúz,Oeste,Regular,V038,Violeta Itzel Benavídez,Oeste,P0103,Lente Canon RF 50mm,celulares,14459.39,5.0,0.11,64344.29,31
VTA0081700,2022-11-27,11,2022,C02249,  Soledad Fonseca  ,Este,Premium,V020,Dr. Arturo Angulo,Sur,P0052,Protector Pantalla S24,Accesorios,1041.99,4.0,0.11,3709.48,31
VTA0081701,2022-11-22,11,2022,C01501,Lic. Luz Nieto,Sur,Premiun,V025,Manuel Gerónimo Armas,Sur,P0016,Tecno Spark 20,gaming,14391.5,4.0,0.04,55263.36,20
VTA0081702,2022-11-12,11,2022,C04033,Srita. Raquel Ferrer,Oeste,Regular,V001,Fernando Casares Jimínez,Oeste,P0056,Webcam Logitech C920,tablets,1908.21,3.0,0.11,5094.92,43
VTA0081703,2022-11-14,11,2022,C03963,Lic. Sergio Collazo,Norte,Ocasional,V043,Homero Esquivel,Norte,P0093,GPU RTX 4070 Ti,Gaming,27695.19,5.0,0.18,113550.28,29
VTA0081704,17/11/2022,11,2022,C02866,María Elena Angélica González,Sur,ocasional,V024,Bernabé Guerra,Sur,P0041,Bang Olufsen H95,Audio,6304.15,5.0,0.03,30575.13,20
VTA0081705,10/11/2022,11,2022,C04177,Claudio Fajardo,Este,Regular,V011,Clara Loera,Este,P0051,Funda iPhone 15 Pro,fotografia,1391.19,3.0,0.06,3923.16,40
VTA0081706,2022-11-05,11,2022,C03526,Anabel Alvarez,Sur,Regular,V013,Alvaro Gaona Ocasio,Sur,P0064,Limpiador Pantallas Kit,Accesorios,1357.97,3.0,0.02,3992.43,44
VTA0081707,2022-11-04,11,2022,C04842,Aldo Posada Rivera,Centro,Ocasional,V025,Manuel Gerónimo Armas,Sur,P0009,Sony Xperia 1 VI,hogar inteligente,21888.78,4.0,0.18,71795.2,24
VTA0081708,27/11/2022,11,2022,C03900,Dolores Hermelinda Lugo Cortés,Sur,Premium,V012,Rubén Marco Antonio Orta Ramos,Sur,P0003,Xiaomi 14 Pro,Celulares,21631.89,3.0,0.06,61001.93,36
VTA0081709,2022-11-01,11,2022,C00675,Linda Canales Maldonado,Norte,Ocasional,V009,Amanda María José Bravo,Norte,P0027,MacBook Air M2,Laptops,36993.32,3.0,0.09,100991.76,24
VTA0081710,2022-11-19,11,2022,C01046,Ana Cornejo,Este,Regular,V009,Amanda María José Bravo,Norte,P0068,Lenovo Tab P12,Tablets,14077.2,5.0,0.2,56308.8,21
VTA0081711,2022-11-18,11,2022,C03333,Felipe Godínez Linares,Norte,Premiun,V015,Joaquín Benavides Meza,Norte,P0029,HP Pavilion 15,Laptops,9330.59,2.0,0.09,16981.67,24
VTA0081712,2022-11-14,11,2022,C01965,Amador Villagómez,Centro,Regular,V033,Jaime Gamez Maldonado,Centro,P0037,JBL Charge 5,Audio,8279.42,5.0,0.14,35601.51,21
VTA0081713,2022-11-30,11,2022,C01419,Frida Perea Collado,Centro,Ocasional,V033,Jaime Gamez Maldonado,Centro,P0023,Microsoft Surface Pro 9,tablets,32789.58,4.0,0.05,124600.4,27
VTA0081714,15/11/2022,11,2022,C02159,Margarita Alta  Gracia Toro Botello,Norte,Ocasional,V050,José María Gustavo Beltrán,Oeste,P0046,JBL Flip 6,hogar inteligente,2290.36,2.0,0.15,3893.61,40
VTA0081715,2022-11-07,11,2022,C04093,Gabriel de la Garza Rodríguez,Oeste,Premium,V039,Sr. Modesto Guillen,Oeste,P0023,Microsoft Surface Pro 9,Laptops,32198.04,4.0,0.05,-122352.55,27
VTA0081716,2022-11-12,11,2022,C00979,Jesús Samaniego,Sur,Regular,V024,Bernabé Guerra,Sur,P0053,Hub USB-C 7en1,Accesorios,447.2,5.0,0.03,2168.92,20
VTA0081717,12/11/2022,11,2022,C00018,Rubén Méndez,Oeste,Ocasional,V050,José María Gustavo Beltrán,Oeste,P0115,Apple HomePod Mini,Hogar Inteligente,6906.75,3.0,0.13,18026.62,46
VTA0081718,2022-11-20,11,2022,C02225,,Sur,Ocasional,V020,Dr. Arturo Angulo,Sur,P0069,Xiaomi Pad 6 Pro,Tablets,5822.13,2.0,0.17,9664.74,37
VTA0081719,24/11/2022,11,2022,C01147,Ing. Eva Montero,Oeste,premiun,V014,Ofelia Miriam Negrón,Oeste,P0114,Google Nest Hub 2,Hogar Inteligente,4975.0,1.0,0.12,4378.0,45
VTA0081720,2022-11-17,11,2022,C02383,Dra. Pilar Espinosa,Oeste,Premium,V001,Fernando Casares Jimínez,Oeste,P0077,Blackview Tab 16,celulares,9887.84,1.0,0.17,8206.91,21
VTA0081721,2022-11-10,11,2022,C03670,Marcos Ricardo Velázquez,Sur,Premium,V006,  Dr. Evelio Murillo  ,Sur,P0019,HP Spectre x360,Laptops,35679.97,5.0,0.15,151639.87,26
VTA0081722,04/11/2022,11,2022,C02635,Victoria Pabón Tello,Oeste,Ocasional,V050,José María Gustavo Beltrán,Oeste,P0030,Lenovo IdeaPad 5,Laptops,43733.46,1.0,0.13,38048.11,21
VTA0081723,2022-11-28,11,2022,C01679,Francisco Javier Andrés Ureña,Oeste,Regular,V050,José María Gustavo Beltrán,Oeste,P0071,ASUS Zenpad 3S,gaming,12960.43,4.0,0.07,48212.8,20
VTA0081724,2022-11-24,11,2022,C01314,Elena María del Carmen Acuña Alarcón,Este,Premium,V011,Clara Loera,Este,P0050,Cable USB-C 2m,Accesorios,1602.96,2.0,0.09,2917.39,32
VTA0081725,23/11/2022,11,2022,C00572,Sr. Tomás Feliciano,Oeste,Regular,V035,Estela Haro,Oeste,P0001,iPhone 15 Pro,Celulares,22496.17,5.0,0.05,106856.81,37
VTA0081726,2022-11-28,11,2022,C02819,Lorenzo Elias Alcaraz,Sur,Premium,V023,Fidel Negrete Domínguez,Sur,P0127,Router WiFi 6 Mesh,Hogar Inteligente,5435.69,4.0,0.08,20003.34,44
VTA0081727,2022-11-21,11,2022,C04602,  Dr. Eugenio Tamayo  ,Norte,Premium,V042,  Srita. Sandra Escamilla  ,Norte,P0009,Sony Xperia 1 VI,Celulares,26167.56,3.0,0.11,69867.39,24
VTA0081728,2022-11-05,11,2022,C01449,Lic. Ruby Posada,Oeste,Ocasional,V011,Clara Loera,Este,P0068,Lenovo Tab P12,Tablets,15002.94,5.0,0.17,62262.2,21
VTA0081729,2022-11-01,11,2022,C01254,Aldonza Bianca Ruiz Flórez,Oeste,Premium,V050,José María Gustavo Beltrán,Oeste,P0013,Xiaomi Redmi Note 13,Celulares,12974.69,2.0,0.13,22575.96,30
VTA0081730,2022-11-28,11,2022,C03443,Violeta Diana Palomo,Centro,Premium,V017,Abraham Apodaca Colunga,Centro,P0017,MacBook Pro M3,Laptops,14062.77,1.0,0.03,13640.89,43
VTA0081731,2022-11-19,11,2022,C02900,Sr. Zacarías Urrutia,Centro,Regular,V041,Srita. Nadia Casas,Centro,P0052,Protector Pantalla S24,fotografia,1124.68,3.0,0.17,2800.45,31
VTA0081732,2022-11-05,11,2022,C04210,Ariadna Caraballo,Este,Premium,V032,Nelly Barela Cardenas,Este,P0087,Headset HyperX Cloud III,Gaming,2004.67,4.0,0.09,7297.0,38
VTA0081733,03/11/2022,11,2022,C02053,Samuel Hinojosa,Oeste,Premium,V030,Gustavo Camilo Ochoa Gamboa,Oeste,P0086,Silla Gamer DXRacer,Gaming,21670.77,1.0,0.04,20803.94,26
VTA0081734,24/11/2022,11,2022,C01334,Pascual David Ruelas Soto,Norte,Ocasional,V004,Aurora Zelaya,Norte,P0080,Honor Pad 8,audio ,9963.77,1.0,0.01,9864.13,19
VTA0081735,07/11/2022,11,2022,C00188,Reynaldo Muñiz Aguayo,Oeste,Premiun,V038,Violeta Itzel Benavídez,Oeste,P0069,Xiaomi Pad 6 Pro,Tablets,5730.1,4.0,0.14,19711.54,37
VTA0081736,2022-11-20,11,2022,C02705,Paola Guerrero Segovia,Sur,Regular,V021,  Cristal Valdés Maya  ,Sur,P0089,Mouse Logitech G Pro X,Gaming,7243.49,4.0,0.01,28684.22,45
VTA0081737,2022-11-12,11,2022,C02159,Margarita Alta  Gracia Toro Botello,Norte,Ocasional,V045,Marisela Vanesa Chapa Aranda,Norte,P0041,Bang Olufsen H95,Audio,6677.36,1.0,0.02,6543.81,20
VTA0081738,2022-11-01,11,2022,C03386,Salma Yeni Cadena,Oeste,Premium,V016,Octavio Mario Rincón Marín,Norte,P0080,Honor Pad 8,LAPTOPS,8527.82,4.0,0.09,31041.26,19
VTA0081739,13/11/2022,11,2022,C02667,  Ing. Jacobo Corrales  ,Norte,Regular,V009,Amanda María José Bravo,Norte,P0121,Roomba j7 Plus,Hogar Inteligente,7176.16,5.0,0.09,32651.53,38
VTA0081740,2022-11-20,11,2022,C00269,René Hugo Avilés Patiño,Centro,REGULAR,V041,Srita. Nadia Casas,Centro,P0018,Dell XPS 15,Laptops,36258.48,4.0,0.09,131980.87,40
VTA0081741,2022-11-02,11,2022,C02859,Estela Alta  Gracia Rincón Urías,Este,Regular,V049,Ing. María Teresa Bétancourt,Este,P0098,Sony Alpha 7 IV,Fotografía,19907.72,2.0,0.18,32648.66,34
VTA0081742,2022-11-20,11,2022,C00522,Sessa Macías,Centro,Ocasional,V022,Bernardo Lemus Caballero,Oeste,P0116,Foco Philips Hue,Hogar Inteligente,4100.49,5.0,0.16,17222.06,44
VTA0081743,2022-11-23,11,2022,C02299,Srita. Berta Valentín,Sur,Regular,V006,  Dr. Evelio Murillo  ,Sur,P0106,Mochila Lowepro Pro,Fotografía,15955.68,2.0,0.07,29677.56,40
VTA0081744,2022-11-28,11,2022,C04957,Salvador René Moreno Barreto,Sur,Premium,V023,Fidel Negrete Domínguez,Sur,P0058,Mochila Techpack 30L,Accesorios,885.59,4.0,0.11,3152.7,23
VTA0081745,2022-11-10,11,2022,C03862,Rosario Barbara Menchaca Corral,Este,Premium,V005,Aldo Adán Rodrígez Galarza,Este,P0051,Funda iPhone 15 Pro,Accesorios,1397.37,2.0,0.12,2459.37,40
VTA0081746,2022-11-18,11,2022,C03641,María Eugenia Figueroa Adame,Este,Premium,V009,Amanda María José Bravo,Norte,P0013,Xiaomi Redmi Note 13,Celulares,12717.2,3.0,0.13,33191.89,30
VTA0081747,2022-11-16,11,2022,C01013,Jacinto Fernando de la Fuente Barreto,Sur,Premium,V024,Bernabé Guerra,Sur,P0091,Capturadora Elgato 4K,celulares,1526.8,3.0,0.1,4122.36,25
VTA0081748,2022-11-29,11,2022,C04745,Ing. Abraham Mora,Oeste,Regular,V035,Estela Haro,Oeste,P0106,Mochila Lowepro Pro,Fotografía,17435.04,2.0,0.12,30685.67,40
VTA0081749,2022-11-07,11,2022,C02520,Ilse Velásquez,Norte,Regular,V029,Francisco Ballesteros,Norte,P0069,Xiaomi Pad 6 Pro,Tablets,5255.54,5.0,0.03,25489.37,37
VTA0081750,2022-11-17,11,2022,C03080,  Lic. Pilar Menéndez  ,Norte,Regular,V041,Srita. Nadia Casas,Centro,P0050,Cable USB-C 2m,Accesorios,1445.32,1.0,0.16,1214.07,32
VTA0081751,2022-11-23,11,2022,C04353,Julio Rivero de Jesús,Oeste,Regular,V040,Karla Silvia Mireles Patiño,Oeste,P0017,MacBook Pro M3,Laptops,12097.94,3.0,0.13,31575.62,43
VTA0081752,2022-11-17,11,2022,C04212,Estela Luisa Quiñónez,Sur,Regular,V036,  Dr. Ignacio Aparicio  ,Sur,P0060,Adaptador HDMI 4K,Accesorios,1125.09,4.0,0.18,3690.3,29
VTA0081753,20/11/2022,11,2022,C02889,Dra. Lorena Mesa,Norte,Regular,V042,  Srita. Sandra Escamilla  ,Norte,P0020,Lenovo ThinkPad X1,Laptops,26165.73,2.0,0.1,47098.31,42
VTA0081754,2022-11-19,11,2022,C03122,Karina Oquendo,Este,Premium,V049,Ing. María Teresa Bétancourt,Este,P0045,Marshall Emberton III,Audio,7290.52,2.0,0.18,11956.45,22
VTA0081755,2022-11-11,11,2022,C02241,Sra. Margarita Toro,Centro,Premium,V048,Ivonne Véliz,Centro,P0127,Router WiFi 6 Mesh,Hogar Inteligente,5522.41,5.0,0.11,24574.72,44
VTA0081756,2022-11-07,11,2022,C02898,Nadia Acosta Cepeda,Norte,Ocasional,V029,Francisco Ballesteros,Norte,P0127,Router WiFi 6 Mesh,Hogar Inteligente,5539.45,5.0,0.19,22434.77,44
VTA0081757,2022-11-12,11,2022,C03116,Sr. Óscar Ornelas,Sur,Premium,V023,Fidel Negrete Domínguez,Sur,P0067,iPad Air M1,Tablets,15591.12,4.0,0.06,58622.61,39
VTA0081758,2022-11-26,11,2022,C03071,Diana Rebeca Alfaro Bétancourt,Oeste,Ocacional,V022,Bernardo Lemus Caballero,Oeste,P0007,Realme GT5,Celulares,17993.15,3.0,0.13,46962.12,39
VTA0081759,2022-11-29,11,2022,C04681,Camila Ramírez,Norte,Regular,V015,Joaquín Benavides Meza,Norte,P0047,Bose SoundLink,Audio,4277.71,5.0,0.03,20746.89,44
VTA0081760,2022-11-20,11,2022,C04119,Florencia Carolina Santacruz Montañez,Este,premiun,V005,Aldo Adán Rodrígez Galarza,Este,P0025,Razer Blade 15,Laptops,28802.11,2.0,0.1,51843.8,44
VTA0081761,2022-11-17,11,2022,C00595,Daniel Arturo Olivares Tovar,Sur,Premiun,V036,  Dr. Ignacio Aparicio  ,Sur,P0086,Silla Gamer DXRacer,Gaming,20369.78,5.0,0.17,84534.59,26
VTA0081762,2022-11-27,11,2022,C00439,Lilia Carvajal Cardenas,Centro,Premium,V028,Sofía Delia Gurule Cantú,Centro,P0048,Skullcandy Crusher,Audio,3397.13,4.0,0.14,11686.13,44
VTA0081763,2022-11-17,11,2022,C04809,Silvano Cruz,Centro,Regular,V006,  Dr. Evelio Murillo  ,Sur,P0114,Google Nest Hub 2,Hogar Inteligente,5157.03,4.0,0.07,19184.15,45
VTA0081764,2022-11-25,11,2022,C01518,Abraham Jesús Medrano,Este,Ocasional,V032,Nelly Barela Cardenas,Este,P0027,MacBook Air M2,Laptops,33060.41,3.0,0.18,81328.61,24
VTA0081765,2022-11-14,11,2022,C02968,  Paola Laura Montez  ,Norte,Premium,V042,  Srita. Sandra Escamilla  ,Norte,P0061,Batería Portátil 20000,Accesorios,2010.33,4.0,0.09,7317.6,32
VTA0081766,2022-11-28,11,2022,C04767,Zoé Nancy de la Crúz Verduzco,Centro,Premium,V033,Jaime Gamez Maldonado,Centro,P0020,Lenovo ThinkPad X1,hogar inteligente,26416.57,2.0,0.06,49663.15,42
VTA0081767,2022-11-26,11,2022,C04762,Fidel Augusto Peña,Sur,Ocasional,V021,  Cristal Valdés Maya  ,Sur,P0091,Capturadora Elgato 4K,Gaming,1418.03,5.0,0.14,6097.53,25
VTA0081768,2022-11-29,11,2022,C01983,Juan Uribe,Oeste,Ocasional,V047,  Estela Bianca Melgar Arias  ,Oeste,P0109,Filtro ND Variable,Fotografía,3582.58,3.0,0.04,10317.83,30
VTA0081769,07/11/2022,11,2022,C01308,Nadia Yuridia Treviño Téllez,Oeste,Regular,V001,Fernando Casares Jimínez,Oeste,P0094,RAM Corsair 32GB,Gaming,17309.47,5.0,0.14,74430.72,26
VTA0081770,2022-11-25,11,2022,C04622,Lorena Pichardo,Norte,Ocasional,V002,Nelly Marrero Ortiz,Norte,P0111,Monitor Portátil 4K,Fotografía,6833.59,2.0,0.18,11207.09,41
VTA0081771,27/11/2022,11,2022,C04714,Ricardo Gutiérrez,Norte,Premium,V002,Nelly Marrero Ortiz,Norte,P0117,Cámara Nest Doorbell,Hogar Inteligente,11811.61,5.0,0.12,51971.08,34
VTA0081772,2022-11-04,11,2022,C02715,Serafín Espinoza,Sur,REGULAR,V025,Manuel Gerónimo Armas,Sur,P0093,GPU RTX 4070 Ti,Gaming,29401.84,2.0,0.17,48807.05,29
VTA0081773,2022-11-28,11,2022,C03332,,Este,Ocasional,V032,Nelly Barela Cardenas,Este,P0069,Xiaomi Pad 6 Pro, Accesorios,5752.38,3.0,0.14,14841.14,37
VTA0081774,2022-11-10,11,2022,C03208,,Oeste,Premium,V039,Sr. Modesto Guillen,Oeste,P0063,Pad Mouse XL Gaming,Accesorios,1838.76,5.0,0.05,8734.11,42
VTA0081775,2022-11-26,11,2022,C04548,  Marco Antonio Víctor Noriega Tello  ,Oeste,Regular,V022,Bernardo Lemus Caballero,Oeste,P0036,Samsung Galaxy Buds2,Audio,6525.03,4.0,0.18,21402.1,43
VTA0081776,06/11/2022,11,2022,C01890,Sr. Clemente Rivero,Oeste,Regular,V014,Ofelia Miriam Negrón,Oeste,P0060,Adaptador HDMI 4K,Accesorios,1027.04,1.0,0.13,893.52,29
VTA0081777,2022-11-14,11,2022,C01728,Benito Madrid,Este,ocasional,V032,Nelly Barela Cardenas,Este,P0119,Enchufe Inteligente TP,Hogar Inteligente,4751.73,5.0,0.0,23758.65,27
VTA0081778,2022-11-01,11,2022,C04655,Lorenzo Javier Mata Torres,Norte,Ocasional,V009,Amanda María José Bravo,Norte,P0052,Protector Pantalla S24,Accesorios,1222.48,2.0,0.0,2444.96,31
VTA0081779,2022-11-08,11,2022,C02079,Leonardo Negrón Villalpando,Centro,Premiun,V041,Srita. Nadia Casas,Centro,P0100,Fujifilm X-T5,Fotografía,15495.35,1.0,0.15,13171.05,42
VTA0081780,2022-11-23,11,2022,C02993,Yolanda Rivas,Sur,Premium,V050,José María Gustavo Beltrán,Oeste,P0095,SSD Samsung 980 Pro,tablets,2830.87,4.0,0.09,10304.37,28
VTA0081781,2022-11-13,11,2022,C02824,Oswaldo Israel Mata,Este,Ocasional,V011,Clara Loera,Este,P0026,MSI Prestige 16,Laptops,8590.31,2.0,0.16,14431.72,44
VTA0081782,2022-11-17,11,2022,C00900,Rocío Elsa Cavazos,Sur,Premium,V019,Jacinto Rodrigo Salazar Rolón,Sur,P0055,Teclado Keychron K2,Accesorios,1313.83,3.0,0.09,3586.76,28
VTA0081783,2022-11-05,11,2022,C03572,Miguel Ángel Suárez Hinojosa,Centro,Premium,V041,Srita. Nadia Casas,Centro,P0087,Headset HyperX Cloud III,Gaming,1988.91,3.0,0.09,5429.72,38
VTA0081784,2022-11-14,11,2022,C00931,Timoteo Enríquez Juárez,Centro,premiun,V017,Abraham Apodaca Colunga,Centro,P0111,Monitor Portátil 4K,Fotografía,6136.83,1.0,0.2,4909.46,41
VTA0081785,2022-11-11,11,2022,C00768,Jorge Luis Zedillo Laboy,Oeste,Regular,V030,Gustavo Camilo Ochoa Gamboa,Oeste,P0110,Reflector 5en1 80cm,Fotografía,15480.25,2.0,0.03,30031.68,26
VTA0081786,2022-11-23,11,2022,C03998,  Ing. Lourdes Linares  ,Este,REGULAR,V011,Clara Loera,Este,P0125,TV Samsung QLED 55,Hogar Inteligente,2797.68,4.0,0.07,10407.37,20
VTA0081787,2022-11-16,11,2022,C04711,  Margarita Ángela Cisneros Quiñónez  ,Este,Regular,V023,Fidel Negrete Domínguez,Sur,P0033,Sony WH-1000XM5,Audio,7809.54,4.0,0.13,-27177.2,25
VTA0081788,2022-11-08,11,2022,C00841,Santiago Hernández,Centro,Premium,V050,José María Gustavo Beltrán,Oeste,P0107,Tarjeta SD SanDisk 256,Fotografía,9997.05,5.0,0.17,41487.76,27
VTA0081789,27/11/2022,11,2022,C00731,Irma Bonilla,Oeste,Regular,V035,Estela Haro,Oeste,P0046,JBL Flip 6,Audio,2595.61,3.0,0.14,6696.67,40
VTA0081790,2022-11-06,11,2022,C03183,Uriel Bustamante Irizarry,Este,Regular,V005,Aldo Adán Rodrígez Galarza,Este,P0040,Jabra Elite 85h,Audio,2894.12,1.0,0.14,2488.94,38
VTA0081791,2022-11-06,11,2022,C03391,Aurelio Segovia Blanco,Norte,Premium,V004,Aurora Zelaya,Norte,P0037,JBL Charge 5,Audio,7242.91,1.0,0.01,7170.48,21
VTA0081792,2022-11-03,11,2022,C04288,,Sur,Premium,V027,Claudio Andrés Gómez Sosa,Sur,P0085,Monitor LG 27GP950,Gaming,18199.41,,0.11,80987.37,43
VTA0081793,2022-11-03,11,2022,C03220,Ilse Olivares,Sur,Premium,V018,Lic. Gilberto Castellanos,Sur,P0110,Reflector 5en1 80cm,Fotografía,13903.45,1.0,0.13,12096.0,26
VTA0081794,2022-11-13,11,2022,C02140,Lic. Salvador Mojica,Sur,Ocasional,V006,  Dr. Evelio Murillo  ,Sur,P0060,Adaptador HDMI 4K,Accesorios,1004.11,2.0,0.19,1626.66,29
VTA0081795,2022-11-04,11,2022,C03136,Lic. Inés Jaime,Sur,ocasional,V034,Rufino Rivera,Sur,P0084,Steam Deck 512GB,Gaming,11052.27,2.0,0.03,21441.4,26
VTA0081796,2022-11-29,11,2022,C01364,Esther Aguilera,Centro,Premium,V044,Julia Esther Solorio,Centro,P0013,Xiaomi Redmi Note 13,Celulares,12908.21,5.0,0.16,54214.48,30
VTA0081797,2022-11-29,11,2022,C02686,Ing. María del Carmen Garrido,Oeste,Ocasional,V035,Estela Haro,Oeste,P0119,Enchufe Inteligente TP,Hogar Inteligente,4459.86,1.0,0.14,3835.48,27
VTA0081798,2022-11-15,11,2022,C01450,Blanca Véliz,Centro,Regular,V049,Ing. María Teresa Bétancourt,Este,P0070,Amazon Fire HD 10,Tablets,18841.37,1.0,0.07,17522.47,33
VTA0081799,2022-11-17,11,2022,C01711,Héctor Israel Carrión,Oeste,Premium,V022,Bernardo Lemus Caballero,Oeste,P0059,Audífonos USB-C,Accesorios,1660.34,4.0,0.15,5645.16,43
VTA0081800,2022-11-22,11,2022,C01207,Micaela Estela Ulibarri,Centro,Regular,V037,Victoria Caridad Concepción,Centro,P0023,Microsoft Surface Pro 9,Laptops,31914.26,2.0,0.08,58722.24,27
VTA0081801,2022-11-25,11,2022,C02742,Alonso Ureña Concepción,Este,Regular,V005,Aldo Adán Rodrígez Galarza,Este,P0106,Mochila Lowepro Pro,Fotografía,17440.73,3.0,0.08,48136.41,40
VTA0081802,2022-11-01,11,2022,C00367,Gilberto Noriega,Norte,Regular,V002,Nelly Marrero Ortiz,Norte,P0089,Mouse Logitech G Pro X,tablets,6354.14,2.0,0.19,10293.71,45
VTA0081803,2022-11-05,11,2022,C03884,Angélica Segura Franco,Este,Ocasional,V032,Nelly Barela Cardenas,Este,P0001,iPhone 15 Pro,Celulares,21291.06,1.0,0.1,19161.95,37
VTA0081804,2022-11-13,11,2022,C01307,Eugenia Guillermina Barajas,Sur,Ocasional,V006,  Dr. Evelio Murillo  ,Sur,P0045,Marshall Emberton III,Audio,7418.1,3.0,0.12,19583.78,22
VTA0081805,2022-11-18,11,2022,C04887,Yolanda Becerra,Norte,Ocasional,V016,Octavio Mario Rincón Marín,Norte,P0070,Amazon Fire HD 10,Tablets,18589.5,1.0,0.04,17845.92,33
VTA0081806,26/11/2022,11,2022,C02762,Genaro Joaquín Jasso,Sur,Premiun,V018,Lic. Gilberto Castellanos,Sur,P0031,Acer Aspire 7,Laptops,9022.92,1.0,0.14,7759.71,38
VTA0081807,2022-11-28,11,2022,C04842,Aldo Posada Rivera,Centro,Ocasional,V028,Sofía Delia Gurule Cantú,Centro,P0041,Bang Olufsen H95,Audio,5975.83,4.0,0.05,22708.15,20
VTA0081808,04/11/2022,11,2022,C03132,Frida Carmen Paredes Ybarra,Este,Regular,V024,Bernabé Guerra,Sur,P0008,OPPO Find X7,Celulares,21364.12,3.0,0.17,53196.66,26
VTA0081809,2022-11-29,11,2022,C01319,Hernán Jesús Montez,Centro,Premium,V017,Abraham Apodaca Colunga,Centro,P0064,Limpiador Pantallas Kit,audio ,1322.07,5.0,0.16,5552.69,44
VTA0081810,2022-11-16,11,2022,C04073,,Norte,Premium,V029,Francisco Ballesteros,Norte,P0120,Timbre Ring Video Pro,Hogar Inteligente,7248.01,2.0,0.05,13771.22,21
VTA0081811,2022-11-12,11,2022,C01410,Hermelinda de la Torre Hurtado,Norte,Regular,V039,Sr. Modesto Guillen,Oeste,P0074,iPad Mini 6,Tablets,17781.09,3.0,0.01,52809.84,31
VTA0081812,22/11/2022,11,2022,C03934,Julio César Pascual Posada,Centro,Regular,V033,Jaime Gamez Maldonado,Centro,P0014,Motorola G84,Celulares,6026.34,1.0,0.11,5363.44,20
VTA0081813,2022-11-25,11,2022,C02194,  Angélica Amalia Herrera Aguilera  ,Sur,Premium,V019,Jacinto Rodrigo Salazar Rolón,Sur,P0023,Microsoft Surface Pro 9,Laptops,32169.43,3.0,0.1,86857.46,27
VTA0081814,2022-11-27,11,2022,C01854,Lic. Sofía Palacios,Centro,Premium,V037,Victoria Caridad Concepción,Centro,P0077,Blackview Tab 16,Tablets,11381.61,2.0,0.16,19121.1,21
VTA0081815,2022-11-21,11,2022,C00006,Modesto Miguel Ángel Pelayo,Este,Ocasional,V011,Clara Loera,Este,P0097,Canon EOS R6 Mark II,gaming,33014.09,4.0,0.13,114889.03,38
VTA0081816,2022-11-24,11,2022,C00156,Guillermina Aida Tamez Navarrete,Oeste,Regular,V013,Alvaro Gaona Ocasio,Sur,P0111,Monitor Portátil 4K,Fotografía,7341.06,5.0,0.19,29731.29,41
VTA0081817,2022-11-13,11,2022,C03396,Enrique Velasco,Sur,Ocasional,V025,Manuel Gerónimo Armas,Sur,P0102,GoPro Hero 12,celulares,27785.18,1.0,0.13,24173.11,45
VTA0081818,2022-11-05,11,2022,C03899,Úrsula Susana Luevano,Centro,Ocasional,V044,Julia Esther Solorio,Centro,P0109,Filtro ND Variable,Fotografía,3585.8,2.0,0.17,5952.43,30
VTA0081819,2022-11-21,11,2022,C04662,  Lic. Fabiola Melgar  ,Este,Premium,V010,Sra. Guadalupe Llamas,Este,P0081,PlayStation 5,Gaming,10426.84,5.0,0.14,44835.41,46
VTA0081820,18/11/2022,11,2022,C02547,Germán Macías Arguello,Este,Ocasional,V040,Karla Silvia Mireles Patiño,Oeste,P0048,Skullcandy Crusher,Audio,3666.24,3.0,0.01,10888.73,44
VTA0081821,14/11/2022,11,2022,C03006,Fernando Fernando Ornelas,Sur,Ocasional,V025,Manuel Gerónimo Armas,Sur,P0071,ASUS Zenpad 3S,Tablets,13543.02,3.0,0.09,36972.44,20
VTA0081822,2022-11-20,11,2022,C04236,Jorge Lorenzo Nevárez,Este,Regular,V032,Nelly Barela Cardenas,Este,P0107,Tarjeta SD SanDisk 256,Fotografía,11669.9,4.0,0.01,46212.8,27
VTA0081823,2022-11-14,11,2022,C02190,Fidel Valentín Ontiveros,Sur,Premium,V021,  Cristal Valdés Maya  ,Sur,P0102,GoPro Hero 12,Fotografía,27818.03,4.0,0.1,100144.91,45
VTA0081824,29/11/2022,11,2022,C01557,  Rosalia Villagómez Viera  ,Oeste,Regular,V040,Karla Silvia Mireles Patiño,Oeste,P0039,Sennheiser HD 450,Audio,1136.38,5.0,0.09,5170.53,24
VTA0081825,2022-11-15,11,2022,C04233,Francisco Javier Olvera,Centro,Regular,V019,Jacinto Rodrigo Salazar Rolón,Sur,P0092,Micrófono Blue Yeti,Gaming,13200.5,2.0,0.13,22968.87,47
VTA0081826,2022-11-06,11,2022,C04338,Yuridia Ortega Tapia,Oeste,Ocasional,V014,Ofelia Miriam Negrón,Oeste,P0009,Sony Xperia 1 VI,Celulares,24041.32,2.0,0.03,46640.16,24
VTA0081827,2022-11-05,11,2022,C03135,  Horacio Alfredo Cabrera Mascareñas  ,Sur,Premium,V025,Manuel Gerónimo Armas,Sur,P0071,ASUS Zenpad 3S,Tablets,14452.88,5.0,0.04,69373.82,20
VTA0081828,2022-11-26,11,2022,C00257,  Caridad Silvia Regalado  ,Oeste,Premiun,V016,Octavio Mario Rincón Marín,Norte,P0027,MacBook Air M2,Laptops,39161.53,4.0,0.1,140981.51,24
VTA0081829,13/11/2022,11,2022,C00115,Dulce María Asunción Alonso,Oeste,Ocasional,V007,Conchita Leticia Gastélum Corral,Oeste,P0126,Proyector BenQ 4K,Hogar Inteligente,7492.59,3.0,0.17,18656.55,35
VTA0081830,2022-11-18,11,2022,C00603,Rodrigo Wilfrido Castro Vigil,Este,Regular,V032,Nelly Barela Cardenas,Este,P0125,TV Samsung QLED 55,Hogar Inteligente,2851.8,3.0,0.13,7443.2,20
VTA0081831,2022-11-07,11,2022,C01846,Bruno Jacobo Alonzo Mora,Oeste,Ocasional,V001,Fernando Casares Jimínez,Oeste,P0037,JBL Charge 5,Audio,8187.9,3.0,0.01,24318.06,21
VTA0081832,2022-11-03,11,2022,C04405,Lilia Frías del Valle,Centro,Regular,V010,Sra. Guadalupe Llamas,Este,P0029,HP Pavilion 15,Laptops,9770.34,2.0,0.09,17782.02,24
VTA0081833,11/11/2022,11,2022,C01619,Lic. Ricardo Candelaria,Centro,Premium,V033,Jaime Gamez Maldonado,Centro,P0016,Tecno Spark 20,Celulares,15684.98,1.0,0.18,12861.68,20
VTA0081834,2022-11-25,11,2022,C04036,Luz Girón,Oeste,Regular,V022,Bernardo Lemus Caballero,Oeste,P0083,Nintendo Switch OLED,Gaming,15827.25,3.0,0.13,41309.12,39
VTA0081835,2022-11-27,11,2022,C04077,  Pedro del Río  ,Este,Ocasional,V005,Aldo Adán Rodrígez Galarza,Este,P0092,Micrófono Blue Yeti,Gaming,14187.71,4.0,0.09,51643.26,47
VTA0081836,04/11/2022,11,2022,C00919,Amador Camacho Contreras,Sur,Regular,V012,Rubén Marco Antonio Orta Ramos,Sur,P0072,Huawei MatePad Pro,Tablets,18202.55,5.0,0.06,85551.98,43
VTA0081837,2022-11-22,11,2022,C04370,Luis Miguel Montañez Cavazos,Oeste,Ocasional,V001,Fernando Casares Jimínez,Oeste,P0065,iPad Pro M2 12.9, Accesorios,8149.75,1.0,0.1,7334.78,21
VTA0081838,2022-11-24,11,2022,C04421,Gilberto Matías,Norte,Premiun,V042,  Srita. Sandra Escamilla  ,Norte,P0002,Samsung Galaxy S24,Celulares,8791.23,5.0,0.13,38241.85,19
VTA0081839,2022-11-04,11,2022,C03984,Amelia Chapa,Oeste,ocasional,V039,Sr. Modesto Guillen,Oeste,P0104,Flash Godox V1,Fotografía,14477.28,4.0,0.14,49801.84,40
VTA0081840,2022-11-10,11,2022,C02243,Sr. Lorenzo Morales,Centro,premiun,V015,Joaquín Benavides Meza,Norte,P0055,Teclado Keychron K2,Accesorios,1267.54,2.0,0.06,2382.98,28
VTA0081841,2022-11-05,11,2022,C02763,Ricardo Domínguez,Sur,Ocasional,V023,Fidel Negrete Domínguez,Sur,P0041,Bang Olufsen H95,Audio,6203.01,2.0,0.11,11041.36,20
VTA0081842,2022-11-23,11,2022,C01143,Oswaldo Báez,Centro,Ocasional,V048,Ivonne Véliz,Centro,P0120,Timbre Ring Video Pro,Hogar Inteligente,7231.39,2.0,0.18,11859.48,21
VTA0081843,2022-11-11,11,2022,C01148,Margarita Becerra,Norte,Ocasional,V050,José María Gustavo Beltrán,Oeste,P0053,Hub USB-C 7en1,Accesorios,418.55,4.0,0.15,1423.07,20
VTA0081844,12/11/2022,11,2022,C01311,Dra. Ángela Otero,Este,Premium,V032,Nelly Barela Cardenas,Este,P0079,Realme Pad 2,Tablets,9972.54,3.0,0.13,26028.33,20
VTA0081845,2022-11-23,11,2022,C00822,Alicia Laura Arce Terrazas,Centro,Ocasional,V034,Rufino Rivera,Sur,P0097,Canon EOS R6 Mark II,Fotografía,32363.09,3.0,0.19,78642.31,38
VTA0081846,2022-11-12,11,2022,C04583,Raúl Felix Fonseca,Norte,Ocasional,V002,Nelly Marrero Ortiz,Norte,P0058,Mochila Techpack 30L,Accesorios,884.56,1.0,0.12,778.41,23
VTA0081847,2022-11-09,11,2022,C01625,  Gerónimo Castañeda  ,Norte,Premium,V016,Octavio Mario Rincón Marín,Norte,P0063,Pad Mouse XL Gaming,Accesorios,1981.98,5.0,0.01,9810.8,42
VTA0081848,2022-11-18,11,2022,C01003,Sr. Horacio Sotelo,Este,Regular,V005,Aldo Adán Rodrígez Galarza,Este,P0077,Blackview Tab 16,Tablets,10958.02,3.0,0.03,31887.84,21
VTA0081849,2022-11-09,11,2022,C03333,Felipe Godínez Linares,Norte,Premiun,V029,Francisco Ballesteros,Norte,P0083,Nintendo Switch OLED,Gaming,14723.11,5.0,0.12,64781.68,39
VTA0081850,2022-11-18,11,2022,C03389,Jaime Augusto Heredia,Sur,Regular,V024,Bernabé Guerra,Sur,P0057,Soporte Laptop Adjustable,Accesorios,505.45,4.0,0.12,1779.18,39
VTA0081851,2022-11-03,11,2022,C02957,Estela Urías Palomino,Sur,premiun,V008,Irene Franco,Sur,P0127,Router WiFi 6 Mesh,Hogar Inteligente,5369.11,1.0,0.02,5261.73,44
VTA0081852,2022-11-23,11,2022,C02374,Ing. Humberto Rivas,Oeste,Regular,V040,Karla Silvia Mireles Patiño,Oeste,P0065,iPad Pro M2 12.9,Tablets,7463.96,4.0,0.11,26571.7,21
VTA0081853,2022-11-12,11,2022,C01158,Ariadna Nancy Magaña,Norte,Ocasional,V043,Homero Esquivel,Norte,P0033,Sony WH-1000XM5,Audio,6762.3,4.0,0.09,24614.77,25
VTA0081854,2022-11-12,11,2022,C03084,Rocío Luisa Noriega Villarreal,Este,premiun,V049,Ing. María Teresa Bétancourt,Este,P0041,Bang Olufsen H95,Audio,6010.46,4.0,0.04,23080.17,20
VTA0081855,2022-11-21,11,2022,C02637,Teresa Cordero Lebrón,Sur,REGULAR,V024,Bernabé Guerra,Sur,P0097,Canon EOS R6 Mark II,Fotografía,34468.96,2.0,0.04,66180.4,38
VTA0081856,2022-11-06,11,2022,C00931,Timoteo Enríquez Juárez,Centro,premiun,V037,Victoria Caridad Concepción,Centro,P0095,SSD Samsung 980 Pro,Gaming,2917.91,3.0,0.19,7090.52,28
VTA0081857,2022-11-02,11,2022,C03122,Karina Oquendo,Este,Premium,V010,Sra. Guadalupe Llamas,Este,P0057,Soporte Laptop Adjustable,Accesorios,472.38,1.0,0.07,439.31,39
VTA0081858,2022-11-09,11,2022,C04643,  Daniela Padrón Nazario  ,Oeste,Regular,V014,Ofelia Miriam Negrón,Oeste,P0026,MSI Prestige 16,Laptops,9818.84,4.0,0.11,34955.07,44
VTA0081859,2022-11-20,11,2022,C00986,Olga Sessa Peres,Centro,Regular,V038,Violeta Itzel Benavídez,Oeste,P0069,Xiaomi Pad 6 Pro,Tablets,5735.24,4.0,0.05,21793.91,37
VTA0081860,2022-11-03,11,2022,C02821,Ramón Benavides Ramón,Oeste,Ocacional,V014,Ofelia Miriam Negrón,Oeste,P0064,Limpiador Pantallas Kit,Accesorios,1353.37,5.0,0.12,5954.83,44
VTA0081861,2022-11-25,11,2022,C04885,Dra. Ángela Saiz,Oeste,Regular,V030,Gustavo Camilo Ochoa Gamboa,Oeste,P0103,Lente Canon RF 50mm,Fotografía,15788.06,4.0,0.12,55573.97,31
VTA0081862,03/11/2022,11,2022,C03874,Srita. Bianca Arce,Oeste,Ocasional,V007,Conchita Leticia Gastélum Corral,Oeste,P0006,Motorola Edge 50,Celulares,8822.07,4.0,0.09,32112.33,32
VTA0081863,2022-11-22,11,2022,C00188,Reynaldo Muñiz Aguayo,Oeste,Premiun,V006,  Dr. Evelio Murillo  ,Sur,P0022,Acer Swift 5,Laptops,32919.59,3.0,0.19,79994.6,41
VTA0081864,2022-11-30,11,2022,C02875,Débora Elena Zamudio,Este,Ocacional,V049,Ing. María Teresa Bétancourt,Este,P0027,MacBook Air M2,Laptops,37579.41,1.0,0.12,33069.88,24
VTA0081865,2022-11-17,11,2022,C03971,  Jaime Fuentes Avilés  ,Oeste,Ocasional,V048,Ivonne Véliz,Centro,P0012,Samsung A55,Celulares,21738.98,1.0,0.13,18912.91,36
VTA0081866,2022-11-13,11,2022,C04419,,Sur,Premium,V034,Rufino Rivera,Sur,P0070,Amazon Fire HD 10,Tablets,15599.05,3.0,0.1,42117.44,33
VTA0081867,22/11/2022,11,2022,C00069,,Este,Ocasional,V049,Ing. María Teresa Bétancourt,Este,P0068,Lenovo Tab P12,Tablets,13727.67,4.0,0.06,51616.04,21
VTA0081868,2022-11-26,11,2022,C03882,Eugenio Gracia,Norte,Regular,V016,Octavio Mario Rincón Marín,Norte,P0071,ASUS Zenpad 3S,Tablets,15205.27,3.0,0.13,39685.75,20
VTA0081869,2022-11-07,11,2022,C03631,Jorge Ortiz Solorio,Este,Premium,V011,Clara Loera,Este,P0121,Roomba j7 Plus,Hogar Inteligente,6505.62,3.0,0.17,16198.99,38
VTA0081870,2022-11-04,11,2022,C00848,Mayte Rael,Oeste,Premium,V033,Jaime Gamez Maldonado,Centro,P0026,MSI Prestige 16,Laptops,9694.59,5.0,0.18,39747.82,44
VTA0081871,2022-11-05,11,2022,C03418,Lic. Adriana Quiñónez,Sur,Ocasional,V023,Fidel Negrete Domínguez,Sur,P0062,Reloj Smartwatch Band,Accesorios,1382.35,4.0,0.12,4865.87,38
VTA0081872,2022-11-04,11,2022,C02221,Evelio Ponce,Sur,Ocasional,V036,  Dr. Ignacio Aparicio  ,Sur,P0022,Acer Swift 5,Laptops,34379.17,1.0,0.01,34035.38,41
VTA0081873,01/11/2022,11,2022,C02911,José Valenzuela,Centro,Ocasional,V003,Jacinto Rivero Valladares,Centro,P0074,iPad Mini 6,Tablets,18158.61,4.0,0.08,66823.68,31
VTA0081874,2022-11-29,11,2022,C03936,Luz Amaya Véliz,Este,Ocasional,V010,Sra. Guadalupe Llamas,Este,P0050,Cable USB-C 2m,Accesorios,1597.93,5.0,0.0,7989.65,32
VTA0081875,2022-11-08,11,2022,C02515,David Augusto Olivas Acevedo,Oeste,Ocasional,V030,Gustavo Camilo Ochoa Gamboa,Oeste,P0127,Router WiFi 6 Mesh,Hogar Inteligente,5659.06,1.0,0.07,5262.93,44
VTA0081876,2022-11-24,11,2022,C04057,Camila Alta  Gracia Orellana,Norte,REGULAR,V043,Homero Esquivel,Norte,P0104,Flash Godox V1,tablets,15062.47,4.0,0.07,56032.39,40
VTA0081877,2022-11-06,11,2022,C04253,Alejandra Úrsula Aponte,Sur,Regular,V019,Jacinto Rodrigo Salazar Rolón,Sur,P0020,Lenovo ThinkPad X1,Laptops,24203.89,3.0,0.1,65350.5,42
VTA0081878,2022-11-23,11,2022,C01705,Abel Nicolás Negrete Ureña,Sur,Premium,V034,Rufino Rivera,Sur,P0032,ASUS VivoBook 16,Laptops,9898.8,3.0,0.13,25835.87,38
VTA0081879,2022-11-03,11,2022,C00699,Arturo Eloy Miranda,Norte,Premium,V042,  Srita. Sandra Escamilla  ,Norte,P0088,Teclado Razer Huntsman,Gaming,22793.32,2.0,0.09,-41483.84,44
VTA0081880,2022-11-14,11,2022,C04216,Dr. Alfonso Miranda,Oeste,Ocasional,V039,Sr. Modesto Guillen,Oeste,P0096,Cooling Noctua NH-D15,Gaming,9538.51,1.0,0.03,9252.35,41
VTA0081881,2022-11-17,11,2022,C03194,Barbara Villarreal Rodarte,Norte,Regular,V029,Francisco Ballesteros,Norte,P0115,Apple HomePod Mini,LAPTOPS,6690.35,3.0,0.03,19468.92,46
VTA0081882,2022-11-04,11,2022,C01862,Julia Roque Mena,Centro,Premium,V003,Jacinto Rivero Valladares,Centro,P0087,Headset HyperX Cloud III,Gaming,1973.83,2.0,0.15,3355.51,38
VTA0081883,2022-11-21,11,2022,C03324,Enrique Arreola Jaramillo,Centro,Premium,V044,Julia Esther Solorio,Centro,P0073,Microsoft Surface Go 3,Tablets,11544.1,5.0,0.12,50794.04,22
VTA0081884,2022-11-14,11,2022,C02804,Alberto Garibay,Sur,Ocasional,V008,Irene Franco,Sur,P0121,Roomba j7 Plus,Hogar Inteligente,6035.84,3.0,0.13,15753.54,38
VTA0081885,2022-11-17,11,2022,C02861,Josefina Cortez,Sur,Ocasional,V043,Homero Esquivel,Norte,P0002,Samsung Galaxy S24,Celulares,8282.73,3.0,0.14,-21369.44,19
VTA0081886,2022-11-14,11,2022,C00548,Hugo Covarrubias,Este,Premium,V011,Clara Loera,Este,P0025,Razer Blade 15,Laptops,30753.98,5.0,0.19,124553.62,44
VTA0081887,2022-11-21,11,2022,C00804,Renato Mariano Lucio,Sur,Ocasional,V021,  Cristal Valdés Maya  ,Sur,P0026,MSI Prestige 16,Laptops,9040.15,5.0,0.11,40228.67,44
VTA0081888,2022-11-02,11,2022,C00738,  Isabel Lourdes Salazar  ,Centro,Ocasional,V031,  Bernabé César Salazar  ,Centro,P0030,Lenovo IdeaPad 5,Laptops,39821.39,2.0,0.01,78846.35,21
VTA0081889,2022-11-30,11,2022,C00673,Renato Ulloa Cruz,Norte,Regular,V009,Amanda María José Bravo,Norte,P0070,Amazon Fire HD 10,Tablets,15663.59,1.0,0.1,14097.23,33
VTA0081890,03/11/2022,11,2022,C02238,Armando Renato Espinoza Miranda,Centro,Regular,V044,Julia Esther Solorio,Centro,P0023,Microsoft Surface Pro 9,Laptops,31133.91,1.0,0.1,28020.52,27
VTA0081891,2022-11-03,11,2022,C03796,Mariano Francisco Macías Pedraza,Oeste,Ocasional,V014,Ofelia Miriam Negrón,Oeste,P0043,Sony WF-1000XM5,Audio,4476.24,3.0,0.08,12354.42,25
VTA0081892,2022-11-27,11,2022,C01644,,Centro,Ocasional,V017,Abraham Apodaca Colunga,Centro,P0029,HP Pavilion 15,Laptops,8434.88,3.0,0.01,25051.59,24
VTA0081893,28/11/2022,11,2022,C02290,Dra. Daniela Colón,Sur,Regular,V026,Ing. Elias Valdivia,Oeste,P0112,Estabilizador DJI OM6,Fotografía,17238.07,1.0,0.12,15169.5,33
VTA0081894,2022-11-30,11,2022,C03819,Abelardo Miguel Jimínez,Sur,Premium,V036,  Dr. Ignacio Aparicio  ,Sur,P0104,Flash Godox V1,Fotografía,14562.34,2.0,0.19,23590.99,40
VTA0081895,2022-11-06,11,2022,C00756,Amanda María Teresa Ortega,Norte,Ocasional,V038,Violeta Itzel Benavídez,Oeste,P0010,Huawei Pura 70,Celulares,10460.69,4.0,0.11,37240.06,27
VTA0081896,2022-11-15,11,2022,C03769,Estefanía Judith Carvajal Padilla,Sur,Regular,V020,Dr. Arturo Angulo,Sur,P0125,TV Samsung QLED 55,Hogar Inteligente,2590.51,5.0,0.03,12563.97,20
VTA0081897,2022-11-30,11,2022,C04663,Miguel Mena,Este,Regular,V001,Fernando Casares Jimínez,Oeste,P0028,Dell Inspiron 15,Laptops,25061.12,4.0,0.05,95232.26,37
VTA0081898,2022-11-18,11,2022,C02054,Violeta Zepeda Cabán,Centro,Premium,V033,Jaime Gamez Maldonado,Centro,P0096,Cooling Noctua NH-D15,Gaming,9019.07,3.0,0.07,25163.21,41
VTA0081899,12/11/2022,11,2022,C02171,Francisco Javier Zavala Balderas,Sur,Regular,V021,  Cristal Valdés Maya  ,Sur,P0095,SSD Samsung 980 Pro,Gaming,3091.67,5.0,0.04,14840.02,28
VTA0081900,2022-11-12,11,2022,C04938,  Srita. Hilda Chavarría  ,Sur,Ocasional,V024,Bernabé Guerra,Sur,P0087,Headset HyperX Cloud III,Gaming,2200.8,4.0,0.12,7746.82,38
VTA0081901,2022-11-22,11,2022,C03313,Sr. Guillermo Verduzco,Este,Regular,V032,Nelly Barela Cardenas,Este,P0037,JBL Charge 5,Audio,7405.84,5.0,0.05,35177.74,21
VTA0081902,15/11/2022,11,2022,C03193,Jerónimo Reséndez Apodaca,Norte,Regular,V004,Aurora Zelaya,Norte,P0124,Sensor Movimiento Aqara,Hogar Inteligente,7820.01,2.0,0.14,13450.42,35
VTA0081903,2022-11-11,11,2022,C04959,Rosa López Montemayor,Centro,Ocacional,V048,Ivonne Véliz,Centro,P0106,Mochila Lowepro Pro,Fotografía,18060.64,3.0,0.01,53640.1,40
VTA0081904,2022-11-03,11,2022,C01124,Lic. Alicia Tello,Centro,premiun,V028,Sofía Delia Gurule Cantú,Centro,P0030,Lenovo IdeaPad 5, Accesorios,40807.18,5.0,0.1,183632.31,21
VTA0081905,2022-11-25,11,2022,C01161,Clemente Salgado,Centro,Ocasional,V037,Victoria Caridad Concepción,Centro,P0103,Lente Canon RF 50mm,Fotografía,14550.81,4.0,0.03,56457.14,31
VTA0081906,2022-11-30,11,2022,C04055,Alfonso Ernesto Ureña Arellano,Norte,Premiun,V029,Francisco Ballesteros,Norte,P0087,Headset HyperX Cloud III,Gaming,2147.15,2.0,0.17,3564.27,38
VTA0081907,2022-11-29,11,2022,C03419,Nelly Patricia Cortez,Oeste,REGULAR,V040,Karla Silvia Mireles Patiño,Oeste,P0090,Control Xbox Elite 2,Gaming,26068.64,4.0,0.02,102189.07,40
VTA0081908,2022-11-12,11,2022,C03390,Dr. Adán Reyes,Oeste,Ocasional,V047,  Estela Bianca Melgar Arias  ,Oeste,P0079,Realme Pad 2,Tablets,9040.21,,0.18,14825.94,20
VTA0081909,08/11/2022,11,2022,C03221,Felix Vargas,Sur,Premium,V006,  Dr. Evelio Murillo  ,Sur,P0117,Cámara Nest Doorbell,Hogar Inteligente,9829.8,3.0,0.02,28899.61,34
VTA0081910,2022-11-23,11,2022,C03163,Estela Ulloa,Sur,Regular,V018,Lic. Gilberto Castellanos,Sur,P0095,SSD Samsung 980 Pro,Gaming,3115.94,1.0,0.13,2710.87,28
VTA0081911,27/11/2022,11,2022,C03194,Barbara Villarreal Rodarte,Norte,Regular,V002,Nelly Marrero Ortiz,Norte,P0063,Pad Mouse XL Gaming,Accesorios,2097.76,1.0,0.02,2055.8,42
VTA0081912,2022-11-25,11,2022,C04188,Gerónimo Romo,Centro,Ocasional,V031,  Bernabé César Salazar  ,Centro,P0059,Audífonos USB-C,Accesorios,1688.84,4.0,0.01,6687.81,43
VTA0081913,2022-11-26,11,2022,C00236,Vanesa Burgos,Sur,Premium,V008,Irene Franco,Sur,P0013,Xiaomi Redmi Note 13,Celulares,12188.19,1.0,0.2,9750.55,30
VTA0081914,2022-11-01,11,2022,C01470,Ángel Ramón Lara Mena,Norte,Regular,V009,Amanda María José Bravo,Norte,P0078,Chuwi HiPad X,Tablets,13053.86,2.0,0.18,21408.33,20
VTA0081915,2022-11-13,11,2022,C02306,  Bernardo Garza Orellana  ,Centro,Premium,V033,Jaime Gamez Maldonado,Centro,P0101,DJI Mavic 3 Pro,Fotografía,13342.98,5.0,0.04,64046.3,27
VTA0081916,2022-11-10,11,2022,C03341,José Manuél Villegas Mendoza,Norte,Regular,V042,  Srita. Sandra Escamilla  ,Norte,P0063,Pad Mouse XL Gaming,Accesorios,1835.33,1.0,0.18,1504.97,42
VTA0081917,2022-11-25,11,2022,C03394,Francisco Javier Zedillo Sevilla,Sur,Regular,V013,Alvaro Gaona Ocasio,Sur,P0037,JBL Charge 5,Audio,7857.77,5.0,0.1,35359.97,21
VTA0081918,2022-11-15,11,2022,C03052,Marisol Palacios,Centro,Regular,V017,Abraham Apodaca Colunga,Centro,P0050,Cable USB-C 2m,Accesorios,1345.69,1.0,0.13,1170.75,32
VTA0081919,2022-11-09,11,2022,C04981,Lucía Gaona,Este,Regular,V049,Ing. María Teresa Bétancourt,Este,P0100,Fujifilm X-T5,Fotografía,15151.77,5.0,0.09,68940.55,42
VTA0081920,26/11/2022,11,2022,C00880,Indira Muro Saavedra,Este,Ocacional,V005,Aldo Adán Rodrígez Galarza,Este,P0038,Beats Studio Pro,Audio,2362.38,2.0,0.09,4299.53,39
VTA0081921,05/11/2022,11,2022,C02164,José Manuél Roque Farías,Este,Regular,V010,Sra. Guadalupe Llamas,Este,P0005,OnePlus 12,fotografia,5837.2,2.0,0.09,-10623.7,40
VTA0081922,2022-11-13,11,2022,C03861,Carlos Zacarías Solorzano,Norte,Ocacional,V034,Rufino Rivera,Sur,P0027,MacBook Air M2,Laptops,35148.97,3.0,0.18,86466.47,24
VTA0081923,21/11/2022,11,2022,C02397,Alicia Moreno Carreón,Oeste,Ocasional,V039,Sr. Modesto Guillen,Oeste,P0042,Audio Technica ATH,Audio,6927.64,5.0,0.04,33252.67,31
VTA0081924,2022-11-07,11,2022,C04282,Olivia Sanches,Este,Regular,V031,  Bernabé César Salazar  ,Centro,P0013,Xiaomi Redmi Note 13,Celulares,12290.55,2.0,0.07,22860.42,30
VTA0081925,2022-11-29,11,2022,C03881,Lic. Luis Miguel Enríquez,Este,Premium,V032,Nelly Barela Cardenas,Este,P0084,Steam Deck 512GB,Gaming,12721.87,5.0,0.11,56612.32,26
VTA0081926,2022-11-28,11,2022,C04480,Jorge Tirado Jaimes,Este,Regular,V010,Sra. Guadalupe Llamas,Este,P0077,Blackview Tab 16,Tablets,10208.17,4.0,0.08,37566.07,21
VTA0081927,2022-11-11,11,2022,C04046,José Manuél Carranza,Este,Regular,V011,Clara Loera,Este,P0113,Alexa Echo Dot 5, Accesorios,11458.96,3.0,0.15,29220.35,20
VTA0081928,2022-11-16,11,2022,C01322,Leonardo Osorio,Este,Premium,V049,Ing. María Teresa Bétancourt,Este,P0119,Enchufe Inteligente TP,gaming,5156.78,1.0,0.15,4383.26,27
VTA0081929,2022-11-27,11,2022,C04484,Virginia Angélica Gutiérrez,Este,REGULAR,V010,Sra. Guadalupe Llamas,Este,P0122,Aspiradora Dyson V15,Hogar Inteligente,2967.32,1.0,0.11,2640.91,28
VTA0081930,2022-11-24,11,2022,C01541,Timoteo José Carlos Corral,Centro,Ocasional,V033,Jaime Gamez Maldonado,Centro,P0054,Mouse Logitech MX Master,Accesorios,1402.24,1.0,0.1,1262.02,25
VTA0081931,25/11/2022,11,2022,C01222,Mariano Pedro Carmona Cano,Sur,Ocasional,V013,Alvaro Gaona Ocasio,Sur,P0065,iPad Pro M2 12.9,Tablets,7237.44,5.0,0.06,34015.97,21
VTA0081932,20/11/2022,11,2022,C02373,Germán Orosco Peres,Sur,premiun,V019,Jacinto Rodrigo Salazar Rolón,Sur,P0073,Microsoft Surface Go 3,Tablets,10302.12,3.0,0.05,29361.04,22
VTA0081933,22/11/2022,11,2022,C02077,Francisco Federico Santacruz,Sur,Premium,V034,Rufino Rivera,Sur,P0110,Reflector 5en1 80cm,Fotografía,16469.49,4.0,0.19,53361.15,26
VTA0081934,2022-11-01,11,2022,C02194,  Angélica Amalia Herrera Aguilera  ,Sur,Premium,V021,  Cristal Valdés Maya  ,Sur,P0008,OPPO Find X7, Accesorios,22881.18,4.0,0.12,80541.75,26
VTA0081935,10/11/2022,11,2022,C01874,Ing. Mauro de la Fuente,Centro,Premium,V003,Jacinto Rivero Valladares,Centro,P0006,Motorola Edge 50,Celulares,8880.31,2.0,0.06,16694.98,32
VTA0081936,2022-11-15,11,2022,C00747,,Este,Regular,V031,  Bernabé César Salazar  ,Centro,P0083,Nintendo Switch OLED,Gaming,16898.89,2.0,0.09,30755.98,39
VTA0081937,2022-11-04,11,2022,C00100,Cynthia Guardado,Oeste,Premium,V033,Jaime Gamez Maldonado,Centro,P0001,iPhone 15 Pro,Celulares,20277.64,4.0,0.03,78677.24,37
VTA0081938,2022-11-17,11,2022,C04892,Sra. Paulina Mares,Sur,Ocasional,V022,Bernardo Lemus Caballero,Oeste,P0032,ASUS VivoBook 16,Laptops,10977.31,2.0,0.05,20856.89,38
VTA0081939,2022-11-28,11,2022,C03860,José María Arriaga Dueñas,Norte,Premiun,V011,Clara Loera,Este,P0065,iPad Pro M2 12.9,Tablets,7031.94,1.0,0.18,5766.19,21
VTA0081940,2022-11-19,11,2022,C02173,  Ivonne Ulloa  ,Oeste,Regular,V039,Sr. Modesto Guillen,Oeste,P0046,JBL Flip 6,celulares,2660.71,3.0,0.19,6465.53,40
VTA0081941,2022-11-16,11,2022,C03155,Ing. Celia Puga,Centro,Premium,V017,Abraham Apodaca Colunga,Centro,P0102,GoPro Hero 12,Fotografía,27356.0,4.0,0.02,107235.52,45
VTA0081942,2022-11-11,11,2022,C03036,Ramiro Colón Chavarría,Sur,Premium,V019,Jacinto Rodrigo Salazar Rolón,Sur,P0067,iPad Air M1,Tablets,15082.15,1.0,0.12,13272.29,39
VTA0081943,2022-11-24,11,2022,C02781,Zoé Frida Becerra Valenzuela,Norte,Ocasional,V015,Joaquín Benavides Meza,Norte,P0046,JBL Flip 6,Audio,2299.64,2.0,0.14,3955.38,40
VTA0081944,2022-11-03,11,2022,C02243,Sr. Lorenzo Morales,Centro,Premium,V041,Srita. Nadia Casas,Centro,P0128,Panel Solar Portátil,Hogar Inteligente,3730.47,3.0,0.01,11079.5,39
VTA0081945,2022-11-02,11,2022,C04748,Lic. Diana Trujillo,Este,Premium,V032,Nelly Barela Cardenas,Este,P0052,Protector Pantalla S24,Accesorios,1216.48,5.0,0.15,5170.04,31
VTA0081946,2022-11-02,11,2022,C04319,Adalberto Raya Becerra,Este,Premium,V026,Ing. Elias Valdivia,Oeste,P0097,Canon EOS R6 Mark II,Fotografía,33653.6,1.0,0.1,30288.24,38
VTA0081947,2022-11-15,11,2022,C00112,Mateo Murillo,Oeste,Regular,V030,Gustavo Camilo Ochoa Gamboa,Oeste,P0056,Webcam Logitech C920,Accesorios,2037.42,2.0,0.1,3667.36,43
VTA0081948,2022-11-09,11,2022,C04301,Srita. Marisela Villarreal,Centro,ocasional,V017,Abraham Apodaca Colunga,Centro,P0036,Samsung Galaxy Buds2,gaming,6400.93,2.0,0.2,10241.49,43
VTA0081949,23/11/2022,11,2022,C02237,Lic. Guadalupe Romero,Norte,Ocasional,V046,Hermelinda Josefina Rodarte Bahena,Norte,P0072,Huawei MatePad Pro,Tablets,17714.28,5.0,0.13,77057.12,43
VTA0081950,14/11/2022,11,2022,C01779,José Orellana Botello,Sur,ocasional,V029,Francisco Ballesteros,Norte,P0104,Flash Godox V1,Fotografía,16746.88,2.0,0.04,32154.01,40
VTA0081951,2022-11-04,11,2022,C04265,Paola Jaqueline Orta Quesada,Norte,Premiun,V046,Hermelinda Josefina Rodarte Bahena,Norte,P0010,Huawei Pura 70,Celulares,10468.99,1.0,0.17,8689.26,27
VTA0081952,2022-11-10,11,2022,C04274,Ing. Darío Tapia,Centro,Premium,V033,Jaime Gamez Maldonado,Centro,P0100,Fujifilm X-T5,Fotografía,15428.63,1.0,0.14,13268.62,42
VTA0081953,2022-11-05,11,2022,C00044,Sr. Francisco Javier Zelaya,Este,Ocasional,V032,Nelly Barela Cardenas,Este,P0023,Microsoft Surface Pro 9,Laptops,34590.66,5.0,0.1,155657.97,27
VTA0081954,2022-11-30,11,2022,C00612,,Este,Regular,V049,Ing. María Teresa Bétancourt,Este,P0070,Amazon Fire HD 10,Tablets,18515.05,2.0,0.15,31475.58,33
VTA0081955,10/11/2022,11,2022,C02326,Esteban José Manuél Rico Anguiano,Este,Regular,V032,Nelly Barela Cardenas,Este,P0110,Reflector 5en1 80cm,Fotografía,13939.9,5.0,0.1,-62729.55,26
VTA0081956,2022-11-14,11,2022,C00577,Dra. Frida Madrid,Este,Regular,V010,Sra. Guadalupe Llamas,Este,P0080,Honor Pad 8,Tablets,9372.4,2.0,0.05,17807.56,19
VTA0081957,2022-11-10,11,2022,C01292,Ricardo Wilfrido Cabrera Frías,Centro,Ocasional,V033,Jaime Gamez Maldonado,Centro,P0050,Cable USB-C 2m,Accesorios,1427.09,5.0,0.15,6065.13,32
VTA0081958,2022-11-07,11,2022,C00810,Juan Carlos Cristian Carrasco Cintrón,Norte,Ocasional,V015,Joaquín Benavides Meza,Norte,P0040,Jabra Elite 85h,Audio,2731.96,5.0,0.12,12020.62,38
VTA0081959,2022-11-30,11,2022,C01883,Ricardo Meléndez,Sur,Ocasional,V019,Jacinto Rodrigo Salazar Rolón,Sur,P0076,TCL Tab 10,Tablets,16202.32,4.0,0.15,-55087.89,24
VTA0081960,2022-11-13,11,2022,C02854,Zeferino Solorzano,Oeste,Premium,V013,Alvaro Gaona Ocasio,Sur,P0043,Sony WF-1000XM5,Audio,3925.76,4.0,0.02,15388.98,25
VTA0081961,2022-11-04,11,2022,C02352,Sr. Gabino Puente,Sur,Regular,V023,Fidel Negrete Domínguez,Sur,P0059,Audífonos USB-C,fotografia,1558.95,5.0,0.03,7560.91,43
VTA0081962,24/11/2022,11,2022,C02268,Ing. Ilse Valverde,Centro,Premium,V041,Srita. Nadia Casas,Centro,P0051,Funda iPhone 15 Pro,Accesorios,1347.09,3.0,0.18,3313.84,40
VTA0081963,2022-11-19,11,2022,C04118,Nicolás José María Fuentes,Norte,Ocasional,V046,Hermelinda Josefina Rodarte Bahena,Norte,P0125,TV Samsung QLED 55,Hogar Inteligente,2474.99,2.0,0.06,4652.98,20
VTA0081964,2022-11-23,11,2022,C00087,Amalia Tania Sosa Galván,Sur,Regular,V012,Rubén Marco Antonio Orta Ramos,Sur,P0123,Cerradura Yale Smart,Hogar Inteligente,8763.4,5.0,0.12,38558.96,29
VTA0081965,2022-11-24,11,2022,C04111,  Ing. Jerónimo Laureano  ,Norte,Regular,V045,Marisela Vanesa Chapa Aranda,Norte,P0106,Mochila Lowepro Pro,Fotografía,15631.54,4.0,0.08,57524.07,40
VTA0081966,2022-11-01,11,2022,C04646,Alberto Romero Ledesma,Centro,Ocasional,V041,Srita. Nadia Casas,Centro,P0001,iPhone 15 Pro,Celulares,20625.86,1.0,0.05,19594.57,37
VTA0081967,2022-11-09,11,2022,C03860,José María Arriaga Dueñas,Norte,Premiun,V009,Amanda María José Bravo,Norte,P0016,Tecno Spark 20,Celulares,14166.19,4.0,0.18,46465.1,20
VTA0081968,2022-11-21,11,2022,C03865,David Héctor Tijerina Oquendo,Norte,Premium,V029,Francisco Ballesteros,Norte,P0056,Webcam Logitech C920,Accesorios,1949.27,2.0,0.14,3352.74,43
VTA0081969,2022-11-14,11,2022,C04671,Israel Emiliano Reyes,Sur,Premium,V034,Rufino Rivera,Sur,P0031,Acer Aspire 7,Laptops,9074.5,5.0,0.13,39474.07,38
VTA0081970,2022-11-23,11,2022,C04638,Luis Aguirre Corral,Este,Regular,V011,Clara Loera,Este,P0094,RAM Corsair 32GB,Gaming,17100.61,4.0,0.14,58826.1,26
VTA0081971,02/11/2022,11,2022,C01264,José Eduardo Garibay,Centro,Premium,V031,  Bernabé César Salazar  ,Centro,P0114,Google Nest Hub 2,Hogar Inteligente,5302.03,1.0,0.06,4983.91,45
VTA0081972,2022-11-23,11,2022,C01351,Rosalia Piña,Este,Premium,V032,Nelly Barela Cardenas,Este,P0048,Skullcandy Crusher,Audio,3683.24,4.0,0.03,14290.97,44
VTA0081973,2022-11-25,11,2022,C04950,Renato Lucas Quesada,Este,Ocasional,V032,Nelly Barela Cardenas,Este,P0096,Cooling Noctua NH-D15,Gaming,9503.78,4.0,0.18,31172.4,41
VTA0081974,2022-11-07,11,2022,C04020,,Norte,Regular,V020,Dr. Arturo Angulo,Sur,P0121,Roomba j7 Plus,Hogar Inteligente,6487.02,2.0,0.17,10768.45,38
VTA0081975,2022-11-25,11,2022,C02617,Lic. Susana Cardona,Norte,Ocacional,V045,Marisela Vanesa Chapa Aranda,Norte,P0022,Acer Swift 5,Laptops,36730.05,4.0,0.14,126351.37,41
VTA0081976,2022-11-21,11,2022,C04284,Rubén Gonzalo Lerma,Oeste,Ocacional,V038,Violeta Itzel Benavídez,Oeste,P0013,Xiaomi Redmi Note 13,Celulares,13937.59,1.0,0.19,11289.45,30
VTA0081977,2022-11-30,11,2022,C02013,David Horacio Pantoja,Este,Ocasional,V049,Ing. María Teresa Bétancourt,Este,P0125,TV Samsung QLED 55,Hogar Inteligente,2583.54,2.0,0.04,4960.4,20
VTA0081978,26/11/2022,11,2022,C00289,Mario Gregorio Núñez Griego,Centro,Premium,V033,Jaime Gamez Maldonado,Centro,P0072,Huawei MatePad Pro,Tablets,20127.02,1.0,0.18,16504.16,43
VTA0081979,2022-11-19,11,2022,C02179,Eric Madrigal,Este,Regular,V010,Sra. Guadalupe Llamas,Este,P0105,Tripié Joby GorillaPod,Fotografía,10243.9,3.0,0.01,30424.38,41
VTA0081980,2022-11-05,11,2022,C03426,José Eduardo Felipe Riojas Bermúdez,Norte,Ocasional,V045,Marisela Vanesa Chapa Aranda,Norte,P0073,Microsoft Surface Go 3,Tablets,11860.64,4.0,0.18,38902.9,22
VTA0081981,2022-11-18,11,2022,C01571,Irene Martínez,Sur,Ocasional,V030,Gustavo Camilo Ochoa Gamboa,Oeste,P0017,MacBook Pro M3,Laptops,11798.16,3.0,0.12,31147.14,43
VTA0081982,2022-11-09,11,2022,C00837,Anel María José Acosta Narváez,Oeste,Premium,V047,  Estela Bianca Melgar Arias  ,Oeste,P0082,Xbox Series X,fotografia,10337.16,5.0,0.11,46000.36,30
VTA0081983,2022-11-05,11,2022,C00668,Florencia Padilla Armendáriz,Sur,Regular,V006,  Dr. Evelio Murillo  ,Sur,P0032,ASUS VivoBook 16,Laptops,10500.23,5.0,0.02,51451.13,38
VTA0081984,09/11/2022,11,2022,C02076,Victoria Ángela Ramos,Este,Premium,V049,Ing. María Teresa Bétancourt,Este,P0052,Protector Pantalla S24,Accesorios,1094.63,4.0,0.14,3765.53,31
VTA0081985,06/11/2022,11,2022,C00625,Amalia Pelayo Franco,Centro,Premiun,V031,  Bernabé César Salazar  ,Centro,P0009,Sony Xperia 1 VI,Celulares,26064.28,1.0,0.18,21372.71,24
VTA0081986,2022-11-20,11,2022,C00305,Georgina Úrsula Lucio Colunga,Oeste,Ocasional,V050,José María Gustavo Beltrán,Oeste,P0076,TCL Tab 10,Tablets,16746.63,2.0,0.11,29809.0,24
VTA0081987,2022-11-10,11,2022,C03861,Carlos Zacarías Solorzano,Norte,ocasional,V046,Hermelinda Josefina Rodarte Bahena,Norte,P0104,Flash Godox V1, Accesorios,16154.67,4.0,0.1,58156.81,40
VTA0081988,2022-11-02,11,2022,C03255,Citlali Marisol Lomeli Flores,Centro,Regular,V041,Srita. Nadia Casas,Centro,P0085,Monitor LG 27GP950,Gaming,17766.59,3.0,0.13,46370.8,43
VTA0081989,2022-11-27,11,2022,C04294,Mauricio Porfirio Muñoz,Oeste,Premium,V040,Karla Silvia Mireles Patiño,Oeste,P0002,Samsung Galaxy S24,Celulares,7312.61,3.0,0.18,17989.02,19
VTA0081990,2022-11-17,11,2022,C00618,Araceli Concepción Luevano Riojas,Este,Ocacional,V049,Ing. María Teresa Bétancourt,Este,P0066,Samsung Galaxy Tab S9,Tablets,13063.3,1.0,0.01,12932.67,24
VTA0081991,2022-11-26,11,2022,C03033,Gilberto Feliciano,Centro,Ocasional,V026,Ing. Elias Valdivia,Oeste,P0008,OPPO Find X7,celulares,22600.9,4.0,0.16,75939.02,26
VTA0081992,2022-11-27,11,2022,C02716,Jacobo Bañuelos,Oeste,Ocasional,V014,Ofelia Miriam Negrón,Oeste,P0100,Fujifilm X-T5,Fotografía,15986.44,1.0,0.01,15826.58,42
VTA0081993,12/11/2022,11,2022,C01571,Irene Martínez,Sur,Ocasional,V024,Bernabé Guerra,Sur,P0067,iPad Air M1,Tablets,17057.26,3.0,0.07,47589.76,39
VTA0081994,2022-11-29,11,2022,C04214,Dra. Bianca Roque,Sur,Premium,V036,  Dr. Ignacio Aparicio  ,Sur,P0114,Google Nest Hub 2,Hogar Inteligente,5971.42,3.0,0.16,15047.98,45
VTA0081995,2022-11-18,11,2022,C04193,Abel Palacios Echeverría,Norte,Premium,V049,Ing. María Teresa Bétancourt,Este,P0084,Steam Deck 512GB,Gaming,13088.29,2.0,0.11,23297.16,26
VTA0081996,2022-11-28,11,2022,C01833,Ing. Marcela Verdugo,Este,Regular,V049,Ing. María Teresa Bétancourt,Este,P0007,Realme GT5,fotografia,16178.51,1.0,0.1,14560.66,39
VTA0081997,2022-11-01,11,2022,C02664,Benito Montoya Estrada,Este,Premium,V032,Nelly Barela Cardenas,Este,P0045,Marshall Emberton III,Audio,7307.27,5.0,0.03,35440.26,22
VTA0081998,2022-11-27,11,2022,C01340,Abraham Acosta,Sur,Ocasional,V029,Francisco Ballesteros,Norte,P0046,JBL Flip 6,Audio,2231.56,3.0,0.1,6025.21,40
VTA0081999,2022-11-11,11,2022,C02630,Sara Manzanares Carmona,Oeste,Regular,V007,Conchita Leticia Gastélum Corral,Oeste,P0121,Roomba j7 Plus,Hogar Inteligente,6469.08,1.0,0.02,6339.7,38
VTA0082000,03/11/2022,11,2022,C02860,Antonia Zayas Sarabia,Oeste,premiun,V047,  Estela Bianca Melgar Arias  ,Oeste,P0063,Pad Mouse XL Gaming,Accesorios,2028.24,5.0,0.09,9228.49,42
VTA0082001,2022-11-26,11,2022,C03340,Olga Nancy Padilla,Sur,Regular,V034,Rufino Rivera,Sur,P0054,Mouse Logitech MX Master,audio ,1418.87,2.0,0.18,2326.95,25
VTA0082002,2022-11-07,11,2022,C04546,Dr. Clemente Duarte,Norte,Ocasional,V029,Francisco Ballesteros,Norte,P0092,Micrófono Blue Yeti,Gaming,13064.63,3.0,0.16,32922.87,47
VTA0082003,2022-11-08,11,2022,C02621,Cristian Patiño Ozuna,Sur,Ocasional,V019,Jacinto Rodrigo Salazar Rolón,Sur,P0096,Cooling Noctua NH-D15,Gaming,10545.98,1.0,0.15,8964.08,41
VTA0082004,29/11/2022,11,2022,C02772,Ing. Lilia Merino,Oeste,Regular,V014,Ofelia Miriam Negrón,Oeste,P0122,Aspiradora Dyson V15,Hogar Inteligente,3185.88,2.0,0.0,6371.76,28
VTA0082005,2022-11-10,11,2022,C02350,Ángela Rincón,Sur,Premium,V027,Claudio Andrés Gómez Sosa,Sur,P0097,Canon EOS R6 Mark II,Fotografía,31433.19,3.0,0.14,81097.63,38
VTA0082006,2022-11-03,11,2022,C00830,,Centro,Regular,V048,Ivonne Véliz,Centro,P0034,AirPods Pro 2,Audio,1250.39,2.0,0.09,2275.71,27
VTA0082007,03/11/2022,11,2022,C02813,Graciela Saiz Ceja,Oeste,Premium,V039,Sr. Modesto Guillen,Oeste,P0011,iPhone 14,Celulares,9844.02,1.0,0.04,9450.26,43
VTA0082008,2022-11-14,11,2022,C03085,Dra. Leticia Mesa,Centro,Premiun,V033,Jaime Gamez Maldonado,Centro,P0120,Timbre Ring Video Pro,Hogar Inteligente,7722.58,5.0,0.1,34751.61,21
VTA0082009,2022-11-03,11,2022,C00720,Victoria Almanza,Este,REGULAR,V049,Ing. María Teresa Bétancourt,Este,P0123,Cerradura Yale Smart,Hogar Inteligente,8719.02,1.0,0.09,7934.31,29
VTA0082010,2022-11-12,11,2022,C04585,Gregorio Colón Zapata,Centro,Regular,V048,Ivonne Véliz,Centro,P0080,Honor Pad 8,audio ,9372.28,3.0,0.19,22774.64,19
VTA0082011,2022-11-27,11,2022,C03881,Lic. Luis Miguel Enríquez,Este,Premium,V008,Irene Franco,Sur,P0102,GoPro Hero 12,Fotografía,24608.22,1.0,0.08,22639.56,45
VTA0082012,2022-11-07,11,2022,C04554,Gabino Villagómez Ojeda,Este,premiun,V005,Aldo Adán Rodrígez Galarza,Este,P0005,OnePlus 12,Celulares,5324.88,1.0,0.05,5058.64,40
VTA0082013,2022-11-12,11,2022,C01603,Oswaldo Alberto Barrios,Centro,Premium,V033,Jaime Gamez Maldonado,Centro,P0026,MSI Prestige 16,Laptops,10170.21,1.0,0.05,9661.7,44
VTA0082014,2022-11-28,11,2022,C02623,Tania Concepción Mireles,Este,Ocacional,V049,Ing. María Teresa Bétancourt,Este,P0072,Huawei MatePad Pro,Tablets,19407.06,1.0,0.15,16496.0,43
VTA0082015,2022-11-27,11,2022,C02367,Gabriel Sergio Guevara,Centro,Ocasional,V023,Fidel Negrete Domínguez,Sur,P0034,AirPods Pro 2,fotografia,1307.81,3.0,0.07,3648.79,27
VTA0082016,2022-11-25,11,2022,C03239,Sofía Sandra Guillen,Este,Premium,V005,Aldo Adán Rodrígez Galarza,Este,P0115,Apple HomePod Mini,Hogar Inteligente,6592.14,4.0,0.05,25050.13,46
VTA0082017,2022-11-28,11,2022,C01677,Ing. Marisol Solís,Oeste,Regular,V007,Conchita Leticia Gastélum Corral,Oeste,P0013,Xiaomi Redmi Note 13,Celulares,12647.41,5.0,0.14,54383.86,30
VTA0082018,2022-11-01,11,2022,C00692,Marcos Teodoro Cano,Centro,Regular,V017,Abraham Apodaca Colunga,Centro,P0114,Google Nest Hub 2,fotografia,5434.06,3.0,0.11,14508.94,45
VTA0082019,2022-11-21,11,2022,C04044,Reina Patiño Segura,Norte,Regular,V043,Homero Esquivel,Norte,P0005,OnePlus 12,Celulares,5626.88,1.0,0.13,4895.39,40
VTA0082020,12/11/2022,11,2022,C00947,Lucas Serafín Maestas Cervantes,Oeste,Regular,V047,  Estela Bianca Melgar Arias  ,Oeste,P0100,Fujifilm X-T5,celulares,15940.77,3.0,0.03,46387.64,42
VTA0082021,2022-11-04,11,2022,C04016,Patricia Espino Gómez,Norte,Premium,V046,Hermelinda Josefina Rodarte Bahena,Norte,P0096,Cooling Noctua NH-D15,LAPTOPS,10111.57,2.0,0.14,17391.9,41
VTA0082022,2022-11-01,11,2022,C00592,Sra. Frida Madrid,Sur,Ocasional,V023,Fidel Negrete Domínguez,Sur,P0107,Tarjeta SD SanDisk 256,Fotografía,10152.04,5.0,0.13,44161.37,27
VTA0082023,2022-11-05,11,2022,C00566,Homero Ramón Mondragón Correa,Oeste,Regular,V039,Sr. Modesto Guillen,Oeste,P0005,OnePlus 12,Celulares,5369.75,4.0,0.1,19331.1,40
VTA0082024,19/11/2022,11,2022,C04982,Lorenzo García Carmona,Este,Premium,V010,Sra. Guadalupe Llamas,Este,P0098,Sony Alpha 7 IV,tablets,18319.49,5.0,0.07,85185.63,34
VTA0082025,2022-11-24,11,2022,C02645,Karla Zúñiga,Centro,Premium,V037,Victoria Caridad Concepción,Centro,P0009,Sony Xperia 1 VI,Celulares,25563.58,1.0,0.11,22751.59,24
VTA0082026,09/11/2022,11,2022,C03511,Dr. Gregorio Valenzuela,Norte,Ocasional,V015,Joaquín Benavides Meza,Norte,P0020,Lenovo ThinkPad X1,Laptops,22066.27,5.0,0.18,90471.71,42
VTA0082027,2022-11-21,11,2022,C01250,Maximiliano Rafaél Riojas Apodaca,Centro,Premium,V048,Ivonne Véliz,Centro,P0041,Bang Olufsen H95,Audio,6680.84,2.0,0.17,11090.19,20
VTA0082028,2022-11-25,11,2022,C00005,Carlota Rael,Norte,Regular,V029,Francisco Ballesteros,Norte,P0028,Dell Inspiron 15,Laptops,26742.16,2.0,0.18,43857.14,37
VTA0082029,17/11/2022,11,2022,C00716,  Maximiliano Ramón Soto  ,Sur,Premium,V008,Irene Franco,Sur,P0025,Razer Blade 15,LAPTOPS,26688.7,3.0,0.03,77664.12,44
VTA0082030,2022-11-21,11,2022,C03719,Srita. Zoé Cordero,Norte,Regular,V002,Nelly Marrero Ortiz,Norte,P0027,MacBook Air M2,Laptops,38650.25,5.0,0.11,171993.61,24
VTA0082031,2022-11-12,11,2022,C00618,,Este,Ocacional,V049,Ing. María Teresa Bétancourt,Este,P0079,Realme Pad 2,Tablets,9935.19,3.0,0.05,28315.29,20
VTA0082032,2022-11-27,11,2022,C00799,Andrea Esther Otero,Este,Regular,V032,Nelly Barela Cardenas,Este,P0021,ASUS ROG Zephyrus,Laptops,12729.57,3.0,0.05,36279.27,36
VTA0082033,2022-11-22,11,2022,C04071,Sr. Bernabé Reyna,Oeste,Premium,V039,Sr. Modesto Guillen,Oeste,P0005,OnePlus 12,tablets,5573.9,2.0,0.03,10813.37,40
VTA0082034,2022-11-10,11,2022,C03980,Aida Sofía Limón Polanco,Centro,Ocacional,V033,Jaime Gamez Maldonado,Centro,P0074,iPad Mini 6,Tablets,18334.79,1.0,0.15,15584.57,31
VTA0082035,17/11/2022,11,2022,C04826,Pilar Lorena Bueno,Este,Regular,V032,Nelly Barela Cardenas,Este,P0034,AirPods Pro 2,Audio,1203.29,4.0,0.11,4283.71,27
VTA0082036,2022-11-25,11,2022,C04649,Sonia Linda Heredia,Sur,Premiun,V024,Bernabé Guerra,Sur,P0125,TV Samsung QLED 55,Hogar Inteligente,2465.13,1.0,0.12,2169.31,20
VTA0082037,2022-11-27,11,2022,C03834,María Teresa Alba,Centro,Ocasional,V003,Jacinto Rivero Valladares,Centro,P0015,Nokia G42,Celulares,18246.81,1.0,0.19,14779.92,26
VTA0082038,2022-11-10,11,2022,C01845,María Elena Leyva,Centro,Regular,V041,Srita. Nadia Casas,Centro,P0070,Amazon Fire HD 10,Tablets,16634.78,1.0,0.09,15137.65,33
VTA0082039,2022-11-22,11,2022,C02651,Amador Samaniego Bustamante,Sur,Regular,V018,Lic. Gilberto Castellanos,Sur,P0009,Sony Xperia 1 VI,Celulares,24058.45,1.0,0.01,23817.87,24
VTA0082040,2022-11-04,11,2022,C04497,Ofelia Nayeli Trujillo,Centro,Premium,V039,Sr. Modesto Guillen,Oeste,P0014,Motorola G84,Celulares,6751.48,4.0,0.05,25655.62,20
VTA0082041,2022-11-22,11,2022,C02098,Víctor Bruno Concepción,Sur,Regular,V027,Claudio Andrés Gómez Sosa,Sur,P0078,Chuwi HiPad X,Tablets,13595.18,4.0,0.01,-53836.91,20
VTA0082042,2022-11-04,11,2022,C02112,Carlota Montenegro,Este,REGULAR,V011,Clara Loera,Este,P0028,Dell Inspiron 15,Laptops,25778.45,1.0,0.09,23458.39,37
VTA0082043,2022-11-10,11,2022,C03575,Dr. Guillermo Salazar,Este,Ocacional,V049,Ing. María Teresa Bétancourt,Este,P0126,Proyector BenQ 4K,Hogar Inteligente,7162.48,1.0,0.09,6517.86,35
VTA0082044,2022-11-10,11,2022,C01830,Fernando Vicente Sevilla,Este,ocasional,V010,Sra. Guadalupe Llamas,Este,P0088,Teclado Razer Huntsman,Gaming,23890.21,5.0,0.01,118256.54,44
VTA0082045,2022-11-16,11,2022,C00674,Bernardo Alcala,Oeste,Ocasional,V050,José María Gustavo Beltrán,Oeste,P0028,Dell Inspiron 15,Laptops,29647.16,1.0,0.08,27275.39,37
VTA0082046,2022-11-22,11,2022,C04316,Dra. Araceli Ontiveros,Centro,Premium,V003,Jacinto Rivero Valladares,Centro,P0042,Audio Technica ATH,Audio,5780.44,3.0,0.02,16994.49,31
VTA0082047,2022-11-20,11,2022,C00076,Homero Cardona Alba,Sur,Premium,V019,Jacinto Rodrigo Salazar Rolón,Sur,P0118,Termostato Nest 3,Hogar Inteligente,1361.0,5.0,0.15,5784.25,30
VTA0082048,2022-11-03,11,2022,C00757,Natalia Mayte Guevara Ponce,Oeste,Regular,V004,Aurora Zelaya,Norte,P0058,Mochila Techpack 30L,Accesorios,876.93,1.0,0.06,824.31,23
VTA0082049,2022-11-03,11,2022,C01332,Ing. Abel Tovar,Oeste,ocasional,V022,Bernardo Lemus Caballero,Oeste,P0092,Micrófono Blue Yeti,Gaming,13148.25,2.0,0.15,22352.02,47
VTA0082050,2022-11-26,11,2022,C03096,Sra. Pamela Ozuna,Sur,Premium,V023,Fidel Negrete Domínguez,Sur,P0045,Marshall Emberton III,Audio,7788.38,3.0,0.05,22196.88,22
VTA0082051,2022-11-21,11,2022,C01320,Rocío Celia Sisneros,Norte,Regular,V029,Francisco Ballesteros,Norte,P0042,Audio Technica ATH,hogar inteligente,5994.14,5.0,0.03,29071.58,31
VTA0082052,2022-11-27,11,2022,C05000,Esther Marisela Rivas,Este,Regular,V044,Julia Esther Solorio,Centro,P0063,Pad Mouse XL Gaming,Accesorios,1783.07,5.0,0.04,8558.74,42
VTA0082053,2022-11-18,11,2022,C00151,Martha Mercedes Urrutia Barrios,Centro,REGULAR,V017,Abraham Apodaca Colunga,Centro,P0111,Monitor Portátil 4K,Fotografía,6511.93,1.0,0.16,5470.02,41
VTA0082054,15/11/2022,11,2022,C03592,Dr. José Manuél Arriaga,Norte,Premium,V040,Karla Silvia Mireles Patiño,Oeste,P0031,Acer Aspire 7,Laptops,8868.29,1.0,0.04,8513.56,38
VTA0082055,2022-11-16,11,2022,C04148,Miguel Armando Páez Tapia,Este,Premium,V010,Sra. Guadalupe Llamas,Este,P0091,Capturadora Elgato 4K,Gaming,1405.27,2.0,0.03,2726.22,25
VTA0082056,2022-11-09,11,2022,C04468,Dr. Raúl Ávalos,Oeste,Regular,V014,Ofelia Miriam Negrón,Oeste,P0072,Huawei MatePad Pro,Tablets,19508.31,1.0,0.19,15801.73,43
VTA0082057,2022-11-03,11,2022,C02087,Federico David Báez,Norte,Regular,V009,Amanda María José Bravo,Norte,P0052,Protector Pantalla S24,Accesorios,1138.62,1.0,0.18,933.67,31
VTA0082058,2022-11-16,11,2022,C00095,  Ofelia Varela  ,Centro,Ocasional,V037,Victoria Caridad Concepción,Centro,P0014,Motorola G84,Celulares,5899.77,1.0,0.0,5899.77,20
VTA0082059,2022-11-10,11,2022,C02485,Esteban Roberto Vigil Archuleta,Oeste,Premium,V007,Conchita Leticia Gastélum Corral,Oeste,P0081,PlayStation 5,Gaming,11429.56,4.0,0.18,37488.96,46
VTA0082060,2022-11-26,11,2022,C00640,Lic. Yolanda Valenzuela,Oeste,Premium,V020,Dr. Arturo Angulo,Sur,P0076,TCL Tab 10,Tablets,16836.04,3.0,0.1,45457.31,24
VTA0082061,2022-11-04,11,2022,C02683,,Norte,Premium,V029,Francisco Ballesteros,Norte,P0004,Google Pixel 8,Celulares,4938.21,2.0,0.18,8098.66,34
VTA0082062,2022-11-10,11,2022,C00908,Catalina Guzmán Candelaria,Centro,Ocasional,V017,Abraham Apodaca Colunga,Centro,P0108,Batería Canon LP-E6,Fotografía,16886.98,2.0,0.01,33436.22,32
VTA0082063,09/11/2022,11,2022,C02904,Alvaro Salazar Puente,Oeste,Regular,V042,  Srita. Sandra Escamilla  ,Norte,P0045,Marshall Emberton III,Audio,7863.96,2.0,0.07,14626.97,22
VTA0082064,2022-11-29,11,2022,C01853,Miriam Laboy Montes,Norte,Ocasional,V009,Amanda María José Bravo,Norte,P0052,Protector Pantalla S24,Accesorios,1169.09,2.0,0.04,2244.65,31
VTA0082065,2022-11-29,11,2022,C01811,Micaela Salma Irizarry Cortez,Norte,Ocasional,V020,Dr. Arturo Angulo,Sur,P0105,Tripié Joby GorillaPod,Fotografía,9668.37,,0.01,38286.75,41
VTA0082066,25/11/2022,11,2022,C01000,Concepción Corrales,Norte,Ocasional,V042,  Srita. Sandra Escamilla  ,Norte,P0081,PlayStation 5,Gaming,11235.62,4.0,0.17,37302.26,46
VTA0082067,2022-11-13,11,2022,C00501,Marco Antonio Ramírez Laureano,Oeste,Ocasional,V039,Sr. Modesto Guillen,Oeste,P0063,Pad Mouse XL Gaming,Accesorios,1955.33,3.0,0.09,5338.05,42
VTA0082068,2022-11-02,11,2022,C03893,Lic. Mitzy Muro,Centro,Ocasional,V048,Ivonne Véliz,Centro,P0123,Cerradura Yale Smart,Hogar Inteligente,8850.23,1.0,0.12,7788.2,29
VTA0082069,2022-11-27,11,2022,C01893,Dr. Alonso Aponte,Oeste,Premium,V040,Karla Silvia Mireles Patiño,Oeste,P0117,Cámara Nest Doorbell,Hogar Inteligente,11374.75,4.0,0.06,42769.06,34
VTA0082070,2022-11-22,11,2022,C04784,Dr. Octavio Rodríquez,Centro,Premium,V018,Lic. Gilberto Castellanos,Sur,P0014,Motorola G84,gaming,6497.7,5.0,0.18,26640.57,20
VTA0082071,2022-11-05,11,2022,C00188,Reynaldo Muñiz Aguayo,Oeste,Premiun,V001,Fernando Casares Jimínez,Oeste,P0103,Lente Canon RF 50mm,Fotografía,15098.72,3.0,0.04,43484.31,31
VTA0082072,2022-11-10,11,2022,C01009,Marisela Lourdes Botello,Norte,Premiun,V042,  Srita. Sandra Escamilla  ,Norte,P0094,RAM Corsair 32GB,Gaming,15906.52,5.0,0.19,64421.41,26
VTA0082073,2022-11-12,11,2022,C03441,Leonardo Mojica Lugo,Oeste,Ocasional,V001,Fernando Casares Jimínez,Oeste,P0090,Control Xbox Elite 2,Gaming,29385.61,4.0,0.01,116367.02,40
VTA0082074,17/11/2022,11,2022,C00058,Nicolás Jurado,Sur,Ocacional,V036,  Dr. Ignacio Aparicio  ,Sur,P0079,Realme Pad 2,Tablets,8974.27,2.0,0.07,16692.14,20
VTA0082075,2022-11-26,11,2022,C03484,Abel Andrés Flórez Haro,Sur,Ocasional,V025,Manuel Gerónimo Armas,Sur,P0104,Flash Godox V1,Fotografía,16296.39,5.0,0.12,71704.12,40
VTA0082076,2022-11-10,11,2022,C00827,  Miguel Ángel Toro Briseño  ,Oeste,Regular,V030,Gustavo Camilo Ochoa Gamboa,Oeste,P0010,Huawei Pura 70,Celulares,9690.7,3.0,0.04,27909.22,27
VTA0082077,2022-11-04,11,2022,C02687,Ricardo Gregorio Barragán de Jesús,Este,Regular,V011,Clara Loera,Este,P0121,Roomba j7 Plus,Hogar Inteligente,6254.62,3.0,0.12,16512.2,38
VTA0082078,2022-11-07,11,2022,C01269,Elisa María Cristina Parra Sepúlveda,Oeste,Premium,V039,Sr. Modesto Guillen,Oeste,P0100,Fujifilm X-T5,Fotografía,15597.22,3.0,0.19,37901.24,42
VTA0082079,2022-11-12,11,2022,C03841,Porfirio Armando Cornejo Torres,Norte,Ocasional,V006,  Dr. Evelio Murillo  ,Sur,P0019,HP Spectre x360,Laptops,37371.48,4.0,0.0,149485.92,26
VTA0082080,2022-11-30,11,2022,C00957,  Srita. Yeni Patiño  ,Norte,Regular,V046,Hermelinda Josefina Rodarte Bahena,Norte,P0057,Soporte Laptop Adjustable,Accesorios,563.73,2.0,0.17,935.79,39
VTA0082081,2022-11-30,11,2022,C00695,Dr. Francisco Melgar,Norte,Ocasional,V009,Amanda María José Bravo,Norte,P0036,Samsung Galaxy Buds2,Audio,6411.43,3.0,0.09,17503.2,43
VTA0082082,2022-11-13,11,2022,C01580,Antonio Esparza Soria,Centro,Ocacional,V031,  Bernabé César Salazar  ,Centro,P0111,Monitor Portátil 4K,Fotografía,7132.1,3.0,0.04,20540.45,41
VTA0082083,2022-11-06,11,2022,C02590,Ramón Bañuelos,Norte,Premium,V042,  Srita. Sandra Escamilla  ,Norte,P0048,Skullcandy Crusher,Audio,3752.8,1.0,0.08,3452.58,44
VTA0082084,2022-11-06,11,2022,C00797,Indira Miramontes Báez,Norte,Premium,V015,Joaquín Benavides Meza,Norte,P0052,Protector Pantalla S24,Accesorios,1038.39,2.0,0.07,1931.41,31
VTA0082085,2022-11-17,11,2022,C04317,Margarita Cruz,Centro,Regular,V031,  Bernabé César Salazar  ,Centro,P0107,Tarjeta SD SanDisk 256,Fotografía,10547.24,4.0,0.01,41767.07,27
VTA0082086,20/11/2022,11,2022,C02865,Dolores Wendolin Madrigal,Este,REGULAR,V032,Nelly Barela Cardenas,Este,P0121,Roomba j7 Plus,Hogar Inteligente,5883.62,1.0,0.2,4706.9,38
VTA0082087,2022-11-08,11,2022,C00875,María Cristina Florencia Figueroa Velasco,Centro,Premium,V048,Ivonne Véliz,Centro,P0008,OPPO Find X7,Celulares,22461.1,5.0,0.05,106690.22,26
VTA0082088,2022-11-07,11,2022,C01386,Daniel Isaac Muro Peralta,Este,Regular,V010,Sra. Guadalupe Llamas,Este,P0005,OnePlus 12,LAPTOPS,6048.47,3.0,0.05,17238.14,40
VTA0082089,2022-11-03,11,2022,C03498,  Delia Palomino Limón  ,Oeste,Premium,V001,Fernando Casares Jimínez,Oeste,P0091,Capturadora Elgato 4K,LAPTOPS,1468.83,1.0,0.14,1263.19,25
VTA0082090,2022-11-24,11,2022,C00293,Srita. Sessa Garica,Oeste,Regular,V017,Abraham Apodaca Colunga,Centro,P0099,Nikon Z6 III,Fotografía,28772.5,1.0,0.01,28484.78,21
VTA0082091,2022-11-29,11,2022,C01081,Dulce Toro,Sur,Premium,V036,  Dr. Ignacio Aparicio  ,Sur,P0036,Samsung Galaxy Buds2,Audio,6400.57,1.0,0.1,5760.51,43
VTA0082092,22/11/2022,11,2022,C01296,José Benjamín Ontiveros,Este,Premiun,V025,Manuel Gerónimo Armas,Sur,P0048,Skullcandy Crusher,Audio,3926.54,2.0,0.13,6832.18,44
VTA0082093,2022-11-13,11,2022,C00456,Ing. Andrea Curiel,Sur,Regular,V031,  Bernabé César Salazar  ,Centro,P0086,Silla Gamer DXRacer,Gaming,22513.86,1.0,0.02,22063.58,26
VTA0082094,2022-11-09,11,2022,C02842,Francisco Cristian Anaya,Este,REGULAR,V049,Ing. María Teresa Bétancourt,Este,P0114,Google Nest Hub 2,fotografia,5718.7,2.0,0.16,9607.42,45
VTA0082095,2022-11-02,11,2022,C01960,Ing. Renato Romero,Centro,Premiun,V037,Victoria Caridad Concepción,Centro,P0086,Silla Gamer DXRacer,Gaming,22906.35,,0.09,83379.11,26
VTA0082096,2022-11-08,11,2022,C01418,  Juana Almaraz  ,Centro,Ocasional,V003,Jacinto Rivero Valladares,Centro,P0057,Soporte Laptop Adjustable,Accesorios,503.92,5.0,0.08,2318.03,39
VTA0082097,2022-11-24,11,2022,C03947,Mónica Esquivel,Este,Premium,V011,Clara Loera,Este,P0039,Sennheiser HD 450,Audio,1151.73,5.0,0.05,5470.72,24
VTA0082098,2022-11-28,11,2022,C00415,Alejandro Briseño,Este,Regular,V049,Ing. María Teresa Bétancourt,Este,P0113,Alexa Echo Dot 5,Hogar Inteligente,11934.94,4.0,0.09,43443.18,20
VTA0082099,2022-11-20,11,2022,C01309,Germán Sotelo,Oeste,Regular,V007,Conchita Leticia Gastélum Corral,Oeste,P0037,JBL Charge 5,Audio,7017.52,2.0,0.08,12912.24,21
VTA0082100,15/11/2022,11,2022,C03774,Patricia Alejandra Paredes Miranda,Centro,Premium,V033,Jaime Gamez Maldonado,Centro,P0017,MacBook Pro M3,Laptops,11821.4,3.0,0.07,32981.71,43
VTA0082101,2022-11-21,11,2022,C04075,Asunción Orellana,Centro,Ocacional,V003,Jacinto Rivero Valladares,Centro,P0010,Huawei Pura 70,fotografia,9566.52,4.0,0.05,-36352.78,27
VTA0082102,2022-11-06,11,2022,C03659,Virginia Espinoza,Oeste,Ocasional,V030,Gustavo Camilo Ochoa Gamboa,Oeste,P0125,TV Samsung QLED 55,hogar inteligente,2853.86,2.0,0.19,4623.25,20
VTA0082103,2022-11-11,11,2022,C01700,Mateo Lucas Enríquez Delgadillo,Sur,Premium,V014,Ofelia Miriam Negrón,Oeste,P0074,iPad Mini 6,Tablets,19197.16,4.0,0.13,66806.12,31
VTA0082104,2022-11-10,11,2022,C03780,  Marco Antonio Rufino Verdugo  ,Norte,Ocasional,V046,Hermelinda Josefina Rodarte Bahena,Norte,P0056,Webcam Logitech C920,Accesorios,1763.3,5.0,0.15,7494.02,43
VTA0082105,14/11/2022,11,2022,C00186,Jorge Luis Alfredo Márquez Velázquez,Norte,Ocasional,V046,Hermelinda Josefina Rodarte Bahena,Norte,P0121,Roomba j7 Plus,Hogar Inteligente,6642.89,3.0,0.05,18932.24,38
VTA0082106,2022-11-24,11,2022,C02695,Mariana Almonte,Norte,Regular,V029,Francisco Ballesteros,Norte,P0077,Blackview Tab 16,Tablets,11395.49,5.0,0.02,55837.9,21
VTA0082107,2022-11-14,11,2022,C01172,Rolando Aponte Tórrez,Este,Ocasional,V006,  Dr. Evelio Murillo  ,Sur,P0092,Micrófono Blue Yeti,Gaming,12690.18,1.0,0.17,10532.85,47
VTA0082108,2022-11-18,11,2022,C04916,,Norte,Premium,V029,Francisco Ballesteros,Norte,P0012,Samsung A55,Celulares,22097.55,3.0,0.16,55685.83,36
VTA0082109,2022-11-30,11,2022,C03703,Espartaco Zambrano,Oeste,Premium,V047,  Estela Bianca Melgar Arias  ,Oeste,P0042,Audio Technica ATH,Audio,6547.12,3.0,0.08,18070.05,31
VTA0082110,2022-11-03,11,2022,C00177,  Cristian Pedraza Segura  ,Centro,Regular,V046,Hermelinda Josefina Rodarte Bahena,Norte,P0060,Adaptador HDMI 4K,Accesorios,1038.53,1.0,0.13,903.52,29
VTA0082111,2022-11-08,11,2022,C00559,Miguel Ángel Porfirio Arriaga Colón,Oeste,Ocasional,V022,Bernardo Lemus Caballero,Oeste,P0106,Mochila Lowepro Pro,Fotografía,16869.43,4.0,0.08,62079.5,40
VTA0082112,2022-11-01,11,2022,C03526,Anabel Alvarez,Sur,Regular,V034,Rufino Rivera,Sur,P0003,Xiaomi 14 Pro,Celulares,22089.61,5.0,0.08,101612.21,36
VTA0082113,2022-11-08,11,2022,C01950,Alvaro Rascón,Este,Premium,V011,Clara Loera,Este,P0026,MSI Prestige 16,Laptops,9970.65,1.0,0.09,9073.29,44
VTA0082114,2022-11-11,11,2022,C04960,  Camila Francisca Parra Villa  ,Sur,Premium,V025,Manuel Gerónimo Armas,Sur,P0050,Cable USB-C 2m,Accesorios,1613.91,1.0,0.12,1420.24,32
VTA0082115,15/11/2022,11,2022,C00840,Lic. Rosario Samaniego,Oeste,REGULAR,V022,Bernardo Lemus Caballero,Oeste,P0040,Jabra Elite 85h,Audio,2706.17,3.0,0.16,6819.55,38
VTA0082116,2022-11-24,11,2022,C02699,Tania Leyva Hernádez,Norte,Regular,V029,Francisco Ballesteros,Norte,P0085,Monitor LG 27GP950,Gaming,17141.56,2.0,0.14,29483.48,43
VTA0082117,2022-11-24,11,2022,C02184,,Centro,ocasional,V033,Jaime Gamez Maldonado,Centro,P0016,Tecno Spark 20,Celulares,15185.39,3.0,0.0,45556.17,20
VTA0082118,2022-11-07,11,2022,C00960,Alma Elisa Barela Paz,Centro,Ocasional,V017,Abraham Apodaca Colunga,Centro,P0063,Pad Mouse XL Gaming,gaming,1782.34,5.0,0.02,8733.47,42
VTA0082119,23/11/2022,11,2022,C03502,  Eugenio Jorge Luis Sotelo Benavides  ,Este,Ocasional,V010,Sra. Guadalupe Llamas,Este,P0123,Cerradura Yale Smart,Hogar Inteligente,8345.29,2.0,0.15,14186.99,29
VTA0082120,2022-11-16,11,2022,C01127,Camilo Carbajal,Centro,Premium,V028,Sofía Delia Gurule Cantú,Centro,P0017,MacBook Pro M3,Laptops,11903.71,4.0,0.06,44757.95,43
VTA0082121,2022-11-29,11,2022,C00773,Dr. Abraham Sánchez,Centro,Premium,V014,Ofelia Miriam Negrón,Oeste,P0072,Huawei MatePad Pro,Tablets,20073.7,4.0,0.01,79491.85,43
VTA0082122,2022-11-01,11,2022,C02022,Marcela Concepción Terán,Norte,Regular,V046,Hermelinda Josefina Rodarte Bahena,Norte,P0068,Lenovo Tab P12,Tablets,13749.35,4.0,0.03,53347.48,21
VTA0082123,2022-11-06,11,2022,C02546,Miguel Ángel Saavedra,Centro,Ocasional,V044,Julia Esther Solorio,Centro,P0027,MacBook Air M2,Laptops,38799.35,5.0,0.18,159077.34,24
VTA0082124,2022-11-09,11,2022,C03672,Horacio Reynaldo Carrera,Oeste,ocasional,V013,Alvaro Gaona Ocasio,Sur,P0125,TV Samsung QLED 55,Hogar Inteligente,2791.9,1.0,0.04,2680.22,20
VTA0082125,2022-11-27,11,2022,C02279,Mercedes Clara Estrada Armendáriz,Centro,Regular,V017,Abraham Apodaca Colunga,Centro,P0028,Dell Inspiron 15, Accesorios,25804.04,3.0,0.18,63477.94,37
VTA0082126,2022-11-14,11,2022,C02772,Ing. Lilia Merino,Oeste,Regular,V019,Jacinto Rodrigo Salazar Rolón,Sur,P0009,Sony Xperia 1 VI,Celulares,23897.99,5.0,0.13,103956.26,24
VTA0082127,2022-11-07,11,2022,C00342,Débora Collazo,Centro,Regular,V041,Srita. Nadia Casas,Centro,P0036,Samsung Galaxy Buds2,Audio,6813.01,1.0,0.05,6472.36,43
VTA0082128,2022-11-21,11,2022,C03611,María Elena Blanco,Oeste,Premium,V022,Bernardo Lemus Caballero,Oeste,P0030,Lenovo IdeaPad 5,Laptops,45515.12,4.0,0.04,174778.06,21
VTA0082129,2022-11-04,11,2022,C04307,Benito Esteban Arroyo,Sur,Premium,V023,Fidel Negrete Domínguez,Sur,P0064,Limpiador Pantallas Kit,Accesorios,1474.13,2.0,0.03,2859.81,44
VTA0082130,2022-11-24,11,2022,C00743,Esparta Peralta Duarte,Oeste,Regular,V047,  Estela Bianca Melgar Arias  ,Oeste,P0082,Xbox Series X,Gaming,11110.12,5.0,0.04,53328.58,30
VTA0082131,2022-11-26,11,2022,C00898,Sra. Pilar de la Fuente,Oeste,Regular,V014,Ofelia Miriam Negrón,Oeste,P0100,Fujifilm X-T5,Fotografía,17334.24,2.0,0.02,33975.11,42
VTA0082132,14/11/2022,11,2022,C03958,Eugenio Vergara,Sur,Regular,V008,Irene Franco,Sur,P0056,Webcam Logitech C920,Accesorios,1897.42,4.0,0.1,6830.71,43
VTA0082133,2022-11-16,11,2022,C04707,,Centro,Premium,V021,  Cristal Valdés Maya  ,Sur,P0089,Mouse Logitech G Pro X,Gaming,6472.16,3.0,0.19,-15727.35,45
VTA0082134,2022-11-10,11,2022,C02551,Alberto Marco Antonio Saiz,Norte,Ocasional,V015,Joaquín Benavides Meza,Norte,P0002,Samsung Galaxy S24,Celulares,7712.95,4.0,0.05,29309.21,19
VTA0082135,2022-11-10,11,2022,C01704,Cristal Carrillo Vigil,Centro,Premium,V033,Jaime Gamez Maldonado,Centro,P0111,Monitor Portátil 4K,Fotografía,7021.07,1.0,0.02,6880.65,41
VTA0082136,2022-11-28,11,2022,C02771,,Norte,Regular,V009,Amanda María José Bravo,Norte,P0006,Motorola Edge 50,Celulares,8492.3,3.0,0.15,21655.36,32
VTA0082137,2022-11-16,11,2022,C00060,Amelia Flores,Oeste,Premium,V010,Sra. Guadalupe Llamas,Este,P0123,Cerradura Yale Smart,Hogar Inteligente,8530.99,5.0,0.12,37536.36,29
VTA0082138,2022-11-18,11,2022,C00922,Cristobal Maximiliano Zavala Ocasio,Norte,Regular,V002,Nelly Marrero Ortiz,Norte,P0100,Fujifilm X-T5,Fotografía,16460.01,1.0,0.15,13991.01,42
VTA0082139,2022-11-03,11,2022,C04296,Vanesa Toro Lucio,Oeste,Ocasional,V047,  Estela Bianca Melgar Arias  ,Oeste,P0073,Microsoft Surface Go 3,Tablets,10698.65,5.0,0.19,43329.53,22
VTA0082140,2022-11-25,11,2022,C01553,Rosario Delia Leyva,Sur,Ocasional,V017,Abraham Apodaca Colunga,Centro,P0107,Tarjeta SD SanDisk 256,Fotografía,11154.49,2.0,0.09,-20301.17,27
VTA0082141,2022-11-23,11,2022,C02584,Raquel Alicia Alvarez Aguilar,Centro,Ocasional,V007,Conchita Leticia Gastélum Corral,Oeste,P0097,Canon EOS R6 Mark II,Fotografía,31750.75,4.0,0.07,118112.79,38
VTA0082142,2022-11-14,11,2022,C01233,Roberto Serafín Varela Henríquez,Centro,Premium,V044,Julia Esther Solorio,Centro,P0088,Teclado Razer Huntsman,Gaming,24778.39,3.0,0.08,68388.36,44
VTA0082143,2022-11-09,11,2022,C00750,Julio Omar Guajardo,Oeste,Premium,V007,Conchita Leticia Gastélum Corral,Oeste,P0017,MacBook Pro M3,Laptops,13641.61,4.0,0.13,47472.8,43
VTA0082144,04/11/2022,11,2022,C01577,Dr. Bernardo Montañez,Oeste,Premium,V022,Bernardo Lemus Caballero,Oeste,P0096,Cooling Noctua NH-D15,Gaming,9342.65,5.0,0.14,40173.39,41
VTA0082145,2022-11-10,11,2022,C02941,Alejandra Alejandra Leyva de la Garza,Sur,premiun,V036,  Dr. Ignacio Aparicio  ,Sur,P0029,HP Pavilion 15,Laptops,8508.75,1.0,0.2,6807.0,24
VTA0082146,2022-11-08,11,2022,C02403,Guillermina Vanegas,Este,Ocasional,V010,Sra. Guadalupe Llamas,Este,P0035,Bose QC45,Audio,2921.17,,0.03,2833.53,19
VTA0082147,05/11/2022,11,2022,C00365,Rafaél Valles Archuleta,Centro,Ocasional,V028,Sofía Delia Gurule Cantú,Centro,P0107,Tarjeta SD SanDisk 256,Fotografía,11053.0,3.0,0.06,31169.46,27
VTA0082148,2022-11-16,11,2022,C03179,Ariadna Lorena Paredes Castro,Sur,ocasional,V018,Lic. Gilberto Castellanos,Sur,P0093,GPU RTX 4070 Ti,Gaming,28544.02,3.0,0.18,70218.29,29
VTA0082149,2022-11-12,11,2022,C02354,Zeferino Benjamín Aranda Ybarra,Oeste,Regular,V035,Estela Haro,Oeste,P0038,Beats Studio Pro,Audio,2270.75,4.0,0.12,7993.04,39
VTA0082150,2022-11-20,11,2022,C00589,Alberto Miguel Laureano Rosario,Este,Ocasional,V032,Nelly Barela Cardenas,Este,P0127,Router WiFi 6 Mesh,Hogar Inteligente,5717.07,5.0,0.03,27727.79,44
VTA0082151,2022-11-10,11,2022,C01260,,Sur,Ocasional,V036,  Dr. Ignacio Aparicio  ,Sur,P0127,Router WiFi 6 Mesh,Hogar Inteligente,5069.48,3.0,0.16,12775.09,44
VTA0082152,2022-11-16,11,2022,C01743,Lic. Eloy Naranjo,Sur,Premium,V025,Manuel Gerónimo Armas,Sur,P0094,RAM Corsair 32GB,tablets,16285.01,3.0,0.01,48366.48,26
VTA0082153,2022-11-13,11,2022,C02506,Caridad Raya,Centro,Regular,V003,Jacinto Rivero Valladares,Centro,P0021,ASUS ROG Zephyrus,Laptops,13308.04,1.0,0.09,12110.32,36
VTA0082154,2022-11-14,11,2022,C02720,Aldo Pascual Jáquez de la Rosa,Oeste,Ocasional,V007,Conchita Leticia Gastélum Corral,Oeste,P0122,Aspiradora Dyson V15,Hogar Inteligente,3233.4,3.0,0.17,8051.17,28
VTA0082155,2022-11-05,11,2022,C03317,Samuel Luis Campos Barrientos,Centro,Ocasional,V037,Victoria Caridad Concepción,Centro,P0047,Bose SoundLink,Audio,4362.55,2.0,0.01,8637.85,44
VTA0082156,2022-11-19,11,2022,C04481,Ing. María Eugenia Mateo,Oeste,REGULAR,V040,Karla Silvia Mireles Patiño,Oeste,P0011,iPhone 14,hogar inteligente,10935.67,,0.14,18809.35,43
VTA0082157,2022-11-15,11,2022,C03199,Araceli Hermelinda Armenta,Norte,ocasional,V014,Ofelia Miriam Negrón,Oeste,P0020,Lenovo ThinkPad X1,Laptops,23892.1,5.0,0.02,117071.29,42
VTA0082158,2022-11-14,11,2022,C02273,Francisca Marcela Sanches,Oeste,Premium,V047,  Estela Bianca Melgar Arias  ,Oeste,P0105,Tripié Joby GorillaPod,Fotografía,10346.42,2.0,0.07,19244.34,41
VTA0082159,2022-11-30,11,2022,C00334,Pascual Ramírez,Centro,premiun,V046,Hermelinda Josefina Rodarte Bahena,Norte,P0071,ASUS Zenpad 3S,Tablets,12688.5,4.0,0.03,49231.38,20
VTA0082160,08/11/2022,11,2022,C02285,Bernardo Oquendo Véliz,Sur,Ocasional,V019,Jacinto Rodrigo Salazar Rolón,Sur,P0070,Amazon Fire HD 10,celulares,15885.41,1.0,0.18,13026.04,33
VTA0082161,2022-11-02,11,2022,C04589,Elisa Soto,Este,ocasional,V005,Aldo Adán Rodrígez Galarza,Este,P0087,Headset HyperX Cloud III,Gaming,2133.31,5.0,0.08,9813.23,38
VTA0082162,2022-11-26,11,2022,C02998,Estefanía Esquibel de la Rosa,Norte,Premium,V004,Aurora Zelaya,Norte,P0001,iPhone 15 Pro,Celulares,21374.55,4.0,0.09,77803.36,37
VTA0082163,2022-11-01,11,2022,C03816,Ing. Mario Laureano,Este,Regular,V032,Nelly Barela Cardenas,Este,P0076,TCL Tab 10,Tablets,16416.51,1.0,0.16,13789.87,24
VTA0082164,2022-11-03,11,2022,C03042,,Este,Premium,V011,Clara Loera,Este,P0006,Motorola Edge 50,Celulares,8321.72,4.0,0.15,-28293.85,32
VTA0082165,2022-11-23,11,2022,C02796,María Teresa Sonia Pacheco Cano,Oeste,Regular,V022,Bernardo Lemus Caballero,Oeste,P0064,Limpiador Pantallas Kit,Accesorios,1310.4,4.0,0.07,4874.69,44
VTA0082166,15/11/2022,11,2022,C02008,Ruby Almanza,Sur,premiun,V019,Jacinto Rodrigo Salazar Rolón,Sur,P0034,AirPods Pro 2,Audio,1246.77,3.0,0.01,3702.91,27
VTA0082167,2022-11-08,11,2022,C02783,Ana Luisa Vigil,Centro,Regular,V048,Ivonne Véliz,Centro,P0033,Sony WH-1000XM5,Audio,6911.81,2.0,0.07,12855.97,25
VTA0082168,2022-11-27,11,2022,C04892,Sra. Paulina Mares,Sur,Ocasional,V018,Lic. Gilberto Castellanos,Sur,P0105,Tripié Joby GorillaPod,Fotografía,9175.9,4.0,0.05,34868.42,41
VTA0082169,2022-11-25,11,2022,C02616,Dr. Rolando Limón,Centro,Ocasional,V003,Jacinto Rivero Valladares,Centro,P0101,DJI Mavic 3 Pro, Accesorios,14554.46,3.0,0.01,43226.75,27
VTA0082170,2022-11-06,11,2022,C04025,Daniela Alta  Gracia Posada Arroyo,Oeste,ocasional,V035,Estela Haro,Oeste,P0010,Huawei Pura 70,Celulares,10117.78,2.0,0.11,18009.65,27
VTA0082171,2022-11-23,11,2022,C03835,Alvaro Martín Alba,Norte,REGULAR,V029,Francisco Ballesteros,Norte,P0110,Reflector 5en1 80cm,Fotografía,14791.4,2.0,0.11,26328.69,26
VTA0082172,11/11/2022,11,2022,C04801,Sra. Nelly Morales,Oeste,Regular,V038,Violeta Itzel Benavídez,Oeste,P0090,Control Xbox Elite 2,Gaming,28500.87,3.0,0.06,80372.45,40
VTA0082173,30/11/2022,11,2022,C00157,Mauricio Pineda,Centro,Regular,V031,  Bernabé César Salazar  ,Centro,P0066,Samsung Galaxy Tab S9,Tablets,13447.5,3.0,0.15,34291.12,24
VTA0082174,30/11/2022,11,2022,C00082,Lic. Georgina Roybal,Norte,Ocasional,V015,Joaquín Benavides Meza,Norte,P0127,Router WiFi 6 Mesh,Hogar Inteligente,5307.43,4.0,0.16,17832.96,44
VTA0082175,2022-11-27,11,2022,C02787,Aldonza Escobedo Villareal,Oeste,Ocasional,V050,José María Gustavo Beltrán,Oeste,P0061,Batería Portátil 20000,Accesorios,1786.74,1.0,0.15,1518.73,32
VTA0082176,2022-11-18,11,2022,C01796,Dra. María Eugenia Chávez,Oeste,Regular,V001,Fernando Casares Jimínez,Oeste,P0095,SSD Samsung 980 Pro,Gaming,2843.66,2.0,0.13,4947.97,28
VTA0082177,2022-11-30,11,2022,C01321,Amador Jerónimo Santana,Oeste,Premium,V050,José María Gustavo Beltrán,Oeste,P0093,GPU RTX 4070 Ti,Gaming,27529.67,3.0,0.02,80937.23,29
VTA0082178,2022-11-25,11,2022,C02686,Ing. María del Carmen Garrido,Oeste,Ocasional,V030,Gustavo Camilo Ochoa Gamboa,Oeste,P0099,Nikon Z6 III,Fotografía,26970.42,4.0,0.12,94935.88,21
VTA0082179,09/11/2022,11,2022,C03923,Nicolás Cristobal Gracia Guzmán,Oeste,REGULAR,V006,  Dr. Evelio Murillo  ,Sur,P0055,Teclado Keychron K2,Accesorios,1418.3,4.0,0.0,5673.2,28
VTA0082180,2022-11-24,11,2022,C02283,Aurelio René Carrillo,Este,Premium,V032,Nelly Barela Cardenas,Este,P0032,ASUS VivoBook 16,Laptops,10750.42,4.0,0.19,34831.36,38
VTA0082181,2022-11-09,11,2022,C04008,Felix Alejandro Hernandes Angulo,Sur,Ocasional,V024,Bernabé Guerra,Sur,P0056,Webcam Logitech C920,Accesorios,1868.87,1.0,0.15,1588.54,43
VTA0082182,2022-11-26,11,2022,C03656,  Ing. Andrés Carvajal  ,Norte,Premiun,V045,Marisela Vanesa Chapa Aranda,Norte,P0122,Aspiradora Dyson V15,Hogar Inteligente,2949.94,2.0,0.15,5014.9,28
VTA0082183,2022-11-12,11,2022,C04124,Amelia Alicia Benítez Santacruz,Sur,Premiun,V019,Jacinto Rodrigo Salazar Rolón,Sur,P0063,Pad Mouse XL Gaming,Accesorios,2084.91,5.0,0.15,8860.87,42
VTA0082184,2022-11-01,11,2022,C00111,Luis Rosas,Sur,Regular,V023,Fidel Negrete Domínguez,Sur,P0033,Sony WH-1000XM5,Audio,7001.95,3.0,0.11,18695.21,25
VTA0082185,2022-11-15,11,2022,C04187,Abel Mercado,Sur,Premium,V019,Jacinto Rodrigo Salazar Rolón,Sur,P0076,TCL Tab 10,tablets,16290.17,5.0,0.12,71676.75,24
VTA0082186,2022-11-27,11,2022,C04954,  Esther Cecilia Lozada  ,Centro,Premium,V033,Jaime Gamez Maldonado,Centro,P0060,Adaptador HDMI 4K,Accesorios,1063.33,5.0,0.18,4359.65,29
VTA0082187,2022-11-10,11,2022,C00317,Dra. Rosa Ponce,Oeste,Ocasional,V007,Conchita Leticia Gastélum Corral,Oeste,P0084,Steam Deck 512GB,audio ,10937.24,3.0,0.17,27233.73,26
VTA0082188,2022-11-16,11,2022,C00222,Dolores Godoy,Centro,Premium,V039,Sr. Modesto Guillen,Oeste,P0072,Huawei MatePad Pro,Tablets,20079.48,3.0,0.04,57828.9,43
VTA0082189,2022-11-19,11,2022,C00217,Salvador Espinoza Monroy,Sur,Regular,V017,Abraham Apodaca Colunga,Centro,P0052,Protector Pantalla S24,Accesorios,1110.43,3.0,0.14,-2864.91,31
VTA0082190,2022-11-29,11,2022,C04248,Srita. Conchita Benítez,Este,Premium,V011,Clara Loera,Este,P0099,Nikon Z6 III,Fotografía,26849.51,5.0,0.09,-122165.27,21
VTA0082191,2022-11-04,11,2022,C03869,José María Fajardo,Oeste,Ocasional,V050,José María Gustavo Beltrán,Oeste,P0003,Xiaomi 14 Pro,fotografia,24382.79,4.0,0.0,97531.16,36
VTA0082192,2022-11-06,11,2022,C02748,Rodrigo Aragón Mercado,Sur,Premium,V024,Bernabé Guerra,Sur,P0118,Termostato Nest 3,Hogar Inteligente,1569.77,5.0,0.16,6593.03,30
VTA0082193,11/11/2022,11,2022,C00307,Sara Elena Mascareñas,Sur,Premium,V034,Rufino Rivera,Sur,P0046,JBL Flip 6,Audio,2248.89,4.0,0.05,8545.78,40
VTA0082194,2022-11-30,11,2022,C04759,Karina Zoé Rubio Rivera,Este,Ocasional,V049,Ing. María Teresa Bétancourt,Este,P0111,Monitor Portátil 4K,Fotografía,7329.23,1.0,0.05,6962.77,41
VTA0082195,2022-11-06,11,2022,C01579,Arcelia Padrón Valladares,Norte,Regular,V002,Nelly Marrero Ortiz,Norte,P0058,Mochila Techpack 30L, Accesorios,871.08,5.0,0.18,3571.43,23
VTA0082196,2022-11-22,11,2022,C02700,Itzel Norma Rodríguez,Oeste,Premiun,V001,Fernando Casares Jimínez,Oeste,P0088,Teclado Razer Huntsman,Gaming,22243.45,3.0,0.07,62059.23,44
VTA0082197,2022-11-19,11,2022,C00307,Sara Elena Mascareñas,Sur,Premium,V027,Claudio Andrés Gómez Sosa,Sur,P0111,Monitor Portátil 4K,Fotografía,7336.54,1.0,0.14,6309.42,41
VTA0082198,2022-11-16,11,2022,C04693,Serafín Juan Carlos Segura Camacho,Este,Premium,V002,Nelly Marrero Ortiz,Norte,P0011,iPhone 14,Celulares,10874.65,2.0,0.18,17834.43,43
VTA0082199,2022-11-15,11,2022,C00269,René Hugo Avilés Patiño,Centro,Regular,V033,Jaime Gamez Maldonado,Centro,P0017,MacBook Pro M3,tablets,12699.47,3.0,0.15,-32383.65,43
VTA0082200,2022-11-05,11,2022,C04525,,Centro,Premium,V019,Jacinto Rodrigo Salazar Rolón,Sur,P0122,Aspiradora Dyson V15,Hogar Inteligente,2823.45,2.0,0.17,4686.93,28
VTA0082201,2022-11-24,11,2022,C02527,Sessa Castro,Centro,Premiun,V004,Aurora Zelaya,Norte,P0113,Alexa Echo Dot 5,Hogar Inteligente,11896.37,1.0,0.18,9755.02,20
VTA0082202,2022-11-15,11,2022,C04858,,Este,Premium,V011,Clara Loera,Este,P0014,Motorola G84,Celulares,6553.41,4.0,0.17,21757.32,20
VTA0082203,2022-11-23,11,2022,C03068,Dr. Adán Montero,Norte,Regular,V002,Nelly Marrero Ortiz,Norte,P0120,Timbre Ring Video Pro,Hogar Inteligente,7150.32,3.0,0.16,18018.81,21
VTA0082204,05/11/2022,11,2022,C04293,Ing. Diego Castellanos,Centro,ocasional,V029,Francisco Ballesteros,Norte,P0015,Nokia G42,Celulares,21383.5,2.0,0.19,34641.27,26
VTA0082205,12/11/2022,11,2022,C01810,Srita. María Enríquez,Sur,Ocacional,V024,Bernabé Guerra,Sur,P0031,Acer Aspire 7,Laptops,9449.83,4.0,0.01,37421.33,38
VTA0082206,08/11/2022,11,2022,C03597,,Centro,Regular,V017,Abraham Apodaca Colunga,Centro,P0060,Adaptador HDMI 4K,Accesorios,1144.17,1.0,0.18,938.22,29
VTA0082207,2022-11-02,11,2022,C02615,Sr. Cristobal Granado,Sur,Premium,V025,Manuel Gerónimo Armas,Sur,P0016,Tecno Spark 20,Celulares,13589.96,2.0,0.16,22831.13,20
VTA0082208,2022-11-15,11,2022,C00482,  Felix José Luis Colunga Morales  ,Sur,Ocasional,V025,Manuel Gerónimo Armas,Sur,P0090,Control Xbox Elite 2,Gaming,28430.31,1.0,0.15,24165.76,40
VTA0082209,22/11/2022,11,2022,C01392,  Laura Guadalupe Olmos  ,Oeste,Premium,V012,Rubén Marco Antonio Orta Ramos,Sur,P0012,Samsung A55,audio ,21323.16,1.0,0.16,17911.45,36
VTA0082210,03/11/2022,11,2022,C03016,  Aurora Hernádez Luevano  ,Sur,Regular,V034,Rufino Rivera,Sur,P0028,Dell Inspiron 15,Laptops,26957.86,4.0,0.0,107831.44,37
VTA0082211,2022-11-13,11,2022,C00166,  José Eduardo Báez Ramón  ,Norte,Ocasional,V033,Jaime Gamez Maldonado,Centro,P0084,Steam Deck 512GB,hogar inteligente,12969.48,5.0,0.14,55768.76,26
VTA0082212,2022-11-05,11,2022,C01387,Eloisa Lovato Gollum,Centro,Premium,V031,  Bernabé César Salazar  ,Centro,P0027,MacBook Air M2,Laptops,33748.37,1.0,0.16,28348.63,24
VTA0082213,28/11/2022,11,2022,C03257,  Isabela Hernandes  ,Norte,Ocasional,V042,  Srita. Sandra Escamilla  ,Norte,P0022,Acer Swift 5,Laptops,35656.85,4.0,0.04,-136922.3,41
VTA0082214,2022-11-16,11,2022,C02321,Sara Valdés Solorio,Centro,REGULAR,V048,Ivonne Véliz,Centro,P0040,Jabra Elite 85h,Audio,3193.3,2.0,0.0,6386.6,38
VTA0082215,2022-11-29,11,2022,C00411,Rufino Perales Chacón,Norte,Premium,V004,Aurora Zelaya,Norte,P0127,Router WiFi 6 Mesh,fotografia,5104.67,2.0,0.08,9392.59,44
VTA0082216,02/11/2022,11,2022,C03579,Fabiola Alvarado Figueroa,Norte,Premium,V004,Aurora Zelaya,Norte,P0036,Samsung Galaxy Buds2,Audio,6666.07,3.0,0.16,16798.5,43
VTA0082217,2022-11-16,11,2022,C02484,Jos Pedraza Arevalo,Sur,Ocasional,V036,  Dr. Ignacio Aparicio  ,Sur,P0007,Realme GT5,Celulares,16410.92,4.0,0.08,60392.19,39
VTA0082218,2022-11-21,11,2022,C02959,Ing. Linda Alvarez,Centro,ocasional,V017,Abraham Apodaca Colunga,Centro,P0061,Batería Portátil 20000,Accesorios,1933.04,1.0,0.07,1797.73,32
VTA0082219,2022-11-21,11,2022,C02549,Norma Graciela Escamilla,Sur,Premium,V023,Fidel Negrete Domínguez,Sur,P0061,Batería Portátil 20000,Accesorios,1838.49,1.0,0.14,1581.1,32
VTA0082220,2022-11-15,11,2022,C00848,Mayte Rael,Oeste,Premium,V016,Octavio Mario Rincón Marín,Norte,P0125,TV Samsung QLED 55,Hogar Inteligente,2478.04,4.0,0.06,-9317.43,20
VTA0082221,2022-11-14,11,2022,C01010,Hugo Romo,Centro,Premium,V041,Srita. Nadia Casas,Centro,P0027,MacBook Air M2,Laptops,39269.6,,0.2,94247.04,24
VTA0082222,19/11/2022,11,2022,C03069,Concepción Arredondo,Este,Regular,V011,Clara Loera,Este,P0005,OnePlus 12,Celulares,5577.73,1.0,0.18,4573.74,40
VTA0082223,2022-11-30,11,2022,C02858,  Agustín José Luis Segovia  ,Oeste,Ocasional,V040,Karla Silvia Mireles Patiño,Oeste,P0066,Samsung Galaxy Tab S9,Tablets,13014.89,4.0,0.19,42168.24,24
VTA0082224,2022-11-21,11,2022,C04463,Luis Manuel Clemente Raya,Este,Premium,V005,Aldo Adán Rodrígez Galarza,Este,P0123,Cerradura Yale Smart,Hogar Inteligente,8082.46,1.0,0.19,6546.79,29
VTA0082225,06/11/2022,11,2022,C02958,Javier Carrillo Loera,Este,Regular,V007,Conchita Leticia Gastélum Corral,Oeste,P0032,ASUS VivoBook 16,Laptops,11590.33,3.0,0.04,33380.15,38
VTA0082226,2022-11-16,11,2022,C04007,,Norte,Ocacional,V035,Estela Haro,Oeste,P0020,Lenovo ThinkPad X1,Laptops,26176.14,5.0,0.13,113866.21,42
VTA0082227,2022-11-16,11,2022,C00805,Irene Esquivel,Oeste,Ocasional,V014,Ofelia Miriam Negrón,Oeste,P0064,Limpiador Pantallas Kit,Accesorios,1454.84,5.0,0.03,7055.97,44
VTA0082228,2022-11-29,11,2022,C02944,Horacio Federico Villarreal Vela,Oeste,Premium,V039,Sr. Modesto Guillen,Oeste,P0050,Cable USB-C 2m,Accesorios,1575.01,5.0,0.09,7166.3,32
VTA0082229,13/11/2022,11,2022,C04346,Rafaél Lomeli Pérez,Centro,Ocacional,V029,Francisco Ballesteros,Norte,P0071,ASUS Zenpad 3S,Tablets,12584.34,4.0,0.01,49833.99,20
VTA0082230,2022-11-22,11,2022,C01472,Camilo Covarrubias Aranda,Centro,Regular,V017,Abraham Apodaca Colunga,Centro,P0083,Nintendo Switch OLED,Gaming,14239.02,3.0,0.08,39299.7,39
VTA0082231,2022-11-21,11,2022,C02955,Soledad Acevedo Barrientos,Este,Premium,V010,Sra. Guadalupe Llamas,Este,P0122,Aspiradora Dyson V15,Hogar Inteligente,3041.7,3.0,0.02,8942.6,28
VTA0082232,2022-11-20,11,2022,C03893,Lic. Mitzy Muro,Centro,Ocasional,V037,Victoria Caridad Concepción,Centro,P0110,Reflector 5en1 80cm,Fotografía,15139.2,4.0,0.07,56317.82,26
VTA0082233,2022-11-20,11,2022,C00112,Mateo Murillo,Oeste,Regular,V038,Violeta Itzel Benavídez,Oeste,P0030,Lenovo IdeaPad 5,Laptops,40490.56,5.0,0.09,184232.05,21
VTA0082234,2022-11-04,11,2022,C02885,Leonel Cedillo,Norte,Regular,V015,Joaquín Benavides Meza,Norte,P0111,Monitor Portátil 4K,Fotografía,6620.6,2.0,0.06,12446.73,41
VTA0082235,2022-11-04,11,2022,C03302,Sra. Delia Olmos,Norte,Ocasional,V025,Manuel Gerónimo Armas,Sur,P0049,Cargador MagSafe 30W,celulares,878.68,3.0,0.17,2187.91,37
VTA0082236,2022-11-19,11,2022,C02952,Eva Beatriz Ríos,Norte,Premium,V046,Hermelinda Josefina Rodarte Bahena,Norte,P0069,Xiaomi Pad 6 Pro,Tablets,5677.42,1.0,0.03,5507.1,37
VTA0082237,2022-11-26,11,2022,C03547,Abril Montero,Este,REGULAR,V010,Sra. Guadalupe Llamas,Este,P0094,RAM Corsair 32GB,Gaming,17306.0,3.0,0.11,46207.02,26
VTA0082238,2022-11-17,11,2022,C02578,Beatriz Alva Cornejo,Norte,Ocasional,V010,Sra. Guadalupe Llamas,Este,P0019,HP Spectre x360,Laptops,40894.31,5.0,0.14,175845.53,26
VTA0082239,2022-11-02,11,2022,C00980,Natalia Adela Segura,Norte,Regular,V042,  Srita. Sandra Escamilla  ,Norte,P0035,Bose QC45,Audio,2747.66,2.0,0.09,5000.74,19
VTA0082240,2022-11-14,11,2022,C03384,Armando Villa,Este,Regular,V010,Sra. Guadalupe Llamas,Este,P0059,Audífonos USB-C,Accesorios,1426.04,4.0,0.05,5418.95,43
VTA0082241,2022-11-03,11,2022,C03626,Patricio Claudio Trujillo Serna,Sur,Ocacional,V027,Claudio Andrés Gómez Sosa,Sur,P0125,TV Samsung QLED 55,Hogar Inteligente,2510.44,4.0,0.09,9138.0,20
VTA0082242,2022-11-27,11,2022,C02606,  Margarita Castillo  ,Oeste,Premium,V026,Ing. Elias Valdivia,Oeste,P0075,Samsung Galaxy Tab A9,Tablets,18700.17,5.0,0.12,82280.75,35
VTA0082243,2022-11-26,11,2022,C02731,Rosalia Galván Haro,Sur,Ocacional,V023,Fidel Negrete Domínguez,Sur,P0007,Realme GT5,Celulares,18171.74,1.0,0.03,17626.59,39
VTA0082244,2022-11-22,11,2022,C03421,Celia Muñoz,Centro,Premiun,V048,Ivonne Véliz,Centro,P0121,Roomba j7 Plus,gaming,6513.26,2.0,0.07,12114.66,38
VTA0082245,2022-11-18,11,2022,C00021,Lic. Cristian Yáñez,Este,Premium,V005,Aldo Adán Rodrígez Galarza,Este,P0016,Tecno Spark 20,Celulares,13574.45,5.0,0.17,56333.97,20
VTA0082246,2022-11-21,11,2022,C04627,Lic. Olivia Cortés,Norte,Ocacional,V029,Francisco Ballesteros,Norte,P0124,Sensor Movimiento Aqara,Hogar Inteligente,7888.28,2.0,0.08,14514.44,35
VTA0082247,2022-11-18,11,2022,C02458,Lic. Pilar Heredia,Norte,Regular,V045,Marisela Vanesa Chapa Aranda,Norte,P0119,Enchufe Inteligente TP,Hogar Inteligente,4464.11,1.0,0.08,-4106.98,27
VTA0082248,2022-11-22,11,2022,C02752,Juan Carlos Marín,Centro,Ocacional,V003,Jacinto Rivero Valladares,Centro,P0090,Control Xbox Elite 2,tablets,25864.65,4.0,0.04,99320.26,40
VTA0082249,2022-11-26,11,2022,C00808,Vicente Rojo Villegas,Sur,Ocasional,V013,Alvaro Gaona Ocasio,Sur,P0089,Mouse Logitech G Pro X,gaming,7430.3,1.0,0.18,6092.85,45
VTA0082250,2022-11-05,11,2022,C01939,Gabriela Hermelinda Reynoso,Este,Ocasional,V011,Clara Loera,Este,P0114,Google Nest Hub 2,Hogar Inteligente,6032.15,1.0,0.17,5006.68,45
VTA0082251,2022-11-12,11,2022,C04890,Irma Becerra,Norte,Premium,V048,Ivonne Véliz,Centro,P0029,HP Pavilion 15,Laptops,8700.21,3.0,0.15,22185.54,24
VTA0082252,2022-11-03,11,2022,C04464,Francisco Salinas,Este,Regular,V010,Sra. Guadalupe Llamas,Este,P0005,OnePlus 12,Celulares,5963.45,5.0,0.02,29220.9,40
VTA0082253,25/11/2022,11,2022,C00476,Hilda Anguiano Palacios,Oeste,Premium,V014,Ofelia Miriam Negrón,Oeste,P0053,Hub USB-C 7en1,Accesorios,462.52,2.0,0.15,786.28,20
VTA0082254,2022-11-10,11,2022,C01791,Ing. Arcelia Irizarry,Norte,Ocasional,V029,Francisco Ballesteros,Norte,P0017,MacBook Pro M3,Laptops,13285.67,5.0,0.13,57792.66,43
VTA0082255,2022-11-17,11,2022,C04748,Lic. Diana Trujillo,Este,Premium,V011,Clara Loera,Este,P0003,Xiaomi 14 Pro,Celulares,21187.88,3.0,0.17,52757.82,36
VTA0082256,2022-11-13,11,2022,C00037,Lic. Carlota Tamez,Este,Premium,V049,Ing. María Teresa Bétancourt,Este,P0004,Google Pixel 8,Celulares,5040.02,2.0,0.1,9072.04,34
VTA0082257,2022-11-23,11,2022,C00667,Horacio Olivas Rojas,Este,Regular,V013,Alvaro Gaona Ocasio,Sur,P0084,Steam Deck 512GB,Gaming,12375.95,3.0,0.16,31187.39,26
VTA0082258,12/11/2022,11,2022,C02815,Maximiliano David Aranda,Centro,Premium,V048,Ivonne Véliz,Centro,P0125,TV Samsung QLED 55,Hogar Inteligente,2645.34,5.0,0.1,11904.03,20
VTA0082259,2022-11-09,11,2022,C00815,Débora Minerva de la Torre,Oeste,Regular,V040,Karla Silvia Mireles Patiño,Oeste,P0115,Apple HomePod Mini,Hogar Inteligente,6791.55,1.0,0.11,6044.48,46
VTA0082260,2022-11-21,11,2022,C02230,Dr. Amador Domínguez,Este,Premiun,V005,Aldo Adán Rodrígez Galarza,Este,P0060,Adaptador HDMI 4K,Accesorios,1110.66,5.0,0.15,4720.3,29
VTA0082261,09/11/2022,11,2022,C00467,Francisco Flavio Martínez Rodríquez,Norte,Ocasional,V043,Homero Esquivel,Norte,P0092,Micrófono Blue Yeti,Gaming,13996.74,5.0,0.18,57386.63,47
VTA0082262,2022-11-30,11,2022,C03194,Barbara Villarreal Rodarte,Norte,Regular,V009,Amanda María José Bravo,Norte,P0003,Xiaomi 14 Pro,Celulares,24337.05,1.0,0.12,21416.6,36
VTA0082263,2022-11-10,11,2022,C01690,Javier Jaime Villegas,Centro,Premium,V006,  Dr. Evelio Murillo  ,Sur,P0046,JBL Flip 6,Audio,2374.5,2.0,0.13,4131.63,40
VTA0082264,21/11/2022,11,2022,C00267,Olivia Ortiz,Sur,Ocasional,V027,Claudio Andrés Gómez Sosa,Sur,P0122,Aspiradora Dyson V15,Hogar Inteligente,2869.38,2.0,0.04,5509.21,28
VTA0082265,2022-11-27,11,2022,C04764,Rubén Cotto Alfaro,Norte,Premium,V015,Joaquín Benavides Meza,Norte,P0087,Headset HyperX Cloud III,Gaming,2159.75,4.0,0.17,7170.37,38
VTA0082266,2022-11-09,11,2022,C00430,Alta  Gracia Crespo Toro,Este,Premium,V032,Nelly Barela Cardenas,Este,P0126,Proyector BenQ 4K,hogar inteligente,7266.51,3.0,0.05,20709.55,35
VTA0082267,2022-11-29,11,2022,C00225,  Lucía Zedillo  ,Centro,Premium,V044,Julia Esther Solorio,Centro,P0074,iPad Mini 6,Tablets,17122.2,5.0,0.06,80474.34,31
VTA0082268,2022-11-05,11,2022,C04808,Caridad Débora Espino,Centro,Ocacional,V013,Alvaro Gaona Ocasio,Sur,P0076,TCL Tab 10,Tablets,15889.45,1.0,0.08,14618.29,24
VTA0082269,2022-11-18,11,2022,C01866,Francisco Javier Eloy Peña Nieves,Oeste,Premium,V001,Fernando Casares Jimínez,Oeste,P0027,MacBook Air M2,Laptops,39004.63,4.0,0.05,148217.59,24
VTA0082270,2022-11-01,11,2022,C03197,Bernabé José Carlos Bustamante Pelayo,Norte,premiun,V046,Hermelinda Josefina Rodarte Bahena,Norte,P0009,Sony Xperia 1 VI,hogar inteligente,22685.98,4.0,0.07,84391.85,24
VTA0082271,2022-11-04,11,2022,C03308,Tomás Martín Ávila,Centro,Premium,V028,Sofía Delia Gurule Cantú,Centro,P0029,HP Pavilion 15,Laptops,9661.57,2.0,0.03,18743.45,24
VTA0082272,2022-11-02,11,2022,C03593,Eloy Jáquez,Este,Ocasional,V005,Aldo Adán Rodrígez Galarza,Este,P0059,Audífonos USB-C,Accesorios,1683.33,4.0,0.06,6329.32,43
VTA0082273,2022-11-29,11,2022,C00343,  Dr. Benjamín de la Rosa  ,Norte,ocasional,V025,Manuel Gerónimo Armas,Sur,P0117,Cámara Nest Doorbell,Hogar Inteligente,11061.57,1.0,0.08,10176.64,34
VTA0082274,2022-11-16,11,2022,C02832,Sr. Gerónimo Montes,Este,Premium,V010,Sra. Guadalupe Llamas,Este,P0040,Jabra Elite 85h,Audio,2828.05,1.0,0.13,2460.4,38
VTA0082275,2022-11-09,11,2022,C01450,Blanca Véliz,Centro,Regular,V017,Abraham Apodaca Colunga,Centro,P0047,Bose SoundLink,Audio,3989.17,2.0,0.03,7738.99,44
VTA0082276,2022-11-11,11,2022,C01568,Luz Fierro,Norte,ocasional,V016,Octavio Mario Rincón Marín,Norte,P0048,Skullcandy Crusher,Audio,3539.79,3.0,0.08,9769.82,44
VTA0082277,2022-11-07,11,2022,C01704,Cristal Carrillo Vigil,Centro,Premium,V003,Jacinto Rivero Valladares,Centro,P0022,Acer Swift 5,Laptops,31368.14,1.0,0.16,26349.24,41
VTA0082278,2022-11-10,11,2022,C04012,Sr. Benjamín Gamez,Centro,Ocasional,V002,Nelly Marrero Ortiz,Norte,P0067,iPad Air M1,Tablets,17485.35,2.0,0.09,31823.34,39
VTA0082279,2022-11-25,11,2022,C00240,Sra. Concepción Rico,Norte,REGULAR,V002,Nelly Marrero Ortiz,Norte,P0104,Flash Godox V1,Fotografía,15769.36,1.0,0.11,14034.73,40
VTA0082280,11/11/2022,11,2022,C04856,Uriel Jaime,Norte,Regular,V029,Francisco Ballesteros,Norte,P0026,MSI Prestige 16,fotografia,10359.23,5.0,0.16,43508.77,44
VTA0082281,2022-11-10,11,2022,C02376,  Jonás Oswaldo Caldera Quintana  ,Este,Ocasional,V032,Nelly Barela Cardenas,Este,P0027,MacBook Air M2,Laptops,33498.56,5.0,0.1,150743.52,24
VTA0082282,2022-11-10,11,2022,C03957,Dr. Eugenio Paz,Oeste,Regular,V010,Sra. Guadalupe Llamas,Este,P0059,Audífonos USB-C,Accesorios,1505.15,2.0,0.2,2408.24,43
VTA0082283,2022-11-23,11,2022,C02316,Ana Zamudio Preciado,Centro,ocasional,V017,Abraham Apodaca Colunga,Centro,P0103,Lente Canon RF 50mm,Fotografía,14199.22,2.0,0.14,24422.66,31
VTA0082284,2022-11-07,11,2022,C04174,Alfredo Olmos Tello,Centro,Premium,V033,Jaime Gamez Maldonado,Centro,P0113,Alexa Echo Dot 5,hogar inteligente,11519.77,2.0,0.13,20044.4,20
VTA0082285,2022-11-02,11,2022,C02268,Ing. Ilse Valverde,Centro,Premium,V028,Sofía Delia Gurule Cantú,Centro,P0122,Aspiradora Dyson V15,Hogar Inteligente,3014.95,4.0,0.12,10612.62,28
VTA0082286,2022-11-06,11,2022,C04030,Ing. Marco Antonio Bueno,Sur,Ocasional,V027,Claudio Andrés Gómez Sosa,Sur,P0105,Tripié Joby GorillaPod,Fotografía,9416.33,1.0,0.12,8286.37,41
VTA0082287,2022-11-08,11,2022,C00593,Pablo Ramón Barela Guerrero,Este,Regular,V030,Gustavo Camilo Ochoa Gamboa,Oeste,P0048,Skullcandy Crusher,Audio,3517.71,4.0,0.05,13367.3,44
VTA0082288,2022-11-07,11,2022,C04846,Srita. Emilia Lerma,Oeste,Premium,V039,Sr. Modesto Guillen,Oeste,P0041,Bang Olufsen H95,Audio,5915.53,4.0,0.07,22005.77,20
VTA0082289,2022-11-09,11,2022,C04716,Tania Rubio,Centro,Ocasional,V049,Ing. María Teresa Bétancourt,Este,P0003,Xiaomi 14 Pro,Celulares,22681.31,1.0,0.15,19279.11,36
VTA0082290,2022-11-29,11,2022,C02769,José Emilio Ernesto Posada Cardona,Oeste,Ocasional,V010,Sra. Guadalupe Llamas,Este,P0106,Mochila Lowepro Pro,Fotografía,18134.64,2.0,0.09,33005.04,40
VTA0082291,2022-11-02,11,2022,C03473,Lic. Alejandro Ojeda,Centro,Regular,V031,  Bernabé César Salazar  ,Centro,P0065,iPad Pro M2 12.9,Tablets,7977.16,3.0,0.16,20102.44,21
VTA0082292,2022-11-05,11,2022,C00202,Dr. Gerónimo Barraza,Centro,Ocasional,V041,Srita. Nadia Casas,Centro,P0075,Samsung Galaxy Tab A9,Tablets,19769.67,5.0,0.14,85009.58,35
VTA0082293,2022-11-05,11,2022,C00735,Dr. Raúl Centeno,Norte,Premium,V032,Nelly Barela Cardenas,Este,P0031,Acer Aspire 7,Laptops,8737.13,5.0,0.09,39753.94,38
VTA0082294,18/11/2022,11,2022,C04953,Araceli Noemí Cavazos,Centro,Regular,V048,Ivonne Véliz,Centro,P0076,TCL Tab 10,Tablets,17295.88,4.0,0.04,66416.18,24
VTA0082295,2022-11-10,11,2022,C03925,Gabriel Carrasco Guillen,Centro,Ocasional,V048,Ivonne Véliz,Centro,P0005,OnePlus 12,Celulares,5580.11,5.0,0.15,23715.47,40
VTA0082296,2022-11-26,11,2022,C03801,Óscar Arias,Sur,Premiun,V024,Bernabé Guerra,Sur,P0094,RAM Corsair 32GB,Gaming,16874.01,1.0,0.14,14511.65,26
VTA0082297,2022-11-30,11,2022,C03150,Linda Alejandro Almaraz,Sur,Regular,V023,Fidel Negrete Domínguez,Sur,P0052,Protector Pantalla S24,Accesorios,1089.82,3.0,0.02,3204.07,31
VTA0082298,2022-11-08,11,2022,C04674,Estela de Jesús,Este,Regular,V010,Sra. Guadalupe Llamas,Este,P0101,DJI Mavic 3 Pro,fotografia,13372.24,1.0,0.09,12168.74,27
VTA0082299,2022-11-14,11,2022,C01554,Alejandro Bañuelos,Este,Ocasional,V049,Ing. María Teresa Bétancourt,Este,P0047,Bose SoundLink,Audio,3977.92,2.0,0.18,6523.79,44
VTA0082300,2022-11-29,11,2022,C04833,Alta  Gracia Amalia Chávez,Oeste,Regular,V026,Ing. Elias Valdivia,Oeste,P0075,Samsung Galaxy Tab A9,Tablets,17733.15,1.0,0.01,17555.82,35
VTA0082301,2022-11-15,11,2022,C02432,Elisa Catalina Segura,Norte,Ocasional,V004,Aurora Zelaya,Norte,P0055,Teclado Keychron K2,Accesorios,1445.58,3.0,0.16,3642.86,28
VTA0082302,23/11/2022,11,2022,C00503,Ignacio Óliver Venegas,Este,Regular,V010,Sra. Guadalupe Llamas,Este,P0095,SSD Samsung 980 Pro,Gaming,2964.33,4.0,0.08,10908.73,28
VTA0082303,24/11/2022,11,2022,C02450,Joaquín Modesto Benavides,Este,ocasional,V005,Aldo Adán Rodrígez Galarza,Este,P0028,Dell Inspiron 15,Laptops,27545.18,3.0,0.01,81809.18,37
VTA0082304,2022-11-26,11,2022,C00403,María Eugenia Pérez,Norte,Ocasional,V043,Homero Esquivel,Norte,P0091,Capturadora Elgato 4K,Gaming,1469.3,3.0,0.11,3923.03,25
VTA0082305,27/11/2022,11,2022,C02243,Sr. Lorenzo Morales,Centro,Premium,V031,  Bernabé César Salazar  ,Centro,P0061,Batería Portátil 20000,Accesorios,1921.62,1.0,0.12,1691.03,32
VTA0082306,2022-11-05,11,2022,C04657,Felipe Carlos Rentería Páez,Centro,Ocasional,V048,Ivonne Véliz,Centro,P0034,AirPods Pro 2,Audio,1179.16,1.0,0.01,1167.37,27
VTA0082307,2022-11-16,11,2022,C03175,Gerardo Lomeli Verdugo,Oeste,REGULAR,V026,Ing. Elias Valdivia,Oeste,P0109,Filtro ND Variable,Fotografía,3173.91,3.0,0.05,9045.64,30
VTA0082308,2022-11-06,11,2022,C04894,Liliana Grijalva Aguilera,Este,ocasional,V005,Aldo Adán Rodrígez Galarza,Este,P0111,Monitor Portátil 4K,Fotografía,6681.4,4.0,0.03,25923.83,41
VTA0082309,2022-11-14,11,2022,C03236,,Norte,Regular,V016,Octavio Mario Rincón Marín,Norte,P0063,Pad Mouse XL Gaming,Accesorios,2023.39,1.0,0.11,1800.82,42
VTA0082310,2022-11-09,11,2022,C02297,Dra. Ariadna Cuellar,Este,Premium,V011,Clara Loera,Este,P0032,ASUS VivoBook 16,Laptops,10609.26,1.0,0.19,8593.5,38
VTA0082311,2022-11-06,11,2022,C01030,Timoteo Tapia Palomino,Centro,Regular,V041,Srita. Nadia Casas,Centro,P0089,Mouse Logitech G Pro X,Gaming,6282.91,1.0,0.08,5780.28,45
VTA0082312,2022-11-12,11,2022,C02757,Ing. Gerardo Ureña,Este,ocasional,V005,Aldo Adán Rodrígez Galarza,Este,P0112,Estabilizador DJI OM6,Fotografía,14697.22,,0.02,28806.55,33
VTA0082313,2022-11-09,11,2022,C04901,María del Carmen Centeno Santillán,Sur,Regular,V024,Bernabé Guerra,Sur,P0028,Dell Inspiron 15,Laptops,29529.35,4.0,0.1,106305.66,37
VTA0082314,2022-11-09,11,2022,C01234,Lorena Merino Cardenas,Norte,Regular,V022,Bernardo Lemus Caballero,Oeste,P0032,ASUS VivoBook 16,Laptops,10799.44,2.0,0.03,-20950.91,38
VTA0082315,2022-11-25,11,2022,C04069,Lic. Flavio Franco,Centro,ocasional,V028,Sofía Delia Gurule Cantú,Centro,P0082,Xbox Series X,Gaming,10705.88,3.0,0.08,29548.23,30
VTA0082316,04/11/2022,11,2022,C03598,Guillermo Urrutia Reyna,Centro,Ocasional,V031,  Bernabé César Salazar  ,Centro,P0114,Google Nest Hub 2,Hogar Inteligente,5578.66,2.0,0.12,9818.44,45
VTA0082317,2022-11-26,11,2022,C02855,Ing. Sandra Mondragón,Oeste,Regular,V035,Estela Haro,Oeste,P0046,JBL Flip 6,Audio,2534.83,4.0,0.11,9023.99,40
VTA0082318,03/11/2022,11,2022,C01857,Martha Débora Anaya Salcido,Este,Ocasional,V005,Aldo Adán Rodrígez Galarza,Este,P0044,Anker Q45,Audio,7940.08,3.0,0.07,22152.82,23
VTA0082319,2022-11-29,11,2022,C00402,,Centro,Premiun,V037,Victoria Caridad Concepción,Centro,P0020,Lenovo ThinkPad X1,Laptops,22518.76,2.0,0.06,42335.27,42
VTA0082320,2022-11-02,11,2022,C04851,Alfonso Medina Luevano,Sur,ocasional,V025,Manuel Gerónimo Armas,Sur,P0097,Canon EOS R6 Mark II,celulares,33967.75,5.0,0.01,168140.36,38
VTA0082321,2022-11-11,11,2022,C00022,Cristal Ana Burgos Colunga,Este,Ocasional,V022,Bernardo Lemus Caballero,Oeste,P0032,ASUS VivoBook 16,celulares,9888.23,5.0,0.07,45980.27,38
VTA0082322,2022-11-02,11,2022,C04259,José Eduardo Rolando Archuleta Ávila,Este,Ocasional,V049,Ing. María Teresa Bétancourt,Este,P0112,Estabilizador DJI OM6,Fotografía,14309.67,1.0,0.17,11877.03,33
VTA0082323,2022-11-24,11,2022,C00249,Claudia Dalia Collado Gallegos,Sur,Ocasional,V036,  Dr. Ignacio Aparicio  ,Sur,P0064,Limpiador Pantallas Kit,Accesorios,1348.63,3.0,0.17,3358.09,44
VTA0082324,2022-11-25,11,2022,C01665,Ing. Guillermo Velasco,Centro,Regular,V028,Sofía Delia Gurule Cantú,Centro,P0052,Protector Pantalla S24,Accesorios,1036.93,2.0,0.11,1845.74,31
VTA0082325,2022-11-02,11,2022,C01282,  Arcelia Ozuna Samaniego  ,Centro,REGULAR,V031,  Bernabé César Salazar  ,Centro,P0053,Hub USB-C 7en1,Accesorios,425.62,2.0,0.05,808.68,20
VTA0082326,29/11/2022,11,2022,C01090,Luz Camacho,Centro,Regular,V033,Jaime Gamez Maldonado,Centro,P0056,Webcam Logitech C920,Accesorios,1923.25,4.0,0.05,7308.35,43
VTA0082327,2022-11-10,11,2022,C04190,,Este,Regular,V049,Ing. María Teresa Bétancourt,Este,P0038,Beats Studio Pro,Audio,2455.86,1.0,0.18,2013.81,39
VTA0082328,2022-11-19,11,2022,C02256,Silvia Garrido,Sur,Ocasional,V008,Irene Franco,Sur,P0059,Audífonos USB-C,Accesorios,1614.39,3.0,0.03,4697.87,43
VTA0082329,09/11/2022,11,2022,C04324,Julio César Ozuna Casas,Sur,Regular,V032,Nelly Barela Cardenas,Este,P0096,Cooling Noctua NH-D15,Gaming,10545.31,4.0,0.13,36697.68,41
VTA0082330,2022-11-05,11,2022,C02814,José Hugo Valadez Candelaria,Norte,premiun,V002,Nelly Marrero Ortiz,Norte,P0010,Huawei Pura 70,Celulares,10427.58,4.0,0.17,34619.57,27
VTA0082331,2022-11-17,11,2022,C03332,Sr. Andrés Armendáriz,Este,Ocasional,V010,Sra. Guadalupe Llamas,Este,P0068,Lenovo Tab P12,Tablets,14710.79,4.0,0.13,51193.55,21
VTA0082332,2022-11-09,11,2022,C02813,Graciela Saiz Ceja,Oeste,Premium,V001,Fernando Casares Jimínez,Oeste,P0046,JBL Flip 6,Audio,2308.74,5.0,0.06,10851.08,40
VTA0082333,2022-11-11,11,2022,C03300,Alonso Serafín Viera Aguilar,Centro,Ocacional,V048,Ivonne Véliz,Centro,P0017,MacBook Pro M3,Laptops,12249.38,3.0,0.04,35278.21,43
VTA0082334,2022-11-26,11,2022,C00169,Dolores Gaytán,Este,Ocasional,V010,Sra. Guadalupe Llamas,Este,P0120,Timbre Ring Video Pro,Hogar Inteligente,8340.24,2.0,0.02,16346.87,21
VTA0082335,2022-11-18,11,2022,C02041,Úrsula Adela Arreola Zúñiga,Este,Ocasional,V011,Clara Loera,Este,P0047,Bose SoundLink,Audio,4063.84,3.0,0.08,11216.2,44
VTA0082336,2022-11-19,11,2022,C02587,Ana Sauceda,Sur,Ocasional,V012,Rubén Marco Antonio Orta Ramos,Sur,P0117,Cámara Nest Doorbell,Hogar Inteligente,9783.97,1.0,0.13,8512.05,34
VTA0082337,2022-11-06,11,2022,C03535,Gregorio Hernán Roldán,Oeste,Premium,V001,Fernando Casares Jimínez,Oeste,P0127,Router WiFi 6 Mesh,LAPTOPS,4736.07,3.0,0.17,11792.81,44
VTA0082338,2022-11-26,11,2022,C00460,Elsa Ana Ordóñez,Oeste,Premium,V035,Estela Haro,Oeste,P0008,OPPO Find X7,Celulares,22881.69,2.0,0.0,45763.38,26
VTA0082339,2022-11-22,11,2022,C00106,Ing. Elias Ríos,Oeste,Regular,V039,Sr. Modesto Guillen,Oeste,P0011,iPhone 14,Celulares,10350.58,4.0,0.09,37676.11,43
VTA0082340,2022-11-13,11,2022,C01950,Alvaro Rascón,Este,Premium,V011,Clara Loera,Este,P0052,Protector Pantalla S24,Accesorios,1252.2,2.0,0.14,2153.78,31
VTA0082341,2022-11-24,11,2022,C00459,Abril Linda Holguín,Centro,Ocasional,V048,Ivonne Véliz,Centro,P0126,Proyector BenQ 4K,Hogar Inteligente,7139.39,3.0,0.07,19918.9,35
VTA0082342,2022-11-22,11,2022,C01197,Leonel Ramos,Centro,Regular,V037,Victoria Caridad Concepción,Centro,P0046,JBL Flip 6,Audio,2341.49,5.0,0.08,10770.85,40
VTA0082343,2022-11-21,11,2022,C01395,Lic. Bernabé Roque,Norte,Regular,V009,Amanda María José Bravo,Norte,P0126,Proyector BenQ 4K,Hogar Inteligente,8221.05,5.0,0.08,37816.83,35
VTA0082344,2022-11-05,11,2022,C01954,Julio Horacio Meraz Santiago,Oeste,Ocasional,V030,Gustavo Camilo Ochoa Gamboa,Oeste,P0101,DJI Mavic 3 Pro,Fotografía,14409.47,5.0,0.17,59799.3,27
VTA0082345,2022-11-18,11,2022,C01896,Lorenzo Iván Quiñones,Este,Regular,V010,Sra. Guadalupe Llamas,Este,P0054,Mouse Logitech MX Master, Accesorios,1435.37,2.0,0.08,2641.08,25
VTA0082346,2022-11-25,11,2022,C02289,Dr. Federico Núñez,Norte,ocasional,V045,Marisela Vanesa Chapa Aranda,Norte,P0114,Google Nest Hub 2,Hogar Inteligente,5805.55,3.0,0.15,14804.15,45
VTA0082347,2022-11-29,11,2022,C00837,Anel María José Acosta Narváez,Oeste,Premium,V001,Fernando Casares Jimínez,Oeste,P0005,OnePlus 12,Celulares,5736.75,5.0,0.16,24094.35,40
VTA0082348,2022-11-16,11,2022,C04740,Elvira Córdova Carreón,Centro,Ocasional,V028,Sofía Delia Gurule Cantú,Centro,P0094,RAM Corsair 32GB,Gaming,17390.8,1.0,0.16,14608.27,26
VTA0082349,2022-11-08,11,2022,C00202,Dr. Gerónimo Barraza,Centro,Ocasional,V044,Julia Esther Solorio,Centro,P0001,iPhone 15 Pro,Celulares,19255.39,4.0,0.18,63157.68,37
VTA0082350,2022-11-11,11,2022,C04153,  Rebeca Ulibarri Rentería  ,Oeste,Regular,V026,Ing. Elias Valdivia,Oeste,P0110,Reflector 5en1 80cm,Fotografía,16305.02,3.0,0.19,39621.2,26
VTA0082351,2022-11-20,11,2022,C01620,,Sur,Ocasional,V012,Rubén Marco Antonio Orta Ramos,Sur,P0057,Soporte Laptop Adjustable,Accesorios,511.22,2.0,0.09,930.42,39
VTA0082352,28/11/2022,11,2022,C04513,Ing. Aldo Rincón,Oeste,REGULAR,V038,Violeta Itzel Benavídez,Oeste,P0060,Adaptador HDMI 4K,Accesorios,983.91,5.0,0.07,4575.18,29
VTA0082353,2022-11-06,11,2022,C04930,Marisela Macías,Norte,Ocasional,V016,Octavio Mario Rincón Marín,Norte,P0027,MacBook Air M2, Accesorios,37198.17,3.0,0.09,101551.0,24
VTA0082354,2022-11-06,11,2022,C04726,Ing. Adalberto Madera,Norte,Regular,V042,  Srita. Sandra Escamilla  ,Norte,P0094,RAM Corsair 32GB,Gaming,18557.98,5.0,0.07,86294.61,26
VTA0082355,2022-11-25,11,2022,C00414,Cristian Benjamín Corrales Peña,Este,Regular,V011,Clara Loera,Este,P0097,Canon EOS R6 Mark II,Fotografía,33430.11,3.0,0.14,86249.68,38
VTA0082356,2022-11-24,11,2022,C00862,Manuel Hernán Saldivar,Oeste,Ocasional,V047,  Estela Bianca Melgar Arias  ,Oeste,P0037,JBL Charge 5,Audio,8255.39,2.0,0.11,14694.59,21
VTA0082357,2022-11-21,11,2022,C03049,Mariano Cavazos,Sur,Ocasional,V011,Clara Loera,Este,P0117,Cámara Nest Doorbell,Hogar Inteligente,11658.69,3.0,0.02,34276.55,34
VTA0082358,2022-11-07,11,2022,C02426,Alejandro Rodrigo Olmos Berríos,Centro,Regular,V021,  Cristal Valdés Maya  ,Sur,P0045,Marshall Emberton III,Audio,8089.18,3.0,0.15,20627.41,22
VTA0082359,19/11/2022,11,2022,C01050,  Omar Niño  ,Sur,Ocasional,V020,Dr. Arturo Angulo,Sur,P0095,SSD Samsung 980 Pro,Gaming,3097.61,2.0,0.18,5080.08,28
VTA0082360,2022-11-20,11,2022,C03993,Sra. Leonor Arreola,Sur,Premium,V022,Bernardo Lemus Caballero,Oeste,P0118,Termostato Nest 3,Hogar Inteligente,1356.25,2.0,0.19,2197.12,30
VTA0082361,2022-11-21,11,2022,C04176,Esperanza Valdés Meraz,Centro,Ocasional,V033,Jaime Gamez Maldonado,Centro,P0022,Acer Swift 5,Laptops,34220.65,5.0,0.04,164259.12,41
VTA0082362,2022-11-28,11,2022,C00465,Sr. Wilfrido Olivárez,Centro,Premium,V033,Jaime Gamez Maldonado,Centro,P0068,Lenovo Tab P12,Tablets,14639.2,2.0,0.14,25179.42,21
VTA0082363,2022-11-10,11,2022,C00014,María Luisa Niño,Norte,Ocasional,V042,  Srita. Sandra Escamilla  ,Norte,P0019,HP Spectre x360,Laptops,35968.37,4.0,0.17,119414.99,26
VTA0082364,2022-11-08,11,2022,C03132,Frida Carmen Paredes Ybarra,Este,REGULAR,V026,Ing. Elias Valdivia,Oeste,P0109,Filtro ND Variable,Fotografía,3148.1,5.0,0.2,12592.4,30
VTA0082365,29/11/2022,11,2022,C00717,  Luis Manuel Leonardo Grijalva Zayas  ,Norte,Regular,V015,Joaquín Benavides Meza,Norte,P0060,Adaptador HDMI 4K,Accesorios,1059.04,5.0,0.03,5136.34,29
VTA0082366,2022-11-22,11,2022,C02215,  Lic. Eric Arriaga  ,Norte,Ocasional,V043,Homero Esquivel,Norte,P0030,Lenovo IdeaPad 5,Laptops,38615.03,4.0,0.15,131291.1,21
VTA0082367,2022-11-15,11,2022,C04446,,Sur,Regular,V008,Irene Franco,Sur,P0025,Razer Blade 15,gaming,26082.96,3.0,0.17,64946.57,44
VTA0082368,01/11/2022,11,2022,C03287,Martín Bernabé Valle Polanco,Centro,Premium,V041,Srita. Nadia Casas,Centro,P0052,Protector Pantalla S24,Accesorios,1062.52,1.0,0.06,998.77,31
VTA0082369,23/11/2022,11,2022,C03870,  Homero Berríos  ,Oeste,premiun,V035,Estela Haro,Oeste,P0118,Termostato Nest 3,Hogar Inteligente,1360.02,1.0,0.16,1142.42,30
VTA0082370,2022-11-08,11,2022,C00882,Mauricio Escobar,Centro,Ocasional,V044,Julia Esther Solorio,Centro,P0077,Blackview Tab 16,Tablets,10368.61,2.0,0.14,17834.01,21
VTA0082371,06/11/2022,11,2022,C01130,Jorge Luis Villaseñor Dávila,Sur,Regular,V024,Bernabé Guerra,Sur,P0026,MSI Prestige 16,Laptops,9364.15,5.0,0.09,42606.88,44
VTA0082372,2022-11-04,11,2022,C02735,Srita. Rosario Balderas,Sur,Regular,V018,Lic. Gilberto Castellanos,Sur,P0031,Acer Aspire 7,audio ,9065.38,2.0,0.15,15411.15,38
VTA0082373,2022-11-15,11,2022,C03004,Lic. Aldonza Blanco,Norte,Ocasional,V016,Octavio Mario Rincón Marín,Norte,P0062,Reloj Smartwatch Band,Accesorios,1285.89,2.0,0.14,2211.73,38
VTA0082374,2022-11-21,11,2022,C02274,Sr. Reynaldo Lomeli,Oeste,Regular,V022,Bernardo Lemus Caballero,Oeste,P0041,Bang Olufsen H95,Audio,5804.75,3.0,0.18,14279.69,20
VTA0082375,2022-11-22,11,2022,C02512,Estela Ofelia Herrera,Centro,Premium,V003,Jacinto Rivero Valladares,Centro,P0077,Blackview Tab 16,hogar inteligente,9595.32,5.0,0.07,44618.24,21
VTA0082376,2022-11-23,11,2022,C02041,Úrsula Adela Arreola Zúñiga,Este,Ocasional,V041,Srita. Nadia Casas,Centro,P0118,Termostato Nest 3,Hogar Inteligente,1415.24,4.0,0.12,4981.64,30
VTA0082377,2022-11-05,11,2022,C04564,Helena Ballesteros,Sur,Premium,V020,Dr. Arturo Angulo,Sur,P0085,Monitor LG 27GP950,Gaming,16889.02,4.0,0.16,56747.11,43
VTA0082378,19/11/2022,11,2022,C01739,  Lic. Cynthia Alejandro  ,Sur,Regular,V006,  Dr. Evelio Murillo  ,Sur,P0067,iPad Air M1,celulares,14780.75,3.0,0.08,40794.87,39
VTA0082379,12/11/2022,11,2022,C01972,Amanda Concepción del Valle Ayala,Sur,Regular,V025,Manuel Gerónimo Armas,Sur,P0126,Proyector BenQ 4K,Hogar Inteligente,7438.81,3.0,0.05,21200.61,35
VTA0082380,2022-11-12,11,2022,C02599,Olivia Alcala,Oeste,Premium,V047,  Estela Bianca Melgar Arias  ,Oeste,P0085,Monitor LG 27GP950,Gaming,19529.33,1.0,0.15,16599.93,43
VTA0082381,2022-11-27,11,2022,C04893,Renato Alcántar,Oeste,Ocasional,V007,Conchita Leticia Gastélum Corral,Oeste,P0035,Bose QC45,hogar inteligente,2483.8,2.0,0.0,4967.6,19
VTA0082382,2022-11-08,11,2022,C00502,  Nadia María Cristina Niño  ,Sur,Premium,V008,Irene Franco,Sur,P0040,Jabra Elite 85h,Audio,2772.74,2.0,0.19,4491.84,38
VTA0082383,2022-11-08,11,2022,C00741,Héctor Lara,Este,Regular,V011,Clara Loera,Este,P0118,Termostato Nest 3,Hogar Inteligente,1335.24,4.0,0.06,-5020.5,30
VTA0082384,2022-11-22,11,2022,C02124,Bernabé Vaca,Oeste,Regular,V039,Sr. Modesto Guillen,Oeste,P0015,Nokia G42,Celulares,18084.48,3.0,0.08,49913.16,26
VTA0082385,2022-11-04,11,2022,C00039,Luisa Tirado,Este,Ocasional,V032,Nelly Barela Cardenas,Este,P0056,Webcam Logitech C920,Accesorios,1885.32,3.0,0.09,5146.92,43
VTA0082386,18/11/2022,11,2022,C02793,Israel Santacruz Zamora,Oeste,premiun,V001,Fernando Casares Jimínez,Oeste,P0101,DJI Mavic 3 Pro,Fotografía,14912.38,4.0,0.16,50105.6,27
VTA0082387,2022-11-07,11,2022,C04551,Dr. Sergio Cavazos,Norte,Premium,V012,Rubén Marco Antonio Orta Ramos,Sur,P0003,Xiaomi 14 Pro,Celulares,23189.72,5.0,0.06,108991.68,36
VTA0082388,2022-11-05,11,2022,C01291,Adriana Ana María Cervántez Domínguez,Norte,Ocasional,V042,  Srita. Sandra Escamilla  ,Norte,P0127,Router WiFi 6 Mesh,Hogar Inteligente,4989.3,1.0,0.12,4390.58,44
VTA0082389,2022-11-30,11,2022,C02012,Elvira Casares Navarro,Este,Premium,V049,Ing. María Teresa Bétancourt,Este,P0077,Blackview Tab 16,Tablets,9812.47,2.0,0.06,18447.44,21
VTA0082390,2022-11-06,11,2022,C04633,  Sergio Madrigal Bustamante  ,Oeste,Ocasional,V040,Karla Silvia Mireles Patiño,Oeste,P0007,Realme GT5,Celulares,19435.14,3.0,0.12,51308.77,39
VTA0082391,2022-11-30,11,2022,C04923,José Manuél Concepción Mares,Este,REGULAR,V005,Aldo Adán Rodrígez Galarza,Este,P0008,OPPO Find X7,fotografia,19816.6,5.0,0.03,96110.51,26
VTA0082392,2022-11-16,11,2022,C00399,,Este,Premiun,V010,Sra. Guadalupe Llamas,Este,P0012,Samsung A55,Celulares,18512.81,2.0,0.15,31471.78,36
VTA0082393,2022-11-30,11,2022,C04656,Lic. Felix Camarillo,Oeste,Ocasional,V030,Gustavo Camilo Ochoa Gamboa,Oeste,P0072,Huawei MatePad Pro,Tablets,19405.41,1.0,0.19,15718.38,43
VTA0082394,2022-11-28,11,2022,C02563,Magdalena Fabiola Rosado,Oeste,Ocasional,V047,  Estela Bianca Melgar Arias  ,Oeste,P0083,Nintendo Switch OLED,Gaming,14873.67,5.0,0.09,67675.2,39
VTA0082395,2022-11-08,11,2022,C01531,Beatriz Berta Pizarro Pelayo,Oeste,Ocasional,V026,Ing. Elias Valdivia,Oeste,P0111,Monitor Portátil 4K,Fotografía,6448.92,4.0,0.04,24763.85,41
VTA0082396,2022-11-12,11,2022,C00726,Sr. Lorenzo Aparicio,Este,Premium,V022,Bernardo Lemus Caballero,Oeste,P0061,Batería Portátil 20000,Accesorios,1936.02,5.0,0.03,9389.7,32
VTA0082397,2022-11-16,11,2022,C00769,,Oeste,ocasional,V022,Bernardo Lemus Caballero,Oeste,P0101,DJI Mavic 3 Pro,Fotografía,15852.95,1.0,0.14,13633.54,27
VTA0082398,2022-11-28,11,2022,C02033,Paola Romero Loya,Norte,Premium,V043,Homero Esquivel,Norte,P0021,ASUS ROG Zephyrus,Laptops,13013.01,1.0,0.06,12232.23,36
VTA0082399,2022-11-17,11,2022,C02114,Marcos Octavio Meza Gaytán,Este,Premium,V032,Nelly Barela Cardenas,Este,P0088,Teclado Razer Huntsman,Gaming,22837.79,2.0,0.17,37910.73,44
VTA0082400,2022-11-19,11,2022,C02213,María del Carmen Alarcón,Sur,Ocasional,V002,Nelly Marrero Ortiz,Norte,P0030,Lenovo IdeaPad 5,Laptops,42554.02,1.0,0.14,36596.46,21
VTA0082401,2022-11-11,11,2022,C04301,Srita. Marisela Villarreal,Centro,ocasional,V028,Sofía Delia Gurule Cantú,Centro,P0021,ASUS ROG Zephyrus,Laptops,13064.37,4.0,0.17,43373.71,36
VTA0082402,01/11/2022,11,2022,C01266,Marco Antonio Luis Carrasco Martínez,Centro,Ocasional,V003,Jacinto Rivero Valladares,Centro,P0030,Lenovo IdeaPad 5,Laptops,40661.47,5.0,0.03,197208.13,21
VTA0082403,2022-11-02,11,2022,C02575,  Dra. Claudia Quintanilla  ,Sur,Ocasional,V008,Irene Franco,Sur,P0085,Monitor LG 27GP950,Gaming,16427.93,5.0,0.13,71461.5,43
VTA0082404,2022-11-01,11,2022,C02050,Socorro Margarita Reyna,Centro,Premium,V031,  Bernabé César Salazar  ,Centro,P0055,Teclado Keychron K2,Accesorios,1321.05,3.0,0.06,3725.36,28
VTA0082405,2022-11-16,11,2022,C00622,Lic. Luis Manuel Rendón,Este,REGULAR,V010,Sra. Guadalupe Llamas,Este,P0053,Hub USB-C 7en1,Accesorios,425.57,3.0,0.07,1187.34,20
VTA0082406,2022-11-29,11,2022,C03318,Lucía Maya,Centro,Regular,V026,Ing. Elias Valdivia,Oeste,P0112,Estabilizador DJI OM6,Fotografía,16381.5,5.0,0.14,70440.45,33
VTA0082407,2022-11-21,11,2022,C03409,Dr. Timoteo Chacón,Centro,Ocasional,V048,Ivonne Véliz,Centro,P0105,Tripié Joby GorillaPod,Fotografía,9984.87,1.0,0.16,-8387.29,41
VTA0082408,2022-11-28,11,2022,C04063,Lic. Vanesa de León,Norte,Regular,V016,Octavio Mario Rincón Marín,Norte,P0050,Cable USB-C 2m,Accesorios,1565.43,4.0,0.0,6261.72,32
VTA0082409,2022-11-17,11,2022,C04722,Gerónimo Zapata Briones,Norte,Ocasional,V005,Aldo Adán Rodrígez Galarza,Este,P0005,OnePlus 12,Celulares,5617.67,3.0,0.11,14999.18,40
VTA0082410,2022-11-03,11,2022,C02267,Javier Mario Vélez Sanches,Sur,Ocasional,V034,Rufino Rivera,Sur,P0014,Motorola G84,Celulares,6401.17,1.0,0.11,5697.04,20
VTA0082411,2022-11-13,11,2022,C01878,  Lic. Horacio Bonilla  ,Norte,Regular,V045,Marisela Vanesa Chapa Aranda,Norte,P0081,PlayStation 5,Gaming,10245.95,2.0,0.12,18032.87,46
VTA0082412,2022-11-09,11,2022,C04102,  Caridad Perla Santacruz  ,Sur,Premium,V027,Claudio Andrés Gómez Sosa,Sur,P0011,iPhone 14,Celulares,10394.41,2.0,0.06,19541.49,43
VTA0082413,2022-11-25,11,2022,C03088,Teresa Lozada,Este,Premium,V049,Ing. María Teresa Bétancourt,Este,P0064,Limpiador Pantallas Kit,Accesorios,1338.89,1.0,0.03,1298.72,44
VTA0082414,2022-11-05,11,2022,C04571,Mónica Amelia Santana Rosales,Oeste,Ocasional,V038,Violeta Itzel Benavídez,Oeste,P0027,MacBook Air M2,Laptops,38671.84,1.0,0.04,37124.97,24
VTA0082415,2022-11-05,11,2022,C01786,Lic. Carolina Sáenz,Sur,Regular,V034,Rufino Rivera,Sur,P0010,Huawei Pura 70,Celulares,9844.52,3.0,0.08,27170.88,27
VTA0082416,2022-11-08,11,2022,C04924,Alfredo Alejandro Bahena,Norte,ocasional,V012,Rubén Marco Antonio Orta Ramos,Sur,P0013,Xiaomi Redmi Note 13,tablets,12046.24,1.0,0.01,11925.78,30
VTA0082417,2022-11-26,11,2022,C02137,Micaela Munguía,Centro,Ocasional,V048,Ivonne Véliz,Centro,P0042,Audio Technica ATH,Audio,6944.97,1.0,0.04,6667.17,31
VTA0082418,2022-11-27,11,2022,C04602,  Dr. Eugenio Tamayo  ,Norte,Premium,V045,Marisela Vanesa Chapa Aranda,Norte,P0064,Limpiador Pantallas Kit,hogar inteligente,1475.59,5.0,0.15,6271.26,44
VTA0082419,13/11/2022,11,2022,C01886,Abigail Marisol Aragón,Sur,premiun,V024,Bernabé Guerra,Sur,P0070,Amazon Fire HD 10,Tablets,16209.88,2.0,0.12,28529.39,33
VTA0082420,2022-11-04,11,2022,C00505,  Diego Calderón Godínez  ,Norte,Premiun,V015,Joaquín Benavides Meza,Norte,P0030,Lenovo IdeaPad 5,Laptops,39696.52,4.0,0.11,141319.61,21
VTA0082421,2022-11-26,11,2022,C01748,  Tomás Tomás Pantoja Olivera  ,Centro,ocasional,V036,  Dr. Ignacio Aparicio  ,Sur,P0055,Teclado Keychron K2,Accesorios,1292.77,5.0,0.2,5171.08,28
VTA0082422,2022-11-17,11,2022,C02705,Paola Guerrero Segovia,Sur,Regular,V012,Rubén Marco Antonio Orta Ramos,Sur,P0024,LG Gram 17,Laptops,41399.75,5.0,0.15,-175948.94,26
VTA0082423,2022-11-21,11,2022,C01683,Cristobal Gracia,Oeste,Ocasional,V022,Bernardo Lemus Caballero,Oeste,P0058,Mochila Techpack 30L,Accesorios,830.65,1.0,0.04,797.42,23
VTA0082424,2022-11-17,11,2022,C02835,,Oeste,Ocasional,V001,Fernando Casares Jimínez,Oeste,P0128,Panel Solar Portátil,tablets,3562.93,3.0,0.03,10368.13,39
VTA0082425,2022-11-23,11,2022,C00255,Joaquín Augusto Guzmán Lerma,Oeste,Premium,V014,Ofelia Miriam Negrón,Oeste,P0003,Xiaomi 14 Pro,Celulares,20870.36,5.0,0.05,99134.21,36
VTA0082426,2022-11-08,11,2022,C02723,Violeta Toledo Cortés,Oeste,Premium,V001,Fernando Casares Jimínez,Oeste,P0062,Reloj Smartwatch Band,Accesorios,1387.3,4.0,0.17,4605.84,38
VTA0082427,2022-11-15,11,2022,C04037,Claudio Grijalva Esquivel,Oeste,Regular,V001,Fernando Casares Jimínez,Oeste,P0111,Monitor Portátil 4K,Fotografía,7412.54,1.0,0.05,7041.91,41
VTA0082428,13/11/2022,11,2022,C00178,Leonardo Alcala,Sur,Ocasional,V034,Rufino Rivera,Sur,P0070,Amazon Fire HD 10,Tablets,17440.84,3.0,0.02,51276.07,33
